Code/MW_40/2160/MW_40_2160_140/2.9_40_2160_moho_undulation.grd
DSAA
181 201
-5400000.0 5400000.0
-6000000.0 6000000.0
-122227.448380695 -0.0
[rows 140 to 167 of 201, columns 64 to 127 of 181]
-80956.2 -81890.8 -83006.3 -84194.3 -85439.5 -86957.3 -88764 -90698.8 -92444.3 -94159.5 -95965.2 -97983 -99904.6 -101476 -102302 -101905 -101177 -100679 -100601 -101195 -102051 -102273 -101403 -99903.3 -97978.6 -95560.5 -93290 -91136 -89124.7 -86761.4 -84655.9 -83250.9 -82862.2 -83243.6 -82450.2 -83576 -83600 -83709.6 -84206.6 -85833.9 -86777.7 -87265.3 -87270.6 -87676.4 -88648.4 -89907.8 -91062.6 -92060.2 -92877.9 -93431.7 -94345.3 -94200.4 -93256.1 -92188 -91359.7 -90382.4 -88976.6 -87404 -86044.2 -85207.2 -84717 -84140.3 -83165.2 -81904.8
-80410.3 -81457.3 -82660.8 -83937.3 -85226.2 -86713.7 -88434.5 -90196.4 -91866.7 -93600.4 -95377.6 -97433 -99458.4 -101141 -102196 -102175 -101793 -101492 -101601 -102165 -102479 -102146 -100832 -99065.4 -97138 -94640.3 -92354.6 -90297.7 -88456.9 -86449.6 -84625.1 -83487.2 -83328.5 -83805.5 -84278.2 -84164.1 -84055.7 -84188.3 -84277.9 -85855.3 -86523.1 -87510.6 -87719.4 -87957.7 -88585.6 -89641.3 -90723.6 -91640.9 -92408.5 -93045.2 -93866.1 -93636.2 -92714.9 -91829.8 -91301.5 -90540.2 -89481 -87943.3 -86443.4 -85380 -84741.8 -84208 -83405.1 -82488.4
-80083.8 -81064.8 -82192.7 -83434.6 -84909.6 -86382.1 -87901.2 -89538.7 -91062 -92593.6 -94408.8 -96427 -98678 -100366 -101658 -102246 -102528 -102535 -102744 -102956 -102676 -101724 -100108 -98069.9 -95645.5 -93083.2 -90753.7 -88845.5 -87203.3 -85768.9 -84562.1 -83830.1 -83983 -84507 -84991.2 -84411.2 -83828.9 -83700.4 -84479.9 -85167.7 -86255.9 -87761.8 -88135.2 -88165.3 -88719.6 -89647.8 -90690.9 -91516.2 -91898.1 -92351.1 -93121.6 -93181.6 -92362 -91706.9 -91082.1 -90666.9 -89711.3 -88200.1 -86589.3 -85277.4 -84402.7 -83802.8 -83241.3 -82652.9
-79524.4 -80361.7 -81401.6 -82644.5 -84139.9 -85734.6 -87148.4 -88536.5 -89965.7 -91453.9 -93258.1 -95412.3 -97652.7 -99498.7 -100556 -101547 -102412 -102901 -103067 -102917 -102112 -100861 -99089.4 -96473.1 -93589.3 -91171.3 -89004.9 -87341.3 -86005.8 -84934.6 -84237.6 -84060 -84353.4 -84684.5 -84593.8 -83966.7 -83217.4 -82962 -83776.1 -84705 -85612.5 -88109.2 -88592.5 -88894.8 -88810.1 -89541 -90626.1 -91513.1 -91988.9 -92270.2 -92057.6 -92100.8 -91564.9 -91122.8 -90922.6 -90682.3 -89675.2 -88280.7 -86670.4 -85149.3 -83982.1 -83214.5 -82732.9 -82385.5
-78773.5 -79477.3 -80435.5 -81680.5 -83203.5 -84922.4 -86473.9 -87651.5 -88879.5 -90346.8 -91883.1 -94011.2 -96193.8 -98232.6 -99651 -100365 -101373 -101826 -102070 -101836 -101001 -99621.3 -97246.5 -94297.8 -91702.6 -89412.5 -87626.3 -86355.2 -85261.5 -84447.5 -83990.2 -83896.5 -83972.6 -83800.7 -83032.7 -81798.4 -80728.6 -80607.9 -81780.8 -83906.9 -85059.8 -87317.4 -89033.4 -89312.6 -90042.3 -90985.3 -91623.7 -92131.3 -92057.8 -91454 -91228.7 -91144 -90834.8 -90989 -90696.6 -90092.8 -89246.8 -88103.9 -86677 -85141.6 -83774.8 -82783.2 -82197.6 -81873.3
-78137.3 -78741.2 -79593.2 -80753.1 -82192 -83787.1 -85381.7 -86602.4 -87720.8 -89017 -90409.1 -92305 -94363.1 -96415.5 -97951.5 -99060.2 -100084 -100370 -100554 -100213 -99271.9 -97574.5 -94976.1 -92248.3 -89951.8 -88073 -86824.5 -85927.6 -85053 -84333.7 -83865.5 -83606.3 -83326.8 -82621.3 -81239.6 -79537.8 -78284.9 -78280.3 -79814.4 -82422.6 -84303.1 -87635.2 -88810.9 -90267.5 -91519.6 -91722.3 -91900.3 -91988.9 -91345.2 -90302.6 -89907.7 -89917.1 -90068.5 -89902.5 -89435.1 -88823.2 -88174.8 -87409.1 -86377 -85082.8 -83753.5 -82642.2 -81902 -81435.1
-77646.3 -78170.1 -78895.3 -79889.7 -81147.7 -82549.1 -83934.6 -85314.6 -86661.5 -87784.4 -88974.2 -90499.2 -92288.7 -94241.3 -96038 -97286.7 -98033.1 -98230.2 -98299.2 -97931 -96804 -94973.6 -92578.4 -90213 -88304.3 -87063.3 -86382.2 -85745.1 -85053.1 -84371.5 -83828.1 -83445.3 -82941 -81919.3 -80316 -78521.8 -77315.9 -77388.8 -78987.5 -81838.8 -84716.8 -88190.2 -89221.8 -91113.7 -92215.2 -92127.1 -91490.1 -91059.1 -89626 -88566.7 -88199.4 -88331.2 -88472.2 -88288.6 -87773.2 -87170.5 -86707.9 -86332.8 -85757.9 -84796.7 -83624.7 -82521.8 -81710.4 -81078.6
-77177.4 -77614.9 -78220.5 -79054.6 -80112.9 -81316.6 -82573 -83813.8 -85026 -86208.9 -87332.8 -88489.8 -89851.9 -91426.2 -93090.9 -94631.6 -95168.7 -95376.9 -95344 -95039.9 -94124.4 -92361.8 -90532.9 -88658 -87259.2 -86461.9 -86014.3 -85611.8 -85072.1 -84453.7 -83901.2 -83427.3 -82836.5 -81863.9 -80460.8 -78954.8 -77974.2 -78110.3 -79606.3 -82290.9 -85474.4 -88420.2 -89967.4 -91181.6 -92223.6 -91524.5 -90176.6 -88506 -86926.3 -85929.5 -85738.9 -86083 -86383.1 -86293.4 -85907.4 -85493.5 -85270.6 -85202.5 -84982.1 -84322 -83308.6 -82275.9 -81406.9 -80667.1
-76650.2 -77049.3 -77557.1 -78255.5 -79157.9 -80220.9 -81376.1 -82553.5 -83694.5 -84714.3 -85607.9 -86444.1 -87376.8 -88477.4 -89693.4 -90843 -91758.7 -92274.7 -92251 -91656.7 -90617.9 -89283.3 -87883 -86689 -85944.1 -85663.9 -85579.4 -85396.5 -84992 -84467.4 -83957.4 -83501.2 -82994.8 -82326.4 -81423.5 -80470 -79883.1 -80064.2 -81287 -83315.2 -85785.1 -88259.8 -90020.6 -90210.2 -90173.7 -88831.9 -86923.9 -84899.1 -83245.6 -82408.8 -82476 -83106.1 -83761.4 -84094.3 -84132.1 -84103.2 -84122 -84235.2 -84182 -83685.3 -82816.5 -81826 -80925.5 -80131.6
-76103.3 -76494.2 -76952.1 -77564.8 -78381.3 -79376.8 -80486.6 -81618.3 -82675.5 -83569.4 -84279.1 -84870.7 -85459.1 -86115.5 -86872.6 -87605.8 -88215.9 -88598.5 -88614.2 -88206.1 -87474.4 -86586.8 -85749.2 -85152.9 -84902.4 -84936.6 -85036.8 -84988.9 -84716.2 -84304.9 -83871.6 -83484.1 -83141.5 -82818.9 -82444.8 -82069.6 -81895.6 -82098.2 -82834.3 -84054.2 -85571.8 -87050.6 -87937.9 -87639.4 -86627 -84664.3 -82355.4 -80207.2 -78664.6 -78034.9 -78369 -79386 -80633.2 -81740.1 -82480.2 -82973.7 -83380.3 -83648.9 -83611.3 -83105.1 -82222.9 -81198 -80246.9 -79429.5
-75712.1 -76118.5 -76524.2 -77036.3 -77762.6 -78698.8 -79771.5 -80856.5 -81822.8 -82611 -83216.7 -83678.5 -84067.7 -84451.7 -84913.9 -85324.3 -85687 -85979.7 -86043.3 -85811.8 -85317.6 -84712.6 -84210.5 -83953.8 -83966.8 -84150.6 -84331 -84359 -84176.6 -83854.9 -83491.6 -83148.4 -82884 -82738 -82703 -82723.2 -82781.6 -82920.2 -83192.6 -83649.4 -84225 -84674.2 -84639.6 -83819.1 -82162.7 -79907 -77476.9 -75384.1 -73977.6 -73466.4 -73971.2 -75316.4 -77171 -79181.2 -80780.7 -81976.6 -82893.3 -83380.8 -83351.1 -82767.6 -81774.4 -80623 -79558.1 -78655.7
-75520 -75919 -76229.5 -76597.4 -77190.8 -78036.2 -79036.8 -80050.1 -80918.7 -81616.3 -82169.5 -82607.8 -82968.3 -83271.9 -83504.9 -83732.8 -83996.5 -84216.3 -84318.3 -84232.1 -83944.9 -83570.5 -83270.8 -83151.8 -83245.7 -83451.6 -83604.9 -83608.3 -83452.3 -83186 -82860.4 -82542.4 -82318 -82257.6 -82367.1 -82551.6 -82652.3 -82568.9 -82363.8 -82162.9 -81978.6 -81673.5 -80981.5 -79679.5 -77799.7 -75551.7 -73250.1 -71316.5 -69988 -69492.7 -70018.7 -71566.5 -73811.4 -76329 -78832.4 -81033.5 -82431.2 -83164.6 -83216.2 -82583.1 -81468.7 -80175.2 -78992.1 -77971.9
-75463.9 -75844.4 -76046.3 -76232.8 -76649.4 -77363.5 -78255.9 -79179.4 -79982.2 -80616.7 -81135.8 -81595.8 -82002.5 -82312.9 -82523.3 -82692.2 -82879.5 -83090.4 -83260.2 -83275.1 -83098.3 -82833.4 -82636.2 -82605.7 -82727.1 -82880.9 -82924.1 -82809.6 -82574.5 -82273.2 -81955.8 -81666.3 -81467.6 -81424.6 -81542.2 -81715.8 -81760.9 -81537.4 -81040.6 -80360.3 -79576.2 -78657.7 -77490.8 -75984.4 -74152.7 -72151.4 -70197.4 -68471 -67139.5 -66512.7 -66876.3 -68388.8 -70895.4 -73933 -76980.5 -79688.2 -81701.6 -82797 -83052.6 -82469 -81321.9 -79895.8 -78514.1 -77391.5
-75487.7 -75826.4 -75906.2 -75932.6 -76183.3 -76749.3 -77528.7 -78357 -79079.2 -79661.3 -80166 -80650.3 -81104.6 -81465.5 -81709 -81894.6 -82103.6 -82359.1 -82596.9 -82692.1 -82600.3 -82416.7 -82288.5 -82292.7 -82387.3 -82443 -82331.8 -82036.1 -81627.3 -81204.8 -80842.3 -80567 -80399.3 -80355.8 -80418 -80481.4 -80373.5 -79957.1 -79212 -78228 -77119 -75946.5 -74690.1 -73294.3 -71775.6 -70204.5 -68644.1 -67141.1 -65803.6 -64955 -65006.2 -66250.8 -68632.8 -71775.7 -75138.2 -78245.4 -80644.8 -82061.3 -82516.3 -82051.5 -80951.5 -79515 -78085.9 -76906.1
-75460.1 -75784.1 -75813.5 -75756.3 -75891.5 -76347.7 -77043.7 -77795.7 -78456.5 -78998 -79469.8 -79927.7 -80360.5 -80707.4 -80945 -81134.6 -81360.1 -81640.7 -81917.6 -82068.1 -82038.4 -81916.2 -81857.7 -81912.7 -82012.9 -82022.8 -81798.2 -81327.2 -80729.5 -80154.2 -79694.7 -79385.7 -79223.8 -79176.9 -79185.4 -79134.4 -78895.1 -78356.5 -77478.9 -76363.2 -75142.5 -73930.4 -72781.1 -71669.9 -70556.1 -69403.3 -68182 -66872 -65534.8 -64468.5 -64159.7 -65045.3 -67131.7 -70086 -73406.6 -76549.9 -79040.3 -80619.6 -81216.7 -80883.2 -79910.1 -78603.9 -77291 -76197.2
-75370 -75693.5 -75727.8 -75665.7 -75769.1 -76168.8 -76798.9 -77490.5 -78102.5 -78594.4 -79021.3 -79429.1 -79801.6 -80089.5 -80281.6 -80439.5 -80646 -80921.8 -81196.1 -81354 -81352.9 -81272.2 -81252.2 -81343.7 -81483.7 -81506.2 -81245.6 -80676.8 -79930.3 -79212.3 -78655.7 -78292.9 -78092.8 -77998.5 -77935.2 -77791.4 -77439.3 -76795.5 -75862.4 -74728.8 -73530.3 -72401.6 -71450.2 -70705.9 -70044.7 -69271.8 -68274 -67051.5 -65636.2 -64357.5 -63715.8 -64195.2 -65915 -68548.3 -71635.1 -74613.8 -77023.9 -78603.5 -79262.7 -79081.1 -78315.3 -77232.2 -76110.5 -75164.9
-75194.3 -75542.6 -75633.8 -75627.1 -75755 -76135.8 -76714.1 -77354 -77932.3 -78403.4 -78795.4 -79142.5 -79430.9 -79628.7 -79740.2 -79833.3 -79985 -80208.9 -80434.9 -80552.5 -80526.7 -80445.6 -80441.9 -80576.4 -80774.8 -80855.6 -80656 -80124.9 -79373.6 -78600.3 -77951.7 -77477.2 -77160.7 -76955.8 -76778.1 -76524.4 -76090.5 -75415.6 -74499.8 -73425.8 -72335.7 -71380.2 -70669.6 -70209.3 -69862.2 -69409.9 -68638.3 -67443.9 -65939.5 -64464.9 -63530.5 -63619.4 -64843.7 -67014.3 -69682.9 -72296 -74506.3 -75997.8 -76666 -76586 -76010.8 -75221.5 -74441.2 -73793.6
-74905.4 -75246.9 -75406.4 -75495.9 -75693.4 -76090.6 -76624.4 -77207.8 -77755.7 -78213.1 -78591.2 -78909.7 -79153.5 -79300.3 -79348 -79373.7 -79451.9 -79586.1 -79715 -79746.7 -79659.1 -79541.6 -79522.1 -79669.7 -79919.4 -80090.2 -80036.1 -79686 -79090.4 -78406.2 -77771.5 -77217.8 -76752.5 -76384.2 -76034.9 -75633.9 -75112 -74424 -73568.1 -72615.5 -71693.8 -70947.9 -70479 -70264.5 -70134.4 -69837.9 -69121.8 -67864 -66224.4 -64547.9 -63305.5 -62985 -63695.8 -65349.8 -67571 -69719.1 -71675.4 -73066.9 -73790.8 -73887.9 -73553.4 -73072.8 -72591.2 -72150
-74554 -74860 -75063.1 -75250.7 -75522.2 -75928.2 -76419.7 -76941.9 -77445.2 -77871.3 -78227.9 -78531.2 -78754.6 -78879.4 -78916 -78922.4 -78950.9 -78997.1 -79017.2 -78959.6 -78824.1 -78692.9 -78678.5 -78837.6 -79111.2 -79364.2 -79458.7 -79288.9 -78880.5 -78355.4 -77802.6 -77267.8 -76751.1 -76232.7 -75703.6 -75151.8 -74535.4 -73810.2 -72978.7 -72109.4 -71338.4 -70807.8 -70580.8 -70594.6 -70638.2 -70426.7 -69712.2 -68397.4 -66606.5 -64684 -63145.4 -62453.7 -62667.5 -63686.3 -65435.9 -67382.5 -69053.4 -70366.9 -71205.8 -71562.5 -71579 -71381.2 -71063.5 -70656.7
-74146.4 -74419.9 -74661.1 -74919.5 -75249.1 -75659.5 -76119.4 -76573.1 -76984.6 -77350.6 -77682.3 -77979 -78213.5 -78357.8 -78409.4 -78404.4 -78382.5 -78354 -78300.2 -78195.3 -78056.1 -77955.4 -77973 -78153.1 -78452.7 -78756.3 -78946.2 -78940.3 -78740.4 -78410.5 -78001.6 -77536.7 -77005.8 -76408 -75772.9 -75109.1 -74407.7 -73656.8 -72865.6 -72094.1 -71452.2 -71058.6 -70974.4 -71123 -71264.8 -71092.4 -70353.8 -68959.7 -67045.6 -64944.1 -63127.7 -62027.6 -61799.5 -62390.9 -63595.9 -65125.1 -66687.2 -68067 -69120.5 -69792.9 -70119.3 -70165.1 -69949.8 -69493.5
-73805.1 -74031.3 -74277.5 -74577.3 -74942 -75345.3 -75763.8 -76134.8 -76442.6 -76709.7 -76964.3 -77226.1 -77474.6 -77665 -77763.1 -77785.5 -77755.4 -77683.8 -77583.4 -77476.9 -77401.6 -77413.3 -77528.3 -77765.6 -78083.2 -78368.7 -78545.2 -78577.5 -78468.5 -78269.2 -78030.9 -77749.7 -77357.5 -76829 -76220 -75545.9 -74823.4 -74062.4 -73284.2 -72551.3 -71958.7 -71610.6 -71559.6 -71726.6 -71880.2 -71725.5 -71008.7 -69647.1 -67756 -65598.9 -63614 -62226.4 -61613.1 -61756.6 -62540.1 -63780.9 -65227.8 -66695.8 -67980.5 -68919.6 -69457.7 -69663.7 -69484.6 -68936.8
-73513 -73722.9 -73975 -74296.7 -74680.2 -75080.1 -75426.1 -75698.4 -75927.6 -76111.7 -76281.5 -76499.4 -76750.5 -76977.7 -77147.3 -77214.3 -77178.2 -77076.3 -76944 -76844.7 -76825 -76950.6 -77204.3 -77515 -77837.8 -78084.9 -78193.9 -78182.4 -78117.4 -78044.1 -77952.4 -77772.1 -77485.2 -77111.1 -76610.9 -75989.5 -75291.8 -74544.8 -73777.1 -73068.1 -72503 -72168 -72098.5 -72224.9 -72348.5 -72196.1 -71528.2 -70288 -68539.1 -66442 -64399.3 -62789.5 -61788.9 -61485.5 -61977.5 -63022.6 -64325.4 -65817.3 -67212.7 -68329.5 -69060.8 -69327.7 -69140.4 -68535.1
-73321.1 -73519.1 -73765.8 -74085.1 -74463.8 -74844.9 -75156.4 -75366.8 -75491.9 -75571.6 -75666.9 -75841.4 -76091.8 -76365.4 -76592.5 -76711.8 -76705 -76594.6 -76444.7 -76352.9 -76393.2 -76613.1 -76972 -77364.5 -77689.8 -77867 -77877.1 -77771.7 -77647.4 -77577.2 -77565.5 -77553.4 -77468.3 -77252.8 -76875.8 -76349.8 -75717.1 -75020.3 -74299.3 -73622.6 -73063.8 -72694.7 -72552.1 -72581.7 -72621.3 -72455.8 -71885.6 -70832.3 -69321.1 -67467.6 -65561.9 -63931.5 -62769.3 -62218.1 -62360.1 -63080.8 -64197.2 -65567.3 -66925.3 -68047.2 -68787.6 -69050.1 -68829.1 -68180.8
-73190 -73379 -73601.1 -73884.8 -74226.1 -74575.9 -74866.2 -75053.1 -75124.5 -75144.6 -75195 -75335.6 -75590.3 -75914.6 -76192.1 -76372.4 -76433.5 -76350.7 -76199.2 -76105.9 -76168.6 -76420.6 -76813.4 -77236.1 -77544.8 -77654.5 -77571.3 -77367.2 -77163.9 -77054.2 -77053.3 -77135.9 -77189.4 -77085.7 -76816.6 -76391.4 -75836.1 -75213.2 -74574.8 -73973.1 -73459.3 -73073.6 -72844.6 -72736.3 -72647.2 -72438.5 -71939 -71092.1 -69912.7 -68470.3 -66922.9 -65477 -64360.4 -63749.8 -63674.9 -64085.7 -64898.4 -65945.8 -67027.9 -67944.6 -68508.8 -68640.4 -68332.7 -67656.4
-73065.3 -73239.5 -73420.5 -73654.3 -73944.5 -74257.4 -74527.9 -74700.2 -74763.7 -74761.2 -74772.8 -74882 -75130.9 -75483.2 -75836.9 -76111.9 -76233.8 -76181.2 -76049.6 -75962.4 -76026 -76284.3 -76679.8 -77086.4 -77363.7 -77420.3 -77255.4 -76962.5 -76690.8 -76554.6 -76574.9 -76691.8 -76798.1 -76791.5 -76613.6 -76265.4 -75788.7 -75261.3 -74737.4 -74225.7 -73760.3 -73363.6 -73054.5 -72822.3 -72611 -72338.4 -71922.1 -71324.4 -70512.4 -69454.1 -68267.4 -67102.4 -66128.1 -65479.4 -65235.5 -65406.8 -65925.7 -66636.6 -67356.5 -67954.5 -68253.4 -68190.1 -67774.5 -67071.3
-72903 -73051.8 -73183.5 -73355.2 -73585.9 -73856.6 -74112.8 -74295.1 -74377.3 -74383.4 -74387.3 -74478.5 -74713.6 -75075.6 -75466.3 -75819.4 -76038.3 -76065.3 -75990.9 -75930.3 -75982.6 -76197.6 -76529.2 -76864.8 -77076.6 -77081.9 -76882.2 -76568.3 -76284.7 -76143.2 -76163.9 -76284 -76393.3 -76386.8 -76209.3 -75873.1 -75430.3 -74983.3 -74589 -74213.7 -73856.4 -73502.1 -73157.5 -72820.5 -72473.9 -72094.8 -71676.5 -71257 -70789 -70144.7 -69404.2 -68643 -67988.4 -67528.2 -67279.6 -67275.1 -67478.2 -67787.9 -68102.8 -68302 -68236.4 -67865.7 -67244.7 -66444
-72709.1 -72851.6 -72952.9 -73068.1 -73246.7 -73479.9 -73716.7 -73899.6 -73997.8 -74016.1 -74013.5 -74077.5 -74278.5 -74615.9 -75022.6 -75402.9 -75671.5 -75803.3 -75831.3 -75829.4 -75897.1 -76086.4 -76360.8 -76622.4 -76758.3 -76698.9 -76462.9 -76146.1 -75877.8 -75755 -75789.1 -75912.6 -76013 -75985.1 -75781.8 -75433.2 -75017.9 -74619.2 -74287.9 -74020.8 -73782.4 -73514.9 -73162.5 -72724.5 -72244.6 -71772.3 -71348.5 -70988.6 -70699.3 -70472.4 -70227.2 -69914.6 -69638.1 -69421.5 -69192.3 -69089 -69089.7 -69067.4 -68971.8 -68741.9 -68299.6 -67657.1 -66853.9 -65945.4
-72482.6 -72622.6 -72710.7 -72800 -72943.9 -73143.1 -73358.2 -73541.1 -73648 -73670 -73654 -73682.3 -73830 -74112.7 -74494.6 -74894.4 -75230.5 -75454.6 -75573.9 -75645.8 -75745.8 -75912.7 -76118 -76284.6 -76336.4 -76233.2 -75991.3 -75695.8 -75467.2 -75384.7 -75442 -75563.7 -75639.3 -75574.5 -75333.9 -74958 -74542.1 -74184.7 -73935.6 -73774.2 -73627.8 -73405.1 -73040.4 -72531.3 -71936 -71350 -70879.9 -70592.9 -70500.7 -70556.6 -70662.8 -70746.4 -70842.1 -70899.9 -70855.2 -70764.6 -70613.7 -70345.4 -69938.1 -69348.6 -68531.7 -67572.5 -66530.6 -65466
