Code/MW_40/2160/MW_40_2160_140/2.9_40_2160_moho_undulation.grd
DSAA
181 201
-5400000.0 5400000.0
-6000000.0 6000000.0
-122227.448380695 -0.0
[rows 112 to 139 of 201, columns 64 to 127 of 181]
-89689.4 -89232.3 -88991.7 -89337.7 -90561.9 -91716.4 -92154 -91754.5 -91233.7 -91297 -91780.3 -92127.2 -92316.9 -92857.1 -93947 -95416.7 -97089.3 -98249.8 -98378.4 -97921.2 -97849.2 -95537.5 -96435.3 -97616.9 -97618.3 -97748.9 -97852.3 -98806.6 -99567.9 -99251.9 -98259.7 -96817.1 -95199.6 -93157.6 -87701.6 -89533.3 -88892.8 -88363.6 -87586.5 -86025.2 -84028.8 -82272.9 -80648 -79332.9 -78660.4 -78951.7 -79950.6 -81065.4 -82253.7 -83835.7 -85590.7 -86626.2 -86942.8 -86407.8 -85337.1 -84062 -82882 -82049.2 -81593.2 -81578.1 -81828.4 -82061.3 -82250.2 -82478
-91335.9 -90928.9 -90489 -90055.5 -90128.1 -90753.3 -91024 -91129.5 -91353.2 -91839.6 -92497.3 -92907.6 -92968.2 -93006.6 -93441.3 -94357.9 -95632 -96771.8 -97159.8 -96814.3 -96326.4 -96642.3 -96428.2 -95946 -95721.2 -96058.4 -96961.8 -98274.7 -99030.3 -98805.5 -97742.8 -96264.4 -94618.2 -92903.7 -90586 -90174.5 -89278.4 -88486.4 -87354.6 -85546.7 -83491.4 -81762.4 -80555.8 -79803.4 -79729.7 -80490.9 -81672.3 -82619.4 -83423.9 -84602 -86037.5 -87198.8 -87389.6 -86941.2 -85826.8 -84391 -82940.4 -81775.5 -81161.1 -81162.1 -81438.7 -81716.4 -81954.8 -82130.4
-90374.9 -92033.6 -91662.1 -91037.3 -90427.7 -90290.3 -90469.5 -91016.8 -91814.4 -92390.7 -92898.2 -93213.7 -93060.9 -92790.5 -92748.4 -93156.4 -94001.8 -95086.4 -95954.3 -96198.2 -95946.4 -95455.9 -94678.4 -94265.6 -94376 -94939.1 -96221.8 -97589.3 -98238.7 -98101.5 -97235.1 -95854.6 -94406.1 -93204.6 -92308.2 -91466.3 -90557.9 -89420.6 -87688.7 -85369.5 -83028.5 -81154.6 -79975.1 -79530.9 -79959.3 -81210.1 -82650.7 -83669.5 -84371.4 -85297.4 -86276.4 -87557.9 -87789.1 -87298.1 -86217.2 -84857.2 -83461.6 -82296.1 -81651.8 -81492 -81491.5 -81504 -81605.4 -81736.1
-90373.5 -92356.1 -92194.7 -91529.6 -90109.6 -90231.5 -90237.8 -90841.8 -91476.5 -91775.9 -91997.2 -92047.9 -91797.8 -91406.2 -91346.2 -91670.6 -92391.2 -93506.1 -94793.6 -95634.4 -95679.4 -95184.4 -94454.5 -94157.3 -94452.1 -94907.8 -95685.3 -96397.3 -96891.2 -97008.6 -96447.3 -95395.8 -94304.7 -93570.9 -93061 -92458.4 -91591.3 -90047.6 -87812.1 -85090.9 -82450.1 -80374.4 -79154.2 -78929.7 -79743.9 -81343.8 -83018.2 -84158.5 -84829.1 -85127.9 -86286.3 -87470 -87815.1 -87126.3 -86090.9 -84859.6 -83770.4 -82944.1 -82474.1 -82204.6 -81901 -81615.2 -81563.1 -81680.6
-89437.6 -91563.9 -91392.1 -90062.6 -89979 -89594.6 -89391.6 -89684.6 -89838.5 -89776.8 -89637.9 -89191.9 -89173 -89146.8 -89567.9 -90397.3 -92146.3 -92654.1 -93804.8 -94905.6 -95426.9 -95454.7 -95332.7 -95294.3 -95156.6 -95005.1 -94946.6 -95153.5 -95635.8 -95953.8 -95778.7 -95302 -94305.4 -93526.4 -93020.7 -92464.9 -91482.3 -89821.7 -87463.3 -84825.9 -82280.6 -80193.9 -78951.7 -78759.8 -79665.6 -81339.5 -83090 -84308.1 -84969.5 -85580.2 -86509.6 -87401 -87400.1 -86772.8 -85534.6 -84429.2 -83705.7 -83321.6 -83144.4 -82965.6 -82588.2 -82142.5 -81950.1 -82013.2
-86663.4 -88560 -88807.6 -88655.6 -88531.2 -87811.4 -87421.3 -87430.9 -87386.6 -87191 -86933 -86657.3 -86635.4 -87157 -88465 -89905.1 -91068.1 -92007 -92964.7 -93976.2 -94760.4 -95234.2 -95536.4 -95537.5 -95278.7 -94739.4 -94212 -94354.2 -94872.8 -95337.6 -95271.6 -94750 -93973.1 -93233.1 -92657.5 -92029.4 -91067.8 -89462.7 -87246.2 -84932.3 -82844.5 -80951.3 -79590.7 -79126.9 -79709.2 -81066.2 -82619.3 -83792.9 -84480.5 -85052 -85868.7 -86684.5 -86689.6 -86080.6 -84995.5 -84182.8 -83788.3 -83592.3 -83466.4 -83331 -82993.2 -82503.2 -82189.1 -82153.9
-84313.4 -85531.9 -85519.9 -85637.8 -85524.9 -85206.3 -85030.7 -85045.6 -85222.6 -85356.5 -85620.3 -85004.6 -85102.8 -86188 -88163.8 -90154.5 -91242.1 -91674.7 -91998.9 -93000.8 -93885.7 -94519.9 -94975.2 -94902.8 -94544 -94076.1 -93807.1 -94015.1 -94451.6 -94646.2 -94350.6 -93793.1 -93230.1 -92759.9 -92495.3 -92063.3 -91009 -89336.2 -87262.8 -85318.2 -83608 -81876.5 -80435.6 -79745.6 -79964.7 -80790.7 -81816.7 -82705.1 -83337.4 -83965.5 -84783.5 -85060.6 -85463.2 -85113.9 -84478.7 -84178.8 -84058 -83728.9 -83254.7 -82902.8 -82577.9 -82179.1 -81912.9 -81905.6
-82752.4 -83395.9 -82920.2 -82965.8 -83145.8 -83351.1 -83468.9 -83600 -84014 -84566.2 -84879.1 -84657.1 -84720.6 -85982.6 -88218.8 -90393.7 -91480.1 -91555.1 -91538.2 -92503.1 -93286.2 -93751.8 -93818.6 -93679.2 -93460.8 -93344.9 -93505.2 -94007.2 -93940.7 -93579.6 -92849 -92251.7 -92089.4 -92321.1 -92567.9 -92369.6 -91178.6 -89488.6 -87306.6 -85545.4 -83883.5 -82442.4 -81254.8 -80810.1 -81034.8 -81444.9 -81751.7 -82017 -82314.4 -82860.3 -83645 -84242.7 -84279.4 -83905.2 -83760.4 -83967.1 -84021.5 -83436.3 -82515.5 -81887.8 -81619.7 -81496.3 -81538.9 -81781.2
-82660.2 -81636.8 -81571.6 -82024.7 -82648.1 -83196.3 -83383.6 -83296.6 -83537.4 -84196 -84699.1 -84774 -84936.4 -86033.3 -88067.8 -90024.4 -91209.8 -91508.3 -91769.3 -92472.1 -93203 -93315.4 -92902.8 -92564.2 -92402.8 -92707.2 -93295 -93921.8 -94063 -92618.8 -91511.8 -90971.9 -91262.2 -92103.5 -92648.6 -92430.3 -91034.5 -89008 -87198.4 -85220.9 -84040.2 -83086.2 -82510.5 -82554.8 -82958.5 -83092.1 -82710.4 -82172 -81947.3 -82186.7 -82778.7 -83207.6 -83173.6 -82957.4 -83085.5 -83542.1 -83619.5 -82820.6 -81608.3 -80825.4 -80643.4 -80799.8 -81197.9 -81793.3
-81085.9 -81255.9 -82090.5 -83083.7 -84104.3 -84778.3 -84596 -83819.5 -83370.1 -83614 -84205 -84590.8 -84998.3 -85978.5 -87473.7 -89079 -90266.3 -91216.9 -92023.3 -92749.6 -93421.9 -93445.6 -92460.3 -91650.7 -91388.1 -91937.7 -92942.3 -93367.7 -92139.5 -92304.7 -91066.8 -90574 -91185.2 -92304.1 -92623.6 -92103.1 -90623.2 -88348.2 -86480.3 -85387.3 -84720.4 -84259.3 -84182.7 -84508 -84896.7 -84773.5 -83940.8 -82870.7 -82125.9 -81902.4 -82138.8 -82428.1 -82473.4 -82452.6 -82735.6 -83231 -83207.9 -82261 -80881.6 -79889.5 -79506.3 -79645.6 -80212.9 -81120.1
-80961 -82351.5 -83736.8 -85647.4 -86847.3 -87258.8 -86472.4 -84999.1 -83893 -83631.8 -84076.4 -84634.5 -85174.5 -85953 -86968.5 -88021.4 -89253.5 -90764.1 -92132.4 -93585.4 -93592.2 -93544.9 -92446.4 -91159.6 -90682.4 -91184.7 -92338.1 -92891.6 -91666.2 -89570.8 -91155.7 -90844.5 -91346.8 -92367.5 -92700 -91701.5 -90088 -88036.3 -86603 -85879.2 -85591.6 -85498.3 -85618 -85901.3 -86061 -86082.3 -85246.6 -84022.9 -82805.2 -81926 -81538.6 -81417.8 -81665.6 -81908.4 -82375.7 -82887.3 -82778.3 -81779 -80253.3 -78889.3 -77990.9 -77758.9 -78257.6 -79367.6
-81717.8 -83961.9 -86363.2 -88468.5 -89678.6 -89624.2 -88680 -87032.8 -85643.7 -85075 -85236.8 -85706.6 -86181 -86712.9 -87346.5 -88006.7 -89023.9 -90527.8 -92181.4 -93803.9 -94100.8 -94322.3 -93184.4 -91877.1 -90847.9 -90851 -91791.4 -92366.8 -92332.3 -91899.4 -91226.3 -90290.7 -91153 -91435.9 -92319.9 -91147.7 -89477.1 -87707.3 -86504.4 -85873.5 -85682 -85823.8 -86184.1 -86696.7 -87097 -87020.6 -86617.4 -85531 -83711.8 -82291.6 -80986.6 -80340.4 -80246.3 -80606.8 -81305.7 -81954.7 -81959.3 -81055.5 -79474.8 -77790.6 -76446.6 -75820.1 -76244.1 -77548.5
-82440.1 -85167.1 -88016.4 -90473.4 -91517.9 -91337.1 -90356.9 -88933.6 -87860.1 -87334.2 -87382 -87673.8 -88079.2 -88559.3 -89119.1 -89680.4 -90319.5 -91156.8 -92345.9 -93612.9 -94342.1 -94553.2 -93662.1 -92329 -91396.3 -91130.8 -91785.2 -91795.3 -91534.3 -91341.5 -91162.5 -90109.2 -90779.9 -90401.3 -91205.6 -90217 -88713.1 -87201.6 -86078 -85299.1 -84958.2 -85210.3 -85856.3 -86760.1 -87512.6 -87650 -87515.6 -86585.2 -85169.9 -82781.9 -80668.2 -79263 -78710 -78923.4 -79694 -80487.2 -80705.7 -80023.5 -78598.1 -76843.6 -75316.1 -74627.4 -75192.6 -76652.7
-82778.2 -85753.5 -88762.4 -91054.6 -92362.3 -92119.7 -91005.6 -89889.8 -89329.9 -89234.6 -89546.9 -89849.8 -90280.5 -90856.4 -91614 -92222.9 -92288.3 -92535.9 -92682.8 -93072.1 -93681.4 -93994.1 -93294.5 -92285.9 -91530.3 -91234.7 -91640.6 -91287.2 -91090.3 -90951.4 -91042.3 -90700.2 -90252.7 -90426.9 -90190.4 -89287.9 -87980 -86767.8 -85687.1 -84712.2 -84145.9 -84392.2 -85165 -86334.5 -87622.3 -88389.8 -88344.6 -87164.9 -85780 -83288 -80858 -78981.5 -77998.4 -77952.4 -78643.3 -79404.2 -79631 -79123.6 -77984.4 -76461.5 -75015.6 -74289.5 -74840.6 -76239.3
-83268.5 -86417.2 -89295.6 -91249.2 -92273.8 -91941.8 -90898.2 -89916.2 -89616.4 -90013.2 -90834.3 -91457.5 -92081.3 -92751 -93677.9 -94207.5 -94065.9 -93721.7 -92783.6 -92205.3 -92441.3 -92829.7 -92429.5 -91560.9 -90719.8 -90280.5 -90305.6 -90340.1 -90445.4 -90656.4 -90941.9 -91268.1 -90847.7 -90519.4 -89853.7 -88743.2 -87617 -86626.7 -85597.3 -84556.1 -83867.6 -84041.5 -84822.4 -86135 -87530.1 -88389.2 -88463.1 -87341.4 -85772.1 -83838.7 -81698.6 -79820.1 -78644 -78397 -78833.7 -79316.2 -79328.7 -78814.9 -77939.4 -76754.5 -75395.5 -74378.4 -74386 -75184.4
-84300.2 -87511.3 -89924.8 -91191.4 -91644.6 -91264.4 -90421.3 -89744.8 -89631.9 -90289 -91361.9 -92318.2 -93119.9 -93844 -94768.8 -95184.6 -95080.6 -94126.1 -92584.6 -91476.3 -91520.2 -92008 -91752.5 -90683.2 -89306.5 -88352.8 -88346.8 -88801.9 -89531.2 -90197.5 -90641 -90912.7 -90919.9 -90556.7 -89736.9 -88671.6 -87675.6 -86791.1 -85865.8 -84888.7 -84239 -84342.4 -85025.7 -86159 -87309.2 -88087.3 -88187.7 -87185.4 -85977.3 -84614.1 -82980.9 -81362.3 -80167.1 -79715.9 -79815.8 -79912.2 -79635.1 -79076.7 -78423.7 -77543.6 -76224.6 -74775.8 -73836.6 -73608.4
-85353.8 -88533.2 -90292.9 -90800.3 -90696.8 -90354.1 -89981.9 -89683.8 -89791 -90501.3 -91608.2 -92673.9 -93566.5 -94213 -94906.1 -95550.2 -95340.8 -94273.2 -92609.3 -91428.4 -91491.3 -92011 -91740.9 -90326 -88217.2 -86787.4 -86498.9 -87319.8 -88590.2 -89607.5 -90208.4 -90395.2 -90407 -90178.7 -89560.3 -88652.8 -87769.1 -87036.4 -86326.2 -85493.6 -85116.2 -85201.5 -85600.9 -86463.1 -87546.3 -88235.1 -87830.5 -86942 -86330.8 -85167.6 -84290.2 -82997 -81791.4 -81030.4 -80703.9 -80466.2 -80041.1 -79529.4 -79073 -78451.7 -77230.7 -75448.5 -73856.8 -73033.4
-86121.6 -88965.7 -90088.3 -90048.2 -89611.5 -89360.5 -89409.2 -89645.3 -90082.8 -90775.8 -91691.6 -92732.9 -93618.7 -94259.1 -94822.4 -95335.1 -95462.2 -94759.8 -93478.7 -92365.9 -92251.7 -92657.9 -92220.2 -90358.6 -87804.8 -85957.2 -85288.8 -86309 -87840.8 -89038.2 -89716.3 -89839.2 -89793.9 -89592.8 -89097.5 -88408.7 -87702.8 -87267 -86914.6 -86567.7 -86217.7 -86336.2 -86434.3 -87104.2 -88043.8 -88409.3 -87950 -87142.5 -86410 -85867.3 -85332.2 -84407.5 -83202.5 -82033.5 -81193.4 -80649 -80197.3 -79788 -79474.6 -79061.2 -78172.7 -76783.8 -75380.2 -74496.2
-86714.8 -88848.8 -89426.1 -89128.2 -88738 -88685.4 -89029.6 -89655.5 -90343.1 -90983.7 -91724.4 -92664.9 -93477.2 -94233.8 -94961 -95458.5 -95915 -95742.6 -95020.7 -94027.5 -93733.8 -93778.1 -93002.1 -90930.8 -87972.7 -85510.4 -84573.3 -85373.7 -86905.8 -88178.1 -88885.2 -89067.4 -89037.1 -88794.1 -88345 -87953.8 -87684.1 -87517.5 -87459.8 -87693.5 -87351.5 -87406.7 -87482.3 -87862.7 -88456.8 -88466.9 -88026.1 -87385 -86777.1 -86460 -86247.9 -85691.1 -84506.7 -82938.3 -81540.5 -80609.9 -80071.9 -79741.9 -79430.7 -79093.3 -78620.8 -77997.9 -77427.8 -77186.9
-87515 -88664.1 -88683 -88345.2 -88181 -88370 -88917.3 -89682.7 -90484.4 -91204.4 -91847.1 -92563.6 -93280.6 -94205.1 -95152.9 -95935.3 -96892.8 -97147.2 -96862.9 -96269.2 -95815 -95203.4 -94044.9 -91751.2 -88407 -85480.1 -83870.2 -84104.9 -85338.8 -86658.1 -87529.9 -87932.5 -88058 -87913.6 -87712.3 -87419.6 -87820.2 -87794.6 -88005.7 -88285.1 -88363.6 -88277.4 -88354 -88702.6 -88951 -88738.5 -88520.1 -87978 -87580.4 -87382.8 -87290.7 -87047.3 -85763.8 -83709.3 -81786.2 -80549.6 -79918.9 -79590.1 -79191.3 -78791.5 -78616.1 -78709.2 -79014.4 -79468.9
-88579.3 -88684.9 -88046.4 -87653.8 -87758.4 -88246.5 -88939.9 -89867.3 -90873.1 -91620.4 -92124.6 -92634.1 -93248.2 -94239.8 -95487.5 -96788.4 -98003 -98790.6 -99016.8 -98505.7 -97893 -96790.7 -95171.6 -92573.7 -89099.4 -85582.3 -83366.9 -82772 -83490.8 -84710.2 -85801.6 -86523.4 -86937.4 -87067.5 -87268.7 -87020.7 -87953 -87770 -87943.5 -88511.4 -88997.9 -89154.1 -89069.8 -89369.8 -89663.9 -89564.3 -89297.9 -89050.4 -88955.2 -88779.1 -88774.5 -88552.8 -87183.2 -84859.9 -82467.4 -80781.7 -80004.9 -79655.5 -79230.2 -78775.3 -78671.6 -79050.2 -79739.8 -80495.9
-89966 -89058.3 -87631 -87028 -87317.2 -88144 -89019.1 -90084.4 -91300.2 -92233.8 -92650 -92980.7 -93507.8 -94485.7 -96175.5 -97933.2 -99459.2 -100545 -100836 -100638 -99866.8 -98622.6 -96382.6 -93610.1 -90161.8 -86405.9 -83605 -82212.5 -82031.3 -82845.8 -83914.1 -84942.8 -85740.5 -86347.9 -86566.2 -86839.1 -86862.4 -87224 -87627.9 -88249.6 -88993.9 -89620.1 -90006 -90263.8 -90392.8 -90248.2 -90094.6 -89923.4 -90190.8 -90271.5 -90418.3 -90216.2 -88750.6 -86275.4 -83596.7 -81563.6 -80533.6 -80105.6 -79763.2 -79392.2 -79268.8 -79545.8 -80103.4 -80741.9
-90502.9 -89093 -87302.5 -86409.8 -86782.5 -87671.5 -88758.5 -90085.9 -91467.1 -92686.4 -93302.9 -93648.4 -94253.2 -95565.2 -97366.5 -99327.3 -100963 -102186 -102639 -102630 -101833 -100777 -98522.9 -95161.9 -91897.3 -87928.6 -84743.9 -82880.3 -81493.8 -81524.5 -82272.6 -83407 -84581.8 -85541.3 -86095.7 -86191.8 -85952.2 -86143.8 -87024.9 -87879.8 -89077.9 -89891.5 -90762.7 -90721.4 -90786.5 -90687.1 -90588.8 -90748 -91167.1 -91419.4 -91514.8 -91351.4 -90238.3 -88172.5 -85361.9 -82989.7 -81492.2 -80821.5 -80572.3 -80410.9 -80322.9 -80388.8 -80635 -81028.8
-90249.2 -88674.8 -86876.4 -86038.5 -86264 -87339.1 -88565.6 -90027.5 -91521.2 -92864.4 -93796.8 -94530 -95496.2 -96950 -98858.1 -100707 -102242 -103427 -103985 -104153 -103493 -102125 -99843.3 -96971.4 -93641 -90072.4 -86534 -83741.3 -81814 -81055.2 -81317.8 -82363.9 -83690.3 -84946.1 -85440.5 -85353.5 -85064.8 -85664.2 -86274.8 -87815.6 -89347.7 -89942.5 -90595.9 -90531.7 -90364.2 -90735.7 -91077.4 -91329.3 -91783.4 -92183.6 -92326.1 -92301.7 -91784.5 -90177.4 -87444 -84655.1 -82612.1 -81597.8 -81316 -81327.9 -81324.2 -81244.2 -81202.6 -81339.2
-88978.4 -87779.1 -86374.6 -85697.4 -86120.3 -87178.1 -88597.7 -90180.1 -91785.6 -93244.6 -94470.1 -95655.9 -96849.3 -98569.1 -100437 -101914 -102997 -103629 -103932 -104337 -104410 -103272 -101146 -98492.9 -95317.8 -92007.8 -88500 -85545.5 -83028.2 -81486 -81156.5 -81874.4 -83189.4 -84227.2 -84549.2 -84280.6 -84010.9 -84591.1 -85662.9 -87423.2 -89449.3 -89400.6 -89242.9 -89867 -90667.8 -91059.6 -91921.8 -92336.3 -92615.1 -92975 -93089.4 -93293.9 -93064.5 -91710 -89356.8 -86386.4 -83953.5 -82496.2 -81972.7 -81970.1 -81977.7 -81781 -81462.9 -81279.5
-86738.2 -86144.5 -85536.5 -85496.6 -86131.1 -87284.8 -88777.9 -90401.6 -92137.7 -93803.4 -95211 -96713.9 -98221.2 -99912 -101644 -102620 -102911 -102989 -102853 -103350 -103984 -103449 -101743 -99373.1 -96640.7 -93785.1 -90660.5 -87620.6 -84864.6 -82872.1 -81927.4 -82059.4 -82934.7 -83696.5 -83999 -83583.2 -83555.9 -84467 -85401.2 -86827.4 -88552.5 -88365.2 -87905.3 -88556.1 -90128.9 -91560.7 -92366 -92538.7 -92905.8 -93469.9 -93709.2 -94057.3 -93804.2 -92667.9 -90715.3 -87918.6 -85401.9 -83671.3 -82856.5 -82661.6 -82537.5 -82139.1 -81466.9 -80841
-84130.8 -84165.9 -84435.3 -84956.7 -85860 -87214.9 -88907.1 -90719.2 -92527.7 -94233.6 -95901.6 -97545.5 -99337.4 -101033 -102190 -102353 -101866 -101817 -101645 -101794 -102912 -103043 -101804 -99868.6 -97567.7 -94997.5 -92368.7 -89660.4 -87009.3 -84696 -83189.2 -82589.6 -82851.7 -83362.2 -83401.6 -83208 -83302.4 -84183.6 -85047.9 -86393.6 -87681.7 -87505.9 -87096.2 -87947.3 -89499.9 -91201.1 -92277.4 -92713.6 -93436.6 -93757.2 -94293.1 -94508.5 -93949.9 -92717.9 -91184.6 -89108.4 -86880.5 -85124.8 -84075.5 -83648.8 -83355.4 -82772 -81770.3 -80661.8
-82045.1 -82647.6 -83493.7 -84491.1 -85613.8 -87064.5 -88884.3 -90832.2 -92683.5 -94356.5 -96134.5 -97988 -99915 -101565 -102361 -101964 -101134 -100738 -100609 -100933 -102151 -102534 -101679 -100173 -98141 -95617.4 -93290.3 -90956.6 -88566.5 -86173.1 -84254.3 -83052.6 -82793.9 -83121.6 -81942.3 -83180.1 -83300.6 -83661 -84806.9 -85997.2 -87068.7 -87176.1 -86979 -87611.6 -89054.1 -90672 -91796.7 -92493.7 -93313.1 -93642.5 -94467.3 -94613 -93653 -92443.7 -91319.1 -89887.8 -88120.6 -86461.9 -85247.7 -84613.5 -84211.2 -83575.3 -82466.5 -81089.3
