Code/MW_40/2160/MW_40_2160_140/2.9_40_2160_moho_undulation.grd
DSAA
181 201
-5400000.0 5400000.0
-6000000.0 6000000.0
-122227.448380695 -0.0
[rows 112 to 139 of 201, columns 0 to 63 of 181]
-0 -2274.78 -9016.18 -19396.4 -31866.2 -44676.1 -56304.2 -65535.2 -71314.3 -73095.2 -72954 -72893.8 -72623.1 -72134 -71860.2 -71974.8 -72161.6 -72066.2 -71742.6 -71422.4 -71142 -70850.2 -70660.2 -70596.3 -70353.5 -69672.2 -68992.3 -69107.5 -70061 -70957.4 -71162.5 -70818.2 -70102.6 -68879.1 -67301.3 -65979.6 -65211.6 -64862.2 -64648 -64790.7 -65590.9 -66869.4 -68182.6 -68888 -68640.1 -68117.8 -68511.8 -70241.8 -72682.3 -74818.9 -76151.9 -76644.6 -76601.8 -76449.3 -76665.7 -77633.2 -79485 -82037.6 -84509.3 -86285.4 -87414.5 -88703.6 -90182.5 -90254.9
-0 -2245.32 -8875.68 -19186 -31806 -44901.1 -56622.3 -65700.3 -71300.8 -73069.8 -73031.6 -73039.4 -72762.7 -72232.8 -71907.2 -71920.5 -71961 -71760.2 -71471.2 -71291 -71141.5 -70916.9 -70760.5 -70636.5 -70169.1 -69283.3 -68670 -69052.5 -70203.3 -71100.8 -71233 -70902 -70329 -69167.8 -67345.2 -65393.9 -64015.6 -63544.7 -63745.2 -64456.4 -65624.1 -67013 -68268.8 -68746.8 -68197.7 -67606.6 -68318.4 -70473.3 -72961.8 -74656.7 -75439.4 -75707.3 -75865.5 -76104 -76584.7 -77702.6 -79657.9 -81308 -81406.8 -82262.5 -83847 -86019.1 -87454.5 -89110.9
-0 -2223.12 -8737.02 -18938.3 -31582 -44770.9 -56483.4 -65472.2 -71182.9 -73244.8 -73404.8 -73379.4 -72873.9 -72131 -71754.2 -71823.8 -71922 -71719.5 -71378.5 -71165.6 -71035.7 -70821.4 -70575.1 -70274.7 -69785 -69248 -69163.2 -69810.3 -70752 -71251.5 -71174.1 -70946 -70674.4 -69791.4 -68053.6 -65937.4 -64336.1 -63953.5 -64567.4 -65641.2 -66769.2 -67791 -68433.2 -68254.4 -67353.3 -66920.7 -68095.1 -70543.4 -72832.7 -74032.8 -74438.2 -74894.8 -75670.8 -76501.2 -77202.8 -78281.5 -78817 -78282.3 -78770.2 -79472.9 -80245.2 -81884.5 -84468 -87513.6
-0 -2223.83 -8687.23 -18831.8 -31395.1 -44436.5 -55978.5 -64953.7 -70934.8 -73352.4 -73696.5 -73631.8 -72968.4 -72066.2 -71614.4 -71706.9 -71879.9 -71716.8 -71325.2 -71040.9 -70911.4 -70696.4 -70293.2 -69832.9 -69584.2 -69765.4 -70385.5 -71127.3 -71524.1 -71410.4 -71114 -71025.8 -71015.9 -70569.8 -69351.1 -67621.6 -66147 -65711.9 -66156.6 -66882.2 -67453.1 -67734.9 -67586.4 -66877.1 -66052.5 -66250.5 -68075.6 -70651.1 -72607.7 -73463.7 -73867.5 -74662.2 -75915 -76987 -77631.2 -78585.3 -77540.7 -76573.6 -77482.6 -77490.1 -75855.6 -77431.2 -81564.5 -85791
-0 -2232.28 -8726.44 -18855.4 -31277.4 -44064.7 -55404.7 -64369.7 -70443.9 -72908.9 -73251.3 -73263.3 -72791.4 -72033.2 -71521.5 -71473.1 -71587.5 -71443.3 -71022 -70653.6 -70506.5 -70342.5 -69915.3 -69475 -69542.6 -70321.6 -71391.7 -72067.8 -72044.1 -71645.3 -71386.1 -71409.9 -71504.6 -71362.7 -70742.6 -69634.2 -68400.9 -67640.5 -67407.6 -67390 -67273.4 -66915.5 -66256.9 -65436.7 -65096 -66084.5 -68355 -70833.4 -72503.4 -73299.7 -73958.2 -75107.5 -76514.3 -77351.7 -77526.5 -78157.9 -76125.7 -75826.3 -76513.7 -75027.2 -73834.7 -76752.8 -79010.9 -84163.4
-0 -2249.73 -8787.82 -18871 -31124.9 -43730.5 -55034.7 -64026.9 -69972.7 -72119.9 -72213.5 -72325.7 -72265.4 -71885.5 -71383.4 -71148.9 -71165.4 -71058.3 -70631.9 -70134.9 -69877.1 -69760.4 -69477.7 -69193.4 -69425.4 -70332.9 -71384.3 -71923.7 -71893.7 -71783.2 -71881.8 -72026.2 -72070.2 -72037.7 -71829.4 -71210.3 -70178.6 -69108.9 -68339.7 -67847.2 -67392.5 -66758.9 -65921.6 -65223.6 -65364.3 -66816.9 -69077.2 -71209 -72667.8 -73663.6 -74786.5 -76334.6 -77738.3 -78029.6 -77353.7 -77275.5 -75266.8 -74673.6 -75469.3 -74076.6 -72611.8 -74428.2 -78448.5 -83267.8
-0 -2275.72 -8822.88 -18815.5 -30915.2 -43471.8 -54931.4 -64069.1 -69897.3 -71676.5 -71447.6 -71534.3 -71719.3 -71592.5 -71127.8 -70822.2 -70866.7 -70903.9 -70562.3 -69984.8 -69599.5 -69500.8 -69392.3 -69257.6 -69440.3 -70053.1 -70710.8 -71029.9 -71149.3 -71472.7 -71953.9 -72271.1 -72388.4 -72508.8 -72573.3 -72244.2 -71378.3 -70262.3 -69358.8 -68780.1 -68290.3 -67598.2 -66725.4 -66181.7 -66650 -68213.8 -70190.8 -71924.9 -73277.4 -74557.1 -76128.6 -78021.4 -79439.9 -79231.9 -77609.6 -76477.6 -74365.3 -73730.8 -75141.5 -75084.2 -75582.3 -77015.1 -79380.2 -82102.7
-0 -2292.51 -8834.67 -18744.4 -30739.1 -43298.6 -54895.9 -64188.6 -70016.9 -71677 -71300.6 -71272.4 -71395.6 -71228 -70775.4 -70549.5 -70757.5 -70996.6 -70804.9 -70278.1 -69905.2 -69873 -69906.5 -69851.1 -69878.4 -70088.9 -70255.5 -70266.5 -70331.1 -70715.8 -71265.7 -71734 -72135.3 -72594.9 -72952.8 -72862.6 -72206 -71196 -70265.3 -69581.3 -68968.3 -68211 -67366.7 -67048.3 -67804.4 -69417.2 -71156.3 -72672.8 -74046.7 -75537.4 -77308.4 -79290.2 -80733.3 -80304.5 -78016.7 -75871 -73638.1 -73037.7 -75332.2 -77333.8 -77855 -79179.9 -80977.1 -82002.4
-0 -2303.29 -8844.03 -18708.3 -30639 -43164.8 -54754.7 -64033.7 -69869.7 -71615.5 -71317.8 -71242 -71182.3 -70877.8 -70493 -70462.6 -70835.7 -71147.6 -70997.8 -70555.4 -70323.6 -70440.3 -70606.7 -70611 -70523.5 -70433.6 -70234.9 -69973.5 -69844.8 -69975.4 -70285 -70730.9 -71351.7 -72101.3 -72697.4 -72880.4 -72578.5 -71778.2 -70751.5 -69760.7 -68859.9 -68016.2 -67304.4 -67256.7 -68208.5 -69775.9 -71350.7 -72823.4 -74357.6 -76036.9 -77798.3 -79601.7 -80938.7 -80442.9 -77806.2 -74918.1 -74301.6 -72824.1 -74940.3 -77725.5 -78376.2 -79328.3 -81607.2 -83318.4
-0 -2309.67 -8845.51 -18676.8 -30551.6 -43019 -54512.9 -63650.5 -69434.5 -71296.7 -71200.1 -71168.7 -70973.6 -70615.6 -70422.6 -70646.2 -71077.6 -71224.8 -70896.5 -70452.5 -70390 -70710.4 -71019.5 -71101.7 -70975.5 -70689.7 -70285.8 -69898.4 -69675.6 -69594.8 -69608.3 -69824.2 -70346.6 -71017.5 -71675.5 -72168.7 -72370.9 -71950 -70927.4 -69680.3 -68582.9 -67730.5 -67197.2 -67262.3 -68101.5 -69369.6 -70700.9 -72165.8 -73964.6 -75867.1 -77544.6 -79009.7 -80018.8 -79381.5 -76601 -73194.7 -71706.4 -73090.4 -75036 -79369.2 -79273.3 -80388.1 -80743.5 -81904.8
-0 -2310.67 -8829.07 -18608.3 -30422 -42852.8 -54281.9 -63301.7 -69037.9 -71019.8 -71079.6 -71050.2 -70750.3 -70417.8 -70477.2 -70922.8 -71286.7 -71114.1 -70498 -70027.5 -70153.7 -70696.9 -71153.3 -71283.9 -71092.1 -70654.9 -70112.5 -69689.2 -69499 -69391.4 -69258.6 -69241 -69467.8 -69819.9 -70341.8 -71020.5 -71675.5 -71738.8 -70941.2 -69727.6 -68678.3 -67932.5 -67472.4 -67386.2 -67810.8 -68617.8 -69648.4 -71106.3 -73102.3 -75099 -76559.3 -77537.7 -78025.8 -77143.8 -74450.4 -70989.7 -69180 -69925.3 -72412.8 -75262 -77593.7 -79159.6 -79983.5 -80369.4
-0 -2308.29 -8811.67 -18533.7 -30285.4 -42683.3 -54086.3 -63055.4 -68788.4 -70857.7 -70971.7 -70878.7 -70487.3 -70207.9 -70464.9 -71004.8 -71200.1 -70714.5 -69911.8 -69523.2 -69866.2 -70593 -71133.4 -71255.6 -70976.1 -70402.9 -69743.7 -69275.2 -69112.4 -69076.3 -68986.5 -68919.5 -68970.3 -69116.4 -69380.6 -69939.4 -70712.1 -71078.9 -70596.5 -69650.8 -68819.2 -68192.3 -67678.9 -67305.8 -67275 -67681.7 -68541.5 -69978.7 -71841.9 -73545.2 -74564.4 -75009.5 -74995.1 -73974.3 -71675.5 -68882.1 -67502.2 -68172.7 -70048.5 -72170.9 -74306.2 -76460.5 -78222.2 -79802.8
-0 -2303.05 -8795.76 -18486.4 -30190.1 -42533.5 -53888.5 -62820.8 -68555.6 -70653.9 -70739.8 -70607.1 -70217.4 -70052 -70405.7 -70868.8 -70823 -70125.7 -69323.5 -69105 -69605.2 -70376.8 -70878.2 -70941.1 -70621.3 -70028.1 -69363.7 -68866.8 -68667.7 -68672.7 -68719.6 -68802.3 -68909.1 -68957.6 -68976.2 -69196.9 -69687.1 -70031.7 -69825.2 -69243.6 -68664.1 -68149.5 -67537 -66879.9 -66492 -66656.5 -67438 -68800.5 -70266.6 -71374.9 -71837.9 -71863.2 -71572.6 -70563 -68746.4 -66998.1 -66443.3 -67286.5 -68706.2 -70122.7 -71958.6 -74489.8 -77293 -79918.4
-0 -2294.67 -8771.36 -18456.4 -30140.6 -42440 -53761.2 -62681.3 -68389.1 -70407.3 -70408.2 -70301.1 -70095.3 -70143.1 -70503.1 -70744.4 -70432.8 -69646 -68966.8 -68885.6 -69377.7 -70010.6 -70359.9 -70351.5 -70082.4 -69635 -69134.1 -68707.4 -68479.8 -68477.3 -68628.2 -68868.5 -69066.9 -69045.4 -68804.6 -68623.7 -68742.9 -69021.8 -69119 -68997.4 -68759.7 -68343.7 -67605.8 -66659.8 -65904.2 -65781.8 -66392 -67539.6 -68726.2 -69408.6 -69526.4 -69398.6 -69049.8 -68050.1 -66452.9 -65183 -65210.2 -66293 -67506.2 -68575.6 -70242.6 -73045.1 -76474.1 -79772.3
-0 -2278.27 -8727.75 -18428.8 -30120 -42419.5 -53801.4 -62812.3 -68496.1 -70331.4 -70172.1 -70116.4 -70227.7 -70512.5 -70782.4 -70721.1 -70192.9 -69443.6 -68937.6 -68908.2 -69261.6 -69682.2 -69874 -69817.1 -69627.9 -69377 -69104.8 -68830.7 -68630.1 -68596.8 -68741.8 -68972 -69094.9 -68906.8 -68430.5 -67985.2 -67932.5 -68347.3 -68936.4 -69419.8 -69590.3 -69257.4 -68350.6 -67093.3 -65934.4 -65391 -65638.7 -66483.3 -67434.7 -68087.1 -68404.7 -68525.4 -68229.4 -67098.1 -65341.9 -63980.4 -64006.7 -65178.4 -66601.8 -67862.1 -69573 -72408.9 -76051.5 -79818.4
-0 -2261.41 -8703.36 -18428.9 -30122.6 -42410.2 -53902.7 -63102.2 -68821.7 -70467.8 -70141.7 -70169.7 -70536.7 -70939.2 -71001.6 -70621.8 -69975.1 -69368.9 -69047 -69034 -69272.5 -69593.9 -69744.8 -69666.4 -69477.5 -69303.6 -69175.5 -69036.7 -68873.6 -68781.4 -68818.4 -68890.1 -68808.4 -68417.3 -67779.2 -67216.9 -67157.4 -67858.1 -69034.9 -70151 -70685.1 -70343.7 -69224.1 -67743.2 -66359.3 -65486.4 -65338.3 -65853.7 -66702.8 -67579.1 -68348.7 -68878.8 -68691 -67348.7 -65204.4 -63475.6 -63242.6 -64548.8 -66542.5 -68454.2 -70402.8 -73041.2 -76522.1 -80499.5
-0 -2255.68 -8716.26 -18482.1 -30141.1 -42308.6 -53804.8 -63172.6 -69018.8 -70632.6 -70282.5 -70413 -70901.6 -71236 -70996.2 -70331.3 -69647.6 -69211.2 -69038.3 -69059.5 -69313.8 -69725.5 -69965.5 -69858.9 -69545.5 -69285.8 -69175.9 -69099.3 -68932.9 -68743.2 -68638.2 -68543.8 -68296.3 -67779.1 -67052.8 -66404 -66306.2 -67205.8 -68831.7 -70410 -71130.3 -70646.5 -69310.4 -67807 -66576.3 -65740.5 -65378.1 -65562.5 -66261.5 -67298.6 -68448.4 -69392 -69538.7 -68348.2 -66175.3 -64224.4 -63735.4 -65118.5 -67544.4 -69984 -72091.9 -74419.7 -77543.5 -81405.2
-0 -2256.41 -8752.36 -18558.4 -30154.2 -42098.9 -53414 -62820.6 -68859 -70679.8 -70564.7 -70816.1 -71298.4 -71436.7 -70891.2 -70022 -69338.1 -69015.6 -68924.5 -69004.9 -69376.8 -69965.3 -70305.6 -70113.3 -69593.1 -69171.6 -69016.5 -68946.5 -68744.3 -68452.4 -68233.1 -68041.6 -67722.9 -67158.3 -66387.1 -65665.5 -65498.6 -66461.3 -68312.1 -70097 -70786.4 -70045.5 -68500.8 -67112.9 -66314.8 -65870.8 -65585.3 -65564.9 -66047.7 -67046.6 -68379.3 -69758.7 -70593.3 -70279.5 -68775.9 -66968.3 -66207.1 -67218 -69369 -71691.2 -73675.7 -75721.6 -78536.6 -82272.8
-0 -2253.37 -8762.53 -18594.7 -30154.7 -41904.2 -52938.5 -62220.1 -68402.3 -70554.6 -70800.4 -71208.1 -71638.6 -71585.5 -70851.8 -69913.7 -69262.6 -68993.7 -68945.4 -69106.8 -69602.2 -70283.5 -70595 -70235.4 -69505.9 -68943.5 -68728.9 -68620.5 -68371.1 -68029.2 -67751.3 -67502.3 -67123.7 -66517.1 -65757.6 -65124.1 -65090.4 -66175.5 -68124.4 -69885.8 -70346.6 -69262.4 -67488 -66181.1 -65787.9 -65861.7 -65913.3 -66010.4 -66413.4 -67286 -68682.8 -70553.4 -72354 -73360.9 -72970.4 -71631.5 -70638.1 -70734.2 -71886 -73483.5 -75107.9 -77026.7 -79745.7 -83290
-0 -2238.3 -8716.47 -18575 -30176.3 -41872.6 -52655.7 -61647.1 -67757.4 -70126.5 -70593.3 -71219 -71648.4 -71519.1 -70788.2 -69942.2 -69383.6 -69168.9 -69184.5 -69455 -70018.1 -70627.1 -70750.3 -70192.7 -69335 -68702.5 -68411.3 -68188.5 -67856.8 -67510.5 -67243.3 -66947 -66468.9 -65814.3 -65196.4 -64944.9 -65397.9 -66799.3 -68777.4 -70285.4 -70279.5 -68807.1 -66821 -65510.2 -65317.2 -65804.6 -66323.3 -66745.4 -67330.6 -68281.6 -69803 -72079.7 -74791.3 -76906.4 -77552.1 -76777.7 -75538.8 -74813.8 -74965.8 -75760.6 -77029.5 -78987.7 -81778.6 -84932.3
-0 -2214.34 -8650.19 -18515.1 -30226.6 -42031.8 -52633 -61204.4 -66949.2 -69276.1 -69908.5 -70658.7 -71121.1 -71031 -70448.8 -69795.7 -69371.5 -69240.9 -69365.9 -69766.3 -70348.1 -70783.8 -70675.1 -70015.4 -69203.5 -68615.8 -68241.7 -67818.1 -67310.2 -66941.7 -66716.9 -66411.1 -65902.9 -65311.1 -65015.1 -65338 -66460.9 -68229.3 -70072.8 -71061.1 -70419.9 -68562.9 -66466.4 -65194.1 -65108.3 -65801.2 -66782.8 -67652.2 -68531.6 -69602 -71156 -73655 -76933 -79844.7 -81247.7 -80855.8 -79616.8 -78515.9 -78149.8 -78500.6 -79604.2 -81686.1 -84502.1 -86869.6
-0 -2192.68 -8582.53 -18416.7 -30255.9 -42282.5 -52779.8 -60871.4 -66107.9 -68206.1 -68897.6 -69736 -70226.1 -70169.6 -69724.3 -69226.7 -68897.7 -68837.7 -69082.6 -69607 -70206 -70511.1 -70301.8 -69767.6 -69254.5 -68895.7 -68504.7 -67860.5 -67076 -66564.4 -66336.6 -66095.3 -65730.3 -65401.2 -65554.4 -66428.1 -68044.6 -69934 -71366.2 -71617.2 -70408.8 -68246.1 -66190.7 -65132 -65205.9 -66040.1 -67161.6 -68336.2 -69381.7 -70380.4 -71763.7 -74209.4 -77675.3 -80960.9 -82838 -82862.8 -82010.2 -81176.7 -80885.2 -81172.1 -82239.3 -84351.1 -86785.2 -88722.3
-0 -2175.97 -8519.15 -18330.6 -30277.7 -42526.2 -53061.9 -60770 -65587.5 -67464.2 -68161.4 -69009.3 -69410.4 -69224.8 -68744.7 -68251.6 -67912.4 -67854.9 -68168.1 -68788.6 -69440.3 -69763.1 -69686.7 -69536.5 -69569.4 -69664.4 -69432.5 -68667 -67607.5 -66807.3 -66466 -66340.3 -66257.2 -66312.2 -66873.3 -68105.1 -69763.1 -71342.5 -72116.1 -71595.7 -69869.1 -67657.1 -65910.8 -65237.7 -65537.3 -66411.2 -67508 -68620.6 -69558.8 -70261.8 -71341.5 -73517.5 -76874 -80310.5 -82517.2 -83156.2 -82921.8 -82743.1 -82862.1 -83294.4 -84333.9 -86249.3 -88145.6 -89595.3
-0 -2165.29 -8459.66 -18243.3 -30286.6 -42761.1 -53462.6 -61134 -65729.1 -67503.6 -68137.1 -68837.9 -68956.7 -68428.9 -67709.5 -67080 -66651.9 -66531.5 -66830.1 -67491.4 -68222.2 -68706.3 -68954.9 -69334.6 -70024.1 -70728.2 -70891.3 -70231.4 -69040.3 -67964.6 -67443.1 -67420.4 -67719 -68169.6 -68912.4 -70000.4 -71161 -72045.4 -72076.6 -70964.7 -68996.3 -66955.5 -65642.4 -65366.6 -65854.7 -66675.9 -67608.2 -68518 -69206.4 -69685.4 -70463.4 -72270.9 -75348.6 -78841.6 -81511.5 -82895.5 -83448.8 -83830.9 -84304.3 -84866 -85770.5 -87270.6 -89211.6 -90492.2
-0 -2154.62 -8413.68 -18195 -30352.2 -43060.8 -54031.2 -61879.8 -66531.9 -68255.2 -68718 -69092.5 -68757.3 -67780 -66731.6 -65935.3 -65427.8 -65231 -65440.6 -66053.4 -66843.2 -67539.1 -68166.1 -69036 -70279.3 -71560.4 -72265.4 -72011.7 -70997.2 -69878 -69261.5 -69294.7 -69771.8 -70397.3 -70948.9 -71449.8 -71768.9 -71789.5 -71178.2 -69774.8 -67875.6 -66168.9 -65277 -65308.5 -65886.5 -66592.2 -67323.9 -68092.7 -68743.3 -69209.4 -69834.3 -71289.7 -73959.7 -77365.8 -80457.9 -82605.9 -83904.2 -84749.2 -85375.1 -85860.7 -86184.5 -87367.9 -88538.6 -89265.7
-0 -2143.94 -8405.74 -18230.2 -30512.9 -43449.5 -54726.2 -62871.7 -67663.5 -69267.5 -69421.5 -69391.9 -68587.5 -67205.8 -65884.7 -64969.2 -64429.8 -64177.3 -64261.7 -64748.4 -65536.9 -66412.7 -67352.3 -68549.3 -70087.9 -71702.8 -72866.4 -73172.5 -72667.1 -71849.6 -71356.4 -71414.1 -71833.9 -72220 -72244.4 -71883.4 -71269.7 -70533.5 -69523.5 -68139.6 -66573.7 -65324.9 -64835.9 -65107.9 -65740.3 -66364.7 -66987.5 -67740.4 -68538.7 -69201.4 -69823.9 -70908.6 -73014.7 -76020 -79182.9 -81811.9 -83642.4 -84773.6 -85406.5 -85722 -85966 -86310 -86725.7 -86951.2
-0 -2139.15 -8440.93 -18339.3 -30724.3 -43825.5 -55375.8 -63820.9 -68737.4 -70142.8 -69920.9 -69528.8 -68410.1 -66782.3 -65294.8 -64283.5 -63697.5 -63389.6 -63364.2 -63729.9 -64498 -65524.1 -66691.8 -68061.9 -69645.7 -71275 -72600.6 -73307.9 -73358.6 -73022.7 -72793.8 -72846.1 -72989.4 -72826.5 -72211.9 -71100 -69808.5 -68652.3 -67567.7 -66464.7 -65404.9 -64695.9 -64631.7 -65166.7 -65922.3 -66571.8 -67167.1 -67903.2 -68775.1 -69565.6 -70179.4 -70911.5 -72358.5 -74706.3 -77502.8 -80113.8 -82080.3 -83282.3 -83871.6 -84084 -84139.4 -84149.6 -84120.2 -84110.9
-0 -2148.29 -8490.02 -18452.6 -30885.4 -44074.9 -55855.6 -64560.6 -69545.5 -70757.5 -70210.3 -69545.8 -68317.5 -66641 -65064 -63944.3 -63254.4 -62868.6 -62783.3 -63110.2 -63905.9 -65062.9 -66393.3 -67823.1 -69304.7 -70732 -71926.6 -72709.5 -73037.6 -73033.7 -72969.4 -72903 -72686.9 -71989.5 -70947.7 -69485.4 -68009.5 -66851.9 -65990.1 -65309.6 -64824.8 -64622.9 -64914.3 -65701.7 -66639.5 -67388 -67967.1 -68576.3 -69305.7 -70031.8 -70561.7 -71030.2 -71922.4 -73550.6 -75712.6 -77904.3 -79657.8 -80779.4 -81367.9 -81640.6 -81732.5 -81703 -81646.6 -81721.4
