Code/MW_40/2160/MW_40_2160_140/2.9_40_2160_moho_undulation.grd
DSAA
181 201
-5400000.0 5400000.0
-6000000.0 6000000.0
-122227.448380695 -0.0
[rows 56 to 83 of 201, columns 0 to 63 of 181]
-0 -2831.09 -10995.4 -23573.1 -39288.8 -56370.8 -72549.7 -86147.6 -94908.9 -98593.2 -98519.5 -98603.4 -98586.1 -98465.2 -98857.3 -98053.9 -97295 -97168.1 -97561.1 -98672.6 -98574.3 -98566.9 -98074.3 -97526.7 -97806.2 -98022.6 -96650.1 -97483.1 -96840.5 -95930.9 -95279.3 -95048.4 -95008.9 -95164.8 -96040.7 -97444.3 -99018.9 -100358 -101503 -102056 -101372 -101665 -101733 -101925 -101769 -101581 -101325 -101236 -102104 -101582 -101178 -101026 -100612 -100528 -100455 -100511 -100636 -101264 -100493 -101575 -100708 -99891.4 -100067 -99799.1
-0 -2853.27 -11021.1 -23627.5 -39488 -56547.6 -72617.4 -86008.5 -94658.5 -97856.3 -98237.7 -98517.1 -98239 -98286.5 -97874.4 -97633.8 -96658.8 -96560.8 -96622 -96790 -97143 -97312.8 -97194.4 -97344.2 -97496.1 -96490.5 -95631.4 -96875.3 -96528.6 -95722.6 -95193.3 -94729 -94652 -94944.9 -95752.5 -98185.7 -99357.7 -100069 -100885 -100826 -101036 -101922 -102218 -103715 -102077 -101644 -100882 -100739 -101196 -100354 -99675.4 -99565.5 -99579.1 -99912.4 -100262 -100489 -100531 -100883 -100743 -100243 -100191 -100239 -100750 -100149
-0 -2839.99 -11027.8 -23694.3 -39926.9 -56390.5 -72950 -86019.4 -94189.7 -97066 -97505.3 -98824.1 -99323.5 -97760.3 -97107.1 -96149.7 -95730.9 -95534.9 -95422.5 -95754.6 -96506 -96345.9 -95939.9 -96199.9 -96831.5 -95875 -95253.3 -95967.8 -95454.9 -95309 -95194.5 -94927.3 -94749.9 -95177.6 -96261 -98140.9 -98981.5 -98775.6 -99405 -99764.7 -99862.3 -101072 -102461 -102576 -102009 -101793 -101094 -100696 -100432 -99618.4 -99176.9 -99266 -99781.2 -100467 -101039 -101074 -101020 -101129 -100956 -100871 -100215 -100782 -100911 -100745
-0 -2835.44 -11028.8 -23816.3 -39845.9 -57298.1 -73252.1 -86165.6 -93828.4 -96280.1 -96621.6 -97319.3 -97736.7 -96625.7 -95524.2 -94951 -94704.1 -94566.3 -94665.1 -94951.8 -95772.3 -95603.5 -95897.7 -96121.4 -95894.3 -95131.3 -94824.5 -94876.1 -94614.1 -95118.6 -95704.3 -95624.8 -95360.3 -95672.8 -96373.1 -97627.3 -97408.2 -97785.9 -97516.9 -96876.6 -98125.2 -99172.5 -101206 -102457 -102365 -101785 -100984 -101213 -100439 -100099 -100013 -100336 -101157 -101104 -101894 -102013 -101969 -101466 -101240 -100729 -100466 -100947 -100951 -101117
-0 -2835.82 -11035.2 -23888.7 -39793.5 -57499.8 -73394.7 -85479.4 -93056.6 -95700.1 -95978.7 -96197.7 -96351.3 -95567.3 -94592.6 -94242.8 -93855.8 -94119.1 -93655.7 -94480.9 -95476.8 -95217.5 -95728.3 -95378.3 -94988.5 -94631.5 -94438 -94340.4 -94421.7 -95265.3 -96135.9 -96245.9 -96018.7 -96131 -96618.9 -96972.8 -96168.9 -95485.1 -93687.1 -93373.4 -95571.6 -98101.9 -100418 -102042 -102326 -101620 -101279 -100554 -100660 -100949 -101022 -101407 -101939 -102121 -103105 -103132 -102646 -102026 -101429 -100724 -100544 -100629 -100718 -100761
-0 -2842.4 -11057.1 -23856.2 -39712.6 -56861.9 -72707.7 -84504.5 -92348.3 -95301.6 -95613.4 -95732.4 -95660.1 -94847.8 -94068.7 -93789.7 -93436.2 -93280.3 -93216.6 -94049 -95107.7 -95414.2 -95184 -94844.5 -94521.7 -94469.6 -94222.3 -94253.9 -94707 -95410.7 -96466.5 -96738.7 -96628.8 -96778.4 -97222.4 -96774.9 -95858 -93255.3 -90896.7 -90675.9 -93415.3 -97046.1 -99324.3 -101619 -102041 -101362 -101012 -100957 -101153 -101775 -101809 -102104 -102453 -103037 -103700 -103279 -102862 -102028 -101193 -100513 -100015 -100046 -100178 -100951
-0 -2854.78 -11037.6 -23687.2 -39335.4 -56008.8 -71474.6 -83452.6 -91480.9 -94848.5 -95487.2 -95451.4 -95048.6 -94383.1 -93661.6 -93514.3 -93133.7 -92861.7 -92987.8 -93617.6 -94065 -95437.4 -94612.1 -94652.9 -94490.9 -94147.4 -94080.3 -94444.6 -94992.6 -95204.5 -96452.6 -97002.1 -97270.2 -98026.7 -98239.4 -97425 -96391.8 -93591.1 -91119.5 -91056.8 -93910.8 -96575.8 -99992.1 -101583 -101732 -100914 -100763 -100839 -101480 -101738 -101839 -102042 -102597 -102713 -103077 -102845 -102250 -101532 -100329 -99880.8 -99101.4 -98859.7 -99851.2 -100711
-0 -2862.79 -11019.5 -23586 -38917.6 -55247.8 -70332.5 -82266.5 -90494.4 -94169.7 -94947.4 -95007.1 -94654.2 -93941.8 -93385.7 -93230.5 -92790.5 -92299.7 -92478.5 -93058.3 -92807 -94498.6 -94068.9 -94496.8 -94454.4 -94361.6 -94573.1 -94500.8 -94700.5 -94425.6 -95877.7 -97122.5 -97987.7 -99566.6 -99685.3 -99055.4 -97737.8 -96583.9 -94744.7 -94732.7 -96234.4 -98934.7 -101309 -101548 -101352 -100126 -99763.3 -99314.7 -100553 -100980 -100612 -100770 -101218 -101255 -101705 -101745 -101097 -100372 -99881.6 -99315.9 -98468.3 -98590.1 -99538 -100152
-0 -2855.42 -10948.2 -23326.7 -38504.7 -54667.2 -69538.2 -81599.7 -89918.9 -93608.5 -94519.7 -95104.7 -93955.4 -93355.4 -93065.9 -92560.4 -92176.8 -91729.8 -92118.2 -92573.9 -92742.7 -92720.3 -93534.2 -94411.3 -94972.4 -94593.1 -94346 -93826.1 -93613.9 -94070 -95541.8 -97218.8 -98663.1 -100608 -101867 -102422 -101262 -99494.8 -99293 -97464.2 -98700.4 -100895 -102053 -101520 -100423 -98753.2 -97605 -96801.7 -97615.6 -99092.5 -99286.4 -99909.2 -99379.8 -100237 -100093 -100146 -99298.9 -99446.1 -100245 -98775.7 -98386.5 -98617.2 -99143.9 -99465
-0 -2849.36 -10908 -23191.6 -38258.5 -54434.6 -69638.4 -81911.7 -90366.1 -93561.6 -94219.4 -94331.9 -92818.5 -92414.4 -91972.1 -92001.5 -91926.3 -91984.3 -92253.5 -92433.3 -92104.5 -91634.3 -92346.4 -93616.4 -94451 -94353 -94014 -92831.4 -92675.7 -93752.1 -95396.1 -97250.3 -98679.7 -100680 -103073 -104721 -104518 -103255 -102065 -102328 -103004 -102624 -102749 -101164 -99228.8 -97115.1 -96025.4 -95967 -96773.1 -97397.7 -97791.7 -98124.6 -98384.7 -98545 -98799.3 -98751.8 -98542.1 -98957.2 -99705.5 -99413.3 -98877.1 -99356.3 -99944.6 -99963.1
-0 -2843.31 -10887.8 -23071 -38077.8 -54373.4 -69350.2 -82148.9 -90583.2 -94145.6 -94710.2 -94100.7 -92596.3 -91265.7 -90670.9 -91092 -91963.7 -92786.4 -93213.5 -92876.9 -91864.2 -91245.9 -91575.2 -92851.4 -94015.8 -94771.2 -94227.9 -93019.9 -92849.9 -94284 -95707.6 -97623.2 -98758.6 -100554 -103010 -104982 -105936 -105319 -104950 -105255 -104739 -102914 -102063 -99990 -97905.6 -96227.5 -95350.1 -95452.9 -96119.9 -96909.2 -97424.2 -97877.6 -98209.8 -97858.5 -97682.6 -96760.6 -97602 -98161.2 -98484 -99682.9 -99736.9 -100490 -100464 -100598
-0 -2852.23 -10922.4 -23169 -38005.8 -54420.1 -70086.5 -83356.4 -91415.1 -94735.4 -94569.2 -93823.9 -92215.4 -90066.7 -89552 -90614.3 -92503.4 -93572.8 -94150.8 -93784.1 -92363.1 -91118.9 -90982.2 -92478 -94446.6 -94683.4 -94583.1 -93969 -93674.5 -95336.2 -97072.3 -98512.2 -99039.9 -100959 -103122 -104225 -105521 -105515 -105489 -105028 -103732 -101995 -100558 -98826.9 -97248.6 -96019.5 -95267.3 -95736.8 -96454.6 -97090.6 -96471.7 -97932.2 -98230 -98010.2 -97195.9 -96957.4 -96789.1 -97441.4 -98118.6 -99671.5 -100551 -100922 -100599 -100890
-0 -2871.31 -10938.6 -23228.4 -38005.6 -54570.1 -70647.9 -83608 -91560.7 -94720.5 -94153.9 -93879.1 -91703.9 -89449.1 -89102.4 -91003.5 -92782.4 -94481.3 -95163.9 -94027.5 -92840.4 -91447.1 -91062.3 -92862.8 -93950.3 -95474.3 -95889.4 -95454.4 -95767.4 -96894.2 -98619.8 -99435.4 -99980.6 -101419 -102297 -103643 -104202 -104355 -103983 -103072 -101768 -100233 -98769.8 -97653.9 -96679.6 -95905.1 -95644.2 -96146.7 -96924.3 -97591.7 -97781.2 -98292 -98750.2 -98167.2 -97524.6 -96944.8 -96612.9 -97056.7 -98129 -99792.5 -100727 -101111 -100929 -101028
-0 -2876.41 -10992.4 -23212.2 -38250.1 -54908.8 -70777.3 -83496.9 -91855.4 -94531.8 -94685.5 -93837.5 -91589.1 -89587.2 -89578 -91195.2 -93399.2 -95015.5 -95412.5 -94386.7 -93744.6 -92184.9 -92004.3 -92580.8 -94823.8 -96524.3 -96522.9 -96375.6 -97071.8 -98183.3 -99612.4 -100340 -100450 -100812 -101877 -102185 -102729 -102672 -102046 -100911 -99804.5 -98451.1 -97284.8 -96456.6 -95795.6 -96270.3 -95641.4 -96059.1 -97007.8 -97624.1 -98282.6 -98578.8 -98716.5 -98338.2 -97719.2 -96968.5 -96935.1 -97528.3 -98402.9 -99649.1 -100533 -100890 -100766 -100610
-0 -2891.43 -11026.5 -23315.6 -38606.6 -55274.4 -71056.7 -83806.2 -91612.7 -94516.1 -94638.3 -93817.7 -92155.5 -90593.4 -90462.6 -91892 -93292.6 -94233.4 -94861.3 -94652.5 -93621.8 -92217.4 -91923.5 -93819 -96011.8 -96681 -96707 -97202 -97625.2 -99369 -99904 -101059 -100766 -100824 -101186 -101350 -101171 -100755 -100480 -99340.5 -98211.4 -97124.6 -96306.7 -95419 -95242.6 -95912.3 -95514.2 -95875.6 -96587.9 -96945.9 -97942.2 -98165.3 -98034 -98302 -98534.4 -98073.9 -98537.4 -98636.1 -98827.5 -99468.8 -100087 -100203 -100249 -100325
-0 -2862.62 -10973.1 -23375.1 -39076 -55698.8 -71400.2 -83693.3 -91252.9 -94212.4 -94462.4 -94036.6 -93067.4 -91935.8 -91705.5 -92168.7 -92621.1 -92870.7 -93347 -93527.3 -93025.9 -92807 -93286.4 -95326.7 -96302.7 -96658.3 -96725 -97647.8 -98714.4 -100434 -100831 -100783 -100622 -100588 -100433 -100218 -99434.5 -99082.7 -98927.7 -98165.7 -97077.2 -96447.9 -95739.8 -95078.8 -94892.4 -95425.8 -95405.6 -95700.2 -96004.4 -96338.7 -97504.5 -97664.7 -97518.2 -97924.6 -98322.5 -98853.4 -99267.2 -99612 -99500.1 -99590.7 -99902.7 -99964.1 -100136 -100239
-0 -2838.04 -10956.4 -23390.8 -39161.2 -55858.3 -71407.1 -83505.7 -91179.7 -94208.3 -94520.2 -94682.4 -93826.6 -92972.5 -92749.6 -92365.8 -92056.2 -91939.5 -91920.8 -92137.6 -92301.2 -93136 -94363.4 -95731.1 -96693.4 -97058 -97165 -98343.4 -99859.2 -101041 -101175 -100182 -100771 -99686.6 -99718.9 -99045.1 -98301.5 -99333 -98297.5 -98454.8 -96782.1 -96297.8 -95800.5 -95298.1 -94503.6 -94853.4 -95290.1 -95387.1 -95678.2 -96321.7 -96917.8 -97712.6 -97492.1 -97234.3 -97562.7 -98564.8 -99587.7 -100044 -99989.6 -99961.6 -100067 -100160 -100250 -100272
-0 -2848.35 -10933.5 -23351.5 -38940 -55733.3 -71293 -83611.2 -91712.8 -94675.3 -94940.2 -94871 -94210.7 -93665.9 -93279.7 -92783.6 -92222.3 -92176.1 -91983.4 -91730.6 -91739.4 -92928.8 -94659.7 -96505.9 -97064.1 -97683.6 -98027.6 -99406.3 -100681 -101287 -100876 -100513 -100158 -99497.9 -99637.7 -99002.3 -98544.2 -99257.2 -98794 -97889.4 -96823.5 -96399.4 -95925.1 -95455 -94814 -94900.1 -95109 -95118.5 -95614.8 -96502.3 -97119.4 -97419.1 -97527.9 -96693.3 -96783 -97846 -99281.6 -99913.3 -100112 -100157 -100222 -100317 -100437 -100282
-0 -2838.88 -10910 -23292.8 -38804 -55692.7 -71625.8 -84326 -92586.2 -95390.4 -95233.4 -95093.4 -95237.6 -94414.6 -94040.6 -93302.6 -93282.3 -92488.9 -92479 -91664.8 -91955.6 -93405 -95293.5 -96907.2 -98214.8 -98215 -98608.5 -99627.3 -101096 -101064 -100539 -100418 -99944.4 -99503 -99594.7 -99290.2 -99192.7 -99083.2 -98662.6 -97796.4 -97168.9 -96329.4 -95876.1 -95124.1 -95181.6 -94921 -95108 -95030.9 -95643 -96804.4 -96837 -96946.1 -97578.3 -96681.6 -96835.1 -97906.3 -98921.4 -99639.8 -99883.5 -100030 -100094 -100238 -100364 -100234
-0 -2812.49 -10864.2 -23263.5 -38834.7 -55903.4 -72028.7 -85104.1 -93425.4 -95954.7 -95605.3 -95416.1 -95700.5 -95420.9 -94648.8 -94132.2 -93467.6 -93233.2 -92871.4 -92681 -93220.5 -94403.2 -95856.7 -97592.5 -97950.7 -98041.5 -98225.7 -99484.5 -100541 -100430 -100006 -99159.6 -99058.8 -99618.9 -99346.7 -99243.7 -99008.6 -98957.5 -98613.1 -98010.2 -97269.3 -96243.4 -95464.2 -95040.5 -95145.2 -94980.8 -94978 -94987.2 -95623.7 -96744.8 -96432.1 -97626 -97703.7 -96858.9 -97079.5 -97907 -99075.7 -99510.3 -99574.7 -99668.1 -99748.3 -99848.2 -99939 -99999.8
-0 -2797.01 -10846.4 -23333.5 -39168.2 -56271.6 -72534.3 -85699.4 -93787.9 -96120 -95794.4 -95690.1 -95768.4 -96148.1 -94702 -94196.8 -93507.4 -92986 -93266 -93784.2 -94316.1 -95125 -96525.5 -96939.7 -97252.7 -97264.5 -98095 -98803 -99526.1 -99458.8 -98959.4 -98480.8 -98040.1 -99354.3 -98884.4 -98627.9 -98421.8 -98452.5 -97964.3 -97458.7 -96723.6 -96314.4 -95179.5 -95345.6 -94849.3 -95133.7 -94986.3 -94949.2 -95672.8 -96563.4 -96900.9 -97662.1 -97554.4 -97521.1 -97803.9 -98572.6 -99283.1 -99476.1 -99427.5 -99413.9 -99462.3 -99439.9 -99469.2 -99699.1
-0 -2798.06 -10904.3 -23500.6 -39427.9 -56486.9 -72916.6 -86963.9 -94592.3 -96211.8 -95776 -96153 -96689.2 -96650.6 -94925 -93524.7 -92420.8 -91976.7 -92657.8 -93894.1 -95156 -95169.9 -95289.1 -96158.4 -96329.8 -97031.3 -97236.1 -98284.9 -98409.6 -98237.8 -97638.8 -96953.2 -97187.5 -97643.4 -97404.1 -97921.8 -97698.4 -97698.1 -96967.7 -96379.8 -95893.1 -95458.3 -94942 -95052.3 -95060.6 -95248.1 -95042.9 -95139.7 -95614.2 -96248.7 -96835.4 -97480.6 -97516.8 -98217.6 -98343.2 -98666.2 -99220.1 -99411 -99357.2 -99404.9 -99399.6 -99220.9 -99157.5 -99455.3
-0 -2801.38 -10974.6 -23657.5 -39431.7 -56394.7 -72510 -86087.8 -93298.3 -95667.9 -95446.4 -96014.6 -96533.7 -96299.3 -94600.8 -92594.8 -91445.1 -91419.5 -92246.7 -93397.7 -94395.8 -94663.8 -94997.2 -95498.3 -96061.7 -96679.7 -96890.1 -97610.6 -97582.9 -97278.6 -96781.8 -95863.1 -95720.4 -95646.7 -95870.1 -96606.6 -96333.1 -96150.9 -95782.5 -94967.6 -94419.5 -94287.4 -94355.1 -94309 -94181.4 -94936 -94901.7 -95081.4 -95064.2 -96190.3 -95810.1 -97986 -98253.3 -98186.7 -98136.8 -98752.9 -99157.5 -99341 -99251 -99278.1 -99248.9 -99090.8 -99066.8 -99453.1
-0 -2794.41 -10992.7 -23482.9 -39554.1 -56247.9 -72656.1 -84886.1 -93126.6 -94942.4 -94871.6 -95457.1 -96113 -95580 -94141.3 -92092.8 -91165.6 -91554 -92456.2 -92971.5 -93225.7 -93986.8 -94705.4 -95538.6 -96458.1 -97096.7 -97147.9 -97051.8 -97204 -96974 -96916.3 -95227.7 -94804.3 -94674.2 -95077.6 -95013.5 -94828.1 -94643.3 -94203.3 -93564.7 -93277.4 -93371.2 -93845.9 -93555.4 -92661.5 -94280 -94154.6 -94643.6 -94915.3 -95811.8 -96312.3 -97570.6 -97919.6 -97843.5 -97842.7 -98788.7 -99229.5 -99223.1 -99157.7 -98945.7 -98910.1 -98910.8 -99046.3 -99687.3
-0 -2782.94 -10848.1 -23212.1 -38821.5 -55295 -71915.1 -83845.5 -91560.1 -94266.1 -94219.8 -94823.3 -95477.6 -94989.7 -93722.3 -92259 -91276.9 -91634.2 -92239.9 -93087.5 -93249 -93769.1 -94674.7 -96006.4 -97164.8 -97910.2 -97720.2 -97282.4 -97034.4 -96837.4 -95642.3 -94686.4 -93955.7 -94051.5 -93348 -93565.6 -93382.8 -93549.6 -93146.9 -92795.9 -92974.4 -92894.1 -92896.4 -93277.9 -92969.2 -93495.9 -93592.8 -94097.8 -94336.7 -95462.9 -96347.6 -96322.7 -96629.4 -96929.2 -97373.2 -98620.2 -99086.3 -99258.9 -98911.8 -98540.2 -98513.9 -98676.2 -99057.3 -99776.3
-0 -2762.34 -10652 -22781.6 -37779.5 -53791.6 -69232.6 -81856.9 -90078.7 -92711.6 -93137.7 -93348 -94358.3 -94116.2 -93696.7 -92646 -91643.2 -91941.5 -92931.5 -93915.8 -93921.7 -94187.2 -95258.9 -95961.1 -97692.2 -98142.5 -98017 -97604.3 -97150.5 -96425.7 -95453.9 -94220.4 -93656 -93135.7 -92554.7 -92708.8 -92949.7 -92219.7 -91778.4 -92471 -93123.3 -93080.9 -92923.9 -92880.7 -93266.4 -93300.8 -93170.1 -93591.3 -94431.9 -95120.8 -95134.9 -94938.2 -95298.5 -96071 -96953.5 -98067.7 -98693.8 -98862.9 -98632.7 -98419 -98441.5 -98774.1 -99207.5 -99705.5
-0 -2730.59 -10471.7 -22279.8 -36839.5 -52315.9 -67199.8 -79191.9 -87331.3 -90584.7 -91285.2 -91547.5 -92999.9 -92630.1 -93138.2 -92834.8 -92351.1 -92659.3 -93330.8 -95063 -94862.2 -95416.8 -95753.2 -96618.8 -97520.5 -97939.5 -97870 -97600.3 -96855.4 -96185.3 -94647.3 -93272.4 -92574.2 -91392 -90963.8 -91271.4 -91951.3 -91536.8 -93007.6 -93454.1 -93233 -93534.6 -93434.3 -93319.5 -92886 -93340.1 -93203.2 -93521.9 -93608.5 -94212.7 -94204 -94004.2 -94582.8 -95518.9 -96440.2 -97182.9 -97795.7 -98210.9 -98376.6 -98342.3 -98624.2 -99227.1 -99709 -99972.2
-0 -2698.1 -10290.7 -21839.2 -35907.1 -50911.6 -64948.9 -76401.1 -84255.4 -87641.3 -88471.3 -89357.8 -90421.3 -91666.4 -92199.8 -92343.3 -92535.7 -93753.6 -93488.3 -95403.8 -95830.4 -95992.1 -96897.2 -97388.4 -98156.1 -98352.9 -97803.5 -97302.3 -96805.2 -95495.5 -93457.7 -92401.1 -90696.2 -89390.6 -89013.8 -89716 -90853.6 -91457.4 -92623.3 -93249 -93224.9 -93808.2 -93603.5 -93773.8 -92941.8 -93600.6 -93147.4 -93635.2 -94499.8 -94180.5 -93707.6 -93766.9 -94525.4 -95373.8 -95900.3 -96335.8 -96962.3 -97650.6 -98111.4 -98396 -98883.7 -99687.8 -100461 -100689
