Code/Results/Ref_40/700/MW_40_700_140/2.9_40_700_rms_map_shift_100km.grd
DSAA
170 190
-5100000.0 5040000.0
-5700000.0 5640000.0
212.91039242287385 33495.3067383106
[rows 30 to 59 of 190, columns 0 to 66 of 170]
32876.1 30952.2 27205.8 22346.1 16901.7 11505.2 6783.45 3130.56 968.921 738.234 711.669 721.308 713.494 777.343 697.287 659.923 685.467 731.945 796.051 862.546 888.237 946.712 985.192 944.389 950.093 926.25 897.971 894.759 893.166 962.74 1029.25 1016.26 1011.94 1021.58 970.155 986.389 1070.84 1118.08 1136.91 1147.32 1066.05 961.836 962.676 1000.19 1043.19 983.712 867.381 746.899 753.038 752.005 768.845 825.138 792.14 768.951 707.612 711.907 924.5 968.461 964.536 875.304 779.973 758.922 832.482 943.829 1023.39 1098.55 1074.47
32858.4 30926.5 27201.5 22359.3 16900.7 11483.3 6725.52 3078.86 932.18 737.927 707.412 716.529 709.183 771.696 684.355 605.346 630.454 689.525 768.649 831.08 870.254 945.507 990.137 947.676 950.657 912.401 877.118 865.055 835.873 886.893 934.438 922.303 938.125 926.814 834.889 821.222 891.519 938.403 958.959 969.635 888.284 763.093 759.66 822.699 893.757 859.762 750.063 641.557 650.239 666.827 722.399 819.04 792.904 752.108 668.885 687.149 912.573 976.301 990.75 914.22 828.03 807.897 859.174 970.164 1025.78 1092.04 1075.73
32868 30952.3 27251.1 22453.3 16980.4 11522.8 6651.33 3044.15 916.503 729.468 700.892 713.934 699.323 759.318 674.152 582.419 599.478 656.331 732.099 791.35 830.205 918.245 965.105 918.258 940.708 902.72 860.308 854.669 813.993 860.877 896.864 862.778 843.899 793.868 700.902 658.261 700.706 749.75 761.334 778.207 715.419 645.541 671.568 746.93 806.992 786.909 677.792 583.801 596.396 620.514 817.277 1024.98 985.141 905.001 814.578 817.194 948.611 1013.28 1041.81 992.459 915.072 832.66 855.659 969.508 1019.62 1044.23 1021.02
32922.6 31027 27347.8 22568.7 17078.5 11561.2 6582.37 3008.74 894.681 744.23 726.549 728.931 695.276 746.187 640.685 534.981 532.1 579.663 637.384 708.381 764.525 871.561 909.429 861.833 904.047 868.913 831.404 846.799 832.469 883.757 896.092 818.233 760.691 698.709 637.816 622.612 626.311 640.526 652.58 697.639 662.708 675.832 730.776 777.975 797.005 784.193 707.949 619.476 663.784 691.929 865.643 1045.77 1049.48 970.019 885.489 876.492 909.881 958.363 983.399 964.175 899.062 748.499 749.863 859.004 885.303 890.967 867.842
32929.7 31043.6 27384.4 22599.8 17102 11557.9 6531.04 2982.54 879.333 757.6 733.605 710.74 662.232 687.756 584.255 490.695 530.808 639.065 665.973 725.549 791.589 872.984 899.919 875.156 922.801 914.316 890.557 885.626 873.541 923.261 914.951 811.695 759.454 710.989 653.665 660.234 616.005 605.005 617.276 675.145 670.481 721.595 801.681 833.586 849.048 859.966 851.222 771.619 811.125 842.238 948.907 1084.53 1082.94 1001.84 921.362 910.206 916.431 957.195 976.385 980.884 926.702 752.367 716.061 801.011 824.476 822.953 784.307
32873.7 31000.3 27364.9 22576.8 17097.4 11573.5 6576.22 2976.8 852.233 745.951 701.787 664.128 620.009 628.327 553.034 506.532 646.926 819.956 869.688 903.772 928.914 948.22 969.282 971.459 1038.75 1057.4 1021.76 963.987 911.419 948.992 922.774 821.237 790.481 750.971 689.242 706.689 679.29 678.497 687.7 747.602 744.938 786.453 829.175 857.901 875.568 893.024 909.961 832.767 880.878 912.858 990.205 1118.07 1114.77 1030.38 950.239 946.392 962.134 1023.02 1051.7 1066.16 1003.97 828.144 772.565 828.452 865.321 854.604 795.259
32852.1 30984.6 27364.5 22574.9 17083 11573 6617.78 2971.11 832.918 745.038 684.139 644.754 625.986 632.583 590.667 561.966 686.462 830.451 866.555 892.106 916.014 939.342 966.049 981.818 1059.11 1065.33 1033.32 952.634 913.877 948.311 927.2 831.904 824.907 800.946 744.916 750.234 714.959 710.814 722.445 771.996 754.409 780.68 779.572 796.145 817.552 856.114 908.013 900.524 961.782 1002.68 1047.73 1143.56 1126.38 1045.02 962.747 953.96 956.891 1011.14 1041.17 1075.91 1015.92 835.978 778.613 844.22 894.178 888.806 827.113
32800 30946.8 27336.3 22537.2 17031.8 11531.4 6600.05 2960.62 788.292 704.191 650.135 642.5 646.142 681.883 673.603 621.028 706.226 839.13 844.881 878.498 919.065 957.862 1000.35 1023.24 1084.59 1076.32 1062.14 965.262 921.381 951.994 952.661 865.168 866.978 844.026 770.229 749.656 704.579 711.734 726.486 753.539 717.05 728 705.191 723.261 758.059 832.013 929.14 956.108 1020.92 1078.72 1097.14 1161.32 1134.45 1061.51 967.926 957.949 946.906 995.519 1049.86 1111.87 1068.27 877.281 813.194 906.885 963.724 968.031 911.459
32699.1 30855.8 27246.4 22437.5 16945.8 11429.7 6466.21 2959.41 738.66 628.328 629.854 636.632 669.401 739.293 763.702 674.727 727.579 860.753 857.323 913.657 978.948 1033.79 1090.79 1110.89 1134.41 1126.26 1116.48 999.345 957.295 1007.87 1044.03 960.16 956.428 901.693 778.199 737.761 690.497 708.243 718.834 723.189 666.298 673.789 658.604 689.347 753.485 866.549 996.114 1026.88 1075.76 1137.93 1152.6 1186.26 1141.35 1065.5 971.101 960.21 955.712 1049.53 1140.05 1220.83 1202.25 1011.09 936.044 1016.04 1066.17 1069.41 1011.87
32626.8 30778.9 27160.8 22345.4 16869.5 11353.2 6382.94 2978.66 759.815 609.709 631.904 644.602 713.693 827.374 868.285 774.585 793.667 903.573 906.601 965.978 1049.65 1123.2 1156.14 1132.28 1129.96 1127.58 1122.55 1016.62 987.405 1028.45 1012.09 883.715 869.942 813.921 670.325 593.491 552.612 596.756 606.711 583.086 579.073 630.118 646.919 688.043 808.563 968.644 1102.01 1134.59 1161.68 1213.15 1236.81 1223.88 1152.54 1064.47 969.753 977.835 1010.49 1130.09 1261.16 1353.71 1354.98 1169.43 1064.94 1119.94 1156.98 1136.3 1057.78
32596.1 30740.7 27107.2 22280.5 16803 11301.1 6337.74 3011.49 806.775 614.612 635.113 669.6 765.997 885.617 932.955 830.009 851.552 967.976 981.637 1010.52 1105.54 1172.92 1162.87 1132.99 1128.96 1111.94 1093.83 1017.74 1023.13 1004.09 902.076 751.852 761.066 713.863 537.693 414.38 397.017 460.315 478.83 452.419 529.409 615.009 648.432 711.379 878.185 1042.14 1162.15 1172.75 1179.64 1239.45 1267.79 1211.67 1089.82 976.243 890.925 944.492 1020.41 1161.38 1338.03 1463.76 1490.32 1314.05 1188.51 1208.73 1205.44 1124.45 1023.92
32581.2 30711.7 27066.8 22239.1 16760.8 11278.5 6314.89 3064.94 867.187 620.31 642.659 700.266 809.433 910.343 926.837 822.602 904.736 1046.68 1070.39 1088.64 1143.89 1153.08 1108.88 1064 1035.69 1013.1 970.495 897.248 930.539 923.096 826.125 737.258 796.715 728.209 526.32 403.675 396.562 456.04 478.044 500.344 610.119 703.273 725.144 783.349 926.355 1080.65 1195.02 1167.78 1153.48 1206.88 1259.01 1148.17 987.912 868.268 802.561 893.387 1024.99 1209.63 1414.95 1560.93 1599.32 1420.49 1258.01 1232.92 1177.49 1054.92 935.941
32595 30721.7 27076.9 22253.9 16790.9 11331.8 6414.35 3155.05 920.744 634.93 670.108 734.222 826.369 888.934 873.756 831.348 1020.15 1137.02 1183.29 1184.51 1187.09 1144 1057.05 974.98 911.568 892.952 861.884 813.516 887.247 917.969 865.706 830.989 886.194 806.351 609.717 551.197 532.3 588.7 633.373 676.775 799.773 897.901 892.093 916.414 1032.24 1187 1270.03 1224.3 1199.39 1250.56 1295.57 1132.51 943.621 838.206 795.1 863.785 1034.87 1235.67 1442.66 1595.35 1629.06 1451.55 1265.23 1210.57 1126.71 978.36 834.51
32583.5 30696.6 27056.8 22208.4 16756.9 11360 6560.68 3222.75 970.098 702.665 753.675 790.247 862.815 899.409 871.028 856.812 1053.41 1146.02 1195.67 1196.92 1181.95 1124.11 1042.22 937.002 844.674 837.812 826.141 838.526 927.973 1023.71 1027.02 1004.77 1016.99 893.741 717.024 651.441 660.142 717.087 743.52 794.335 885.874 976.26 977.207 977.998 1076.07 1208.35 1302.25 1252.04 1236.3 1281.13 1310.55 1114.15 915.076 798.911 755.319 808.826 967.559 1152.95 1335.84 1480.45 1510.32 1393.87 1237.42 1169.29 1075.42 917.174 763.127
32549 30656.2 27021.8 22161.4 16719.2 11375.8 6671.23 3284.8 1012.83 714.831 752.321 756.681 820.581 863.329 843.651 832.077 1017.18 1097.24 1162.32 1206.33 1205.91 1185.01 1103.48 980.537 866.488 895.574 903.189 930.832 1071.21 1193.04 1208.54 1167.47 1121.73 974.669 793.605 740.927 741.891 741.506 742.695 727.512 774.27 837.907 873.975 853.102 971.305 1121.88 1203.69 1207.85 1219.31 1243.46 1260.49 1086.01 917.883 826.437 805.067 841.85 966.335 1109.22 1241.48 1371.03 1397.02 1298.59 1119.91 1032.71 966.654 841.096 673.045
32535.4 30625.7 26974.4 22092.6 16657.7 11348.7 6701.62 3293.61 1020.6 696.643 707.33 700.183 763.825 812.955 805.331 791.782 963.759 1034.53 1125.8 1218.29 1266.36 1274.12 1180.8 1025.12 909.589 972.264 981.051 1077.19 1213.27 1321.8 1348.6 1290.31 1227.54 1068.9 886.487 858.46 850.368 812.677 791.616 739.773 713.613 744.523 778.398 765.042 914.837 1071.95 1125.51 1149.14 1156.89 1116.53 1140.56 1011.29 882.721 824.98 820.362 848.424 951.681 1060.13 1149.24 1249.81 1236.5 1158.82 986.565 877.192 836.754 736.256 590.932
32609 30650.3 26952 22026.8 16577.3 11273.1 6629.02 3221.78 977.303 684.033 690.92 684.617 732.987 769.392 748.735 735.856 954.535 1034.28 1143.76 1247.52 1311.77 1331.54 1223.41 1036.35 914.321 987.874 1016.41 1143.78 1249.85 1364.31 1390.22 1316.08 1251.04 1101.14 919.56 899.856 879.084 824.15 830.761 763.134 682.814 687.039 690.419 667.424 790.999 915.46 943.614 982.596 992.464 997.169 1022.6 933.975 835.569 805.826 808.696 852.95 966.885 1066.15 1112.84 1171.33 1022.75 1021.46 893.839 777.652 730.973 591.882 448.885
32650.7 30661.7 26920 21973.6 16521.2 11260 6635.18 3190.45 971.848 652.56 669.87 664.629 696.566 699.943 662.931 671.521 991.429 1066.17 1180.33 1297.68 1358.96 1378.74 1261.47 1059.37 935.747 1014.91 1050.74 1144.96 1247.54 1362.21 1397.21 1322.7 1259.63 1181.49 1011.24 975.919 934.615 886.781 857.643 845.651 811.401 820.874 803.588 766.257 727.35 800.012 794.669 818.607 835.235 851.933 911.241 852.183 771.631 741.478 748.185 786.124 909.798 1020.44 1074.92 1123.37 1000.68 1029.62 910.534 768.445 696.977 562.397 436.778
32671.2 30713.7 27012.1 22061.9 16619 11431.7 6759.58 3189.12 950.946 598.285 625.368 641.597 706.618 719.882 639.787 658.632 1009.57 1059.53 1173.12 1289.94 1355.74 1366.7 1249.92 1055.14 943.573 1044.63 1082.18 1145.83 1251.44 1389.04 1449.03 1394.94 1339.82 1265.25 1081.6 1033.13 993.578 937.867 868.305 854.985 824.581 844.318 837.863 771.244 702.037 747.354 714.727 712.983 720.624 728.234 828.938 787.102 724.865 688.104 698.067 733.556 869.959 994.027 1067.89 1136.15 1073.36 1098.51 985.497 861.436 781.777 666.367 550.701
32677.1 30724.6 27040.4 22095.5 16650.5 11466.6 6818.54 3143.5 992.573 709.769 732.738 757.259 812.167 813.859 721.253 710.134 1020.73 1064.12 1165.65 1266.46 1332.5 1345.45 1251.09 1078.15 988.221 1099.65 1117.6 1179.68 1292.52 1406.17 1436.76 1359.74 1285.67 1210.78 1021.08 978.567 955.966 864.409 857.151 859.864 820.688 847.741 830.126 756.158 655.7 666.317 630.091 612.999 610.159 619.179 749.594 743.273 708.416 674.285 688.866 743.14 868.979 978.459 1054.29 1137.17 1089.99 1105.38 1001.2 892.443 827.312 750.878 677.029
32627.1 30681.9 27018.2 22087 16649.4 11435.4 6799 3118.33 1086.33 875.604 894.709 912.536 913.471 881.351 775.04 740.232 1018.4 1055.21 1156.48 1245.1 1305.32 1317 1245.31 1095.94 1089.87 1202.96 1216.72 1304.32 1418.09 1544.67 1588.82 1496.68 1378.34 1250.78 1056.2 1022.32 1006.12 938.106 892.915 864.999 805.847 818.773 785.029 707.267 602.917 598.336 577.023 569.285 564.351 570.828 677.674 707.262 696.485 678.354 710.381 774.261 893.92 998.385 1066.86 1131.88 1079.45 1100.95 1031.33 922.814 873.842 799.191 725.549
32597.8 30668 27033 22122 16700.3 11472.7 6813.91 3120.5 1167.76 981.21 1008.08 1014.91 1001.31 961.313 867.436 836.705 1088.8 1107.68 1190.3 1262.23 1331.13 1340.63 1280.9 1156.95 1179.51 1296.95 1361.55 1516.79 1645.66 1784.96 1854.21 1772.58 1611.8 1441.35 1273.52 1244.24 1219.56 1160.04 1030.18 987.381 877.718 824.177 745.511 639.988 569.899 574.668 564.018 563.313 558.861 542.385 628.157 677.479 716.338 709.991 732.074 768.243 873.609 969.262 1015.97 1062.71 1018.21 1039.33 1013.66 942.479 908.842 849.735 778.182
32644.7 30729.7 27106.2 22200.1 16780.4 11533.7 6836.15 3094.33 1185.53 1024.66 1079.19 1109.49 1144.19 1120.51 1016.82 991.503 1228.28 1212.6 1260.77 1327.51 1403.91 1396.71 1314.97 1216.98 1234.26 1323.7 1440.97 1653.34 1815.7 1945.5 2015.08 1929.31 1760.5 1585.47 1432.14 1370.8 1360.64 1305.31 1119.32 1086.51 951.488 892.612 725.513 620.384 647.91 688.19 682.92 662.812 692.862 674.933 733.791 786.649 805.442 777.497 765.4 757.366 804.053 872.464 922.859 977.835 965.858 984.759 982.37 958.674 948.168 894.177 813.135
32664.8 30745.6 27116.7 22186.6 16762.5 11503.5 6783.58 3039.99 1195.03 1051.54 1137.48 1180.79 1267.18 1275.62 1183.92 1160.22 1319.98 1269.84 1278.76 1327.84 1379.27 1363.46 1300.12 1255.94 1277.54 1344.27 1427.43 1571.59 1724.38 1829.52 1862.4 1765.58 1625.12 1460.42 1293.86 1175.42 1204.81 1209.97 1065.51 1082.07 977.068 946.64 801.145 738.893 821.976 843.16 878.739 822.48 827.94 814.755 858.749 883.701 871.253 773.838 753.381 766.207 750.057 771.115 812.452 870.793 899.06 950.918 987.883 1011.2 1021.21 950.57 854.326
32674.7 30790.4 27146.5 22205.6 16785.5 11489.5 6744.63 3016.79 1148.24 1009.06 1070.1 1163.84 1244.45 1236.26 1140.9 1130.87 1292.07 1218.82 1209.01 1222.83 1242.27 1239.03 1223.71 1292.62 1413.23 1494.12 1521.73 1568.85 1672.94 1695.66 1673.04 1579.84 1496.47 1392.01 1239.62 1112.6 1137.08 1159.69 1104.94 1210.04 1163.19 1091.14 992.181 970.216 1101.96 1139.67 1148.87 1105.83 1003.76 975.428 1000.15 975.464 913.743 836.619 799.048 812.435 803.311 774.75 780.65 782.842 790.516 867.709 950.33 1019.97 1043.03 1009.2 954.516
32694.1 30815.4 27138.7 22204.5 16795.6 11495.6 6699.81 2982.87 1140.92 1071.26 1109.4 1224.06 1270.15 1218.35 1112.9 1096.58 1229.45 1157.27 1179.79 1151.27 1147.94 1184.43 1202.88 1349.91 1488.91 1577.85 1575.35 1563.58 1659.17 1680.15 1681.85 1628.18 1591.85 1507.04 1383.41 1281.24 1319.2 1318.88 1228.09 1301.93 1230.31 1193.94 1132.51 1124.21 1241.2 1260.31 1275.68 1224.63 1123.01 1068.09 1039.6 976.57 895.742 836.875 809.849 810.544 783.871 742.794 750.802 731.793 749.666 844.657 954.233 1048.28 1076.43 1041.34 1001.6
32709.1 30844.3 27178.9 22275.6 16874.3 11591.9 6751.93 3014.65 1189.71 1166.35 1183.81 1274.92 1296.24 1273.32 1176.32 1115.75 1123.03 1069.81 1126.79 1098.52 1103.99 1196.35 1244.69 1398.45 1517.44 1603.62 1606.67 1564.41 1656.3 1690.97 1715.48 1672.09 1636.92 1548.43 1455.95 1397.5 1481.91 1484.74 1341.16 1376.74 1293.61 1263.53 1227.89 1192.37 1257.9 1300.29 1313.55 1224.76 1119.46 1070.07 1035.77 998.839 948.286 914.17 890.602 871.761 766.139 699.744 705.699 702.586 752.658 839.617 955.729 1057.95 1078.73 1068.65 1016.07
32725.8 30868.4 27233.7 22345.5 16928.7 11612.8 6729.8 3022.27 1237.04 1134.79 1153.22 1210.16 1201.63 1213.22 1129.01 1027 947.936 900.838 964.643 961.631 1049.52 1239.39 1318.03 1460.91 1576.45 1644.96 1607.52 1588.81 1701.96 1668.06 1600.73 1527.21 1489.02 1404.19 1361.21 1386.62 1547.65 1563.28 1414.87 1413.55 1348.29 1301.99 1251.65 1166.14 1221.92 1269.89 1288.85 1205.29 1169.46 1184.25 1181.22 1125.72 1079.01 1049.16 1040.82 983.684 820.917 689.834 668.905 631.846 702.63 772.393 907.608 1019.72 1057.05 1048.54 977.187
32711.3 30874.2 27273.8 22381.6 16952.5 11583.6 6711.97 3059.78 1294.76 1123.84 1171.16 1242.45 1177.38 1142.27 1103.22 987.094 843.213 777.088 851.235 867.251 978.646 1252.9 1372.6 1505.41 1588.72 1592.41 1514.58 1561.26 1671.76 1561.72 1416.86 1330.01 1314.56 1239.91 1264.22 1386.06 1578.23 1588.15 1455.35 1445.34 1359.35 1313.33 1254.8 1150.26 1225.73 1271.02 1288.28 1232.94 1267.77 1303.69 1296.21 1233.04 1168.58 1149.38 1152.02 1103.77 931.517 741.139 655.989 574.628 616.731 654.984 784.698 879.278 922.541 925.297 853.145
32720.3 30853.2 27205.6 22306.9 16858 11413.6 6642.29 2999.87 1176.12 997.698 1044.83 1120.62 1089.54 1133.12 1171.2 1030.38 830.641 751.416 831.19 866.139 990.678 1281.35 1408.78 1571.86 1604.41 1550.75 1469.4 1535.6 1621.23 1487.2 1312.52 1220.33 1232.04 1188.94 1285.13 1436.77 1647.15 1677.25 1541.1 1519.44 1404.16 1335.73 1284.4 1169.77 1249.48 1319.85 1402.17 1350.56 1396.14 1444.86 1417.27 1377.27 1306.74 1290.25 1316.6 1273.57 1063.19 835.08 713.115 613.498 610.9 622.94 720.224 813.971 876.471 908.77 825.301
