Code/Results/Ref_40/700/MW_40_700_140/2.9_40_700_rms_map_shift_100km.grd
DSAA
170 190
-5100000.0 5040000.0
-5700000.0 5640000.0
212.91039242287385 33495.3067383106
[rows 30 to 59 of 190, columns 67 to 133 of 170]
860.759 773.71 660.287 594.747 515.342 523.588 466.184 520.7 505.587 562.639 647.294 712.958 759.228 788.75 747.326 747.382 735.176 762.167 759.829 775.87 799.101 834.37 884.112 917.993 849.817 790.864 648.309 584.834 590.865 594.261 700.037 827.329 921.883 1044.62 1173.95 1212.9 1124.16 1110.68 1124.69 1149.84 1285.28 1363.81 1405.09 1441.69 1372.3 1307.95 1268.07 1227.4 1116.93 1035.08 988.862 942.479 954.752 958.463 999.183 1275.45 1235.81 1352.15 1356.16 1356.95 1440.95 1524.17 1607.37 1672.97 1700.12 2187.55 2448.17
852.055 754.767 630.02 573.429 499.898 550.692 471.097 523.818 539.541 608.177 697.07 757.032 795.612 814.589 770.547 765.786 758.989 773.866 773.355 786.526 805.834 839.373 873.807 927.507 858.606 808.407 676.252 624.217 623.751 574.96 679.287 793.151 890.264 1029.92 1176.63 1232.55 1135.8 1144 1152.54 1172.63 1304.89 1379.53 1431.04 1468.15 1412.2 1358.26 1333.17 1293.91 1162.27 1083.31 1049.23 1007.33 1072.69 1170.93 1268.08 1693.04 1618.24 1685.18 1704.12 1770.83 1966.71 2036.93 2086.67 2147.5 2191.56 2673.51 2996.78
832.909 728.924 608.732 550.892 484.471 532.442 450.643 502.506 517.045 588.413 680.28 743.259 780.844 801.537 762.442 783.12 789.718 804.726 804.789 818.957 833.198 854.669 883.472 915.416 844.133 806.932 697.895 667.102 671.003 626.397 707.872 788.038 841.667 958.765 1084.54 1127.93 1036.79 1033.88 1020.77 1061.47 1202.59 1289.18 1356.41 1403.58 1352.39 1301.42 1278.69 1260.65 1137.74 1073.83 1072.12 1106.13 1283.76 1457.91 1605.88 2120.73 2172.32 2428.84 2457.23 2522.26 2748.43 2776.3 2799.86 2874.37 2959.26 3324.9 3563.54
756.977 664.639 571.185 518.79 472.322 536.091 404.752 464.441 474.193 542.961 648.775 724.975 770.078 807.17 787.708 829.9 842.091 856.249 864.871 867.573 862.825 860.631 865.945 867.147 809.7 804.827 736.04 737.79 753.782 711.779 746.314 767.181 765.34 831.626 916.588 948.47 873.199 865.714 848.825 906.204 1041.15 1146.62 1210.45 1248.07 1212.89 1182.85 1213.74 1221.41 1127.72 1082.52 1141.05 1270.28 1511.86 1756.09 2005.55 2636.27 2800.84 3081.95 3156.14 3210.37 3432.75 3467.46 3521.16 3649.94 3757.99 4042.09 4203.27
698.861 623.364 555.841 523.812 495.011 556.517 405.78 454.659 444.682 506.477 617.15 709.441 769.912 826.221 823.61 884 907.112 928.327 938.767 927.252 905.582 884.989 867.705 845.74 806.878 829.656 798.19 819.688 832.644 786.914 790.331 776.356 735.934 741.866 770.543 790.005 722.649 732.685 716.938 753.147 883.926 1009.56 1082.05 1122.28 1111.62 1103.42 1181.44 1198.49 1108.24 1073.83 1173.67 1344.48 1610.91 1901.11 2255.8 2967.94 3189.13 3438.06 3532.42 3572.17 3822.39 3926.13 4041.73 4265.94 4397.55 4613.21 4742.15
702.282 663.829 634.18 627.721 610.018 636.136 512.397 522.401 468.818 506.367 604.976 702.38 778.122 852.607 871.521 951.2 990.205 1020.21 1027.92 993.336 953.773 918.405 882.806 862.687 851.03 902.527 913.294 953.815 928.989 906.486 910.357 880.299 823.113 824.786 814.16 789.847 713.05 716.712 681.459 674.902 784.123 936.435 1033.34 1092.64 1106.78 1096.2 1169.54 1169.23 1071.16 1071.86 1146.2 1326.84 1610.45 1922.95 2320.04 3063.83 3262.02 3468.89 3613.03 3732.08 4116.42 4307.75 4506.35 4811.28 4986.71 5161.28 5316.25
752.911 746.822 739.285 744.669 732.1 736.323 614.696 585.391 508.132 518.731 601.344 703.843 796.736 873.41 905.749 1000.45 1054.5 1083.16 1080.96 1019.16 965.124 932.683 914.489 911.958 927.013 992.155 1019.66 1071.71 1025.19 1109.12 1095.85 1030.88 989.162 1021.57 1044.31 1039.52 979.942 963.132 914.419 854.069 828.915 935.242 1054.3 1129.12 1164.39 1159.25 1236.53 1212.06 1112.99 1123.52 1182.11 1392.23 1672.83 2012.69 2422.65 3145.68 3284.8 3506.59 3749.07 3974.26 4429.08 4670.78 4877.57 5216.76 5485.64 5649.39 5806.48
858.865 872.612 887.761 905.865 896.487 878.96 778.741 723.437 643.601 630.918 680.701 761.913 843.113 898.073 936.559 1023.81 1077.65 1078.45 1106.97 1024.05 963.384 943.27 954.766 960.695 984.876 1057.65 1161.22 1228.79 1184.73 1342.06 1284.8 1200.6 1161.61 1206.72 1252.14 1276.57 1234.46 1199.44 1157.43 1129.42 1013.37 1020.15 1127.12 1210.24 1247.22 1251.85 1322 1284.72 1187.98 1192.73 1243.66 1481.39 1761.34 2114.94 2517.21 3208.82 3346.13 3632.13 3994.57 4302.17 4766.08 5040.09 5253.65 5625.58 5966.27 6127.07 6259.96
963.745 997.921 1033.53 1066.81 1080.48 1063.62 997.511 948.32 873.743 850.621 865.359 906.95 933.511 942.98 973.758 1013.11 1025.94 968.941 1070.35 1002.87 951.26 943.697 988.306 1016.32 1054.91 1145.8 1355.56 1470.49 1441.68 1614.52 1513.68 1395.87 1336.72 1362.99 1399.08 1423.3 1383.68 1318.77 1268.92 1277.54 1157.91 1144.79 1251.1 1335.05 1367.8 1370.46 1412.17 1387.89 1298.81 1298.44 1337.44 1606.75 1905.75 2255.29 2662.7 3324.08 3483.78 3801.24 4234.74 4602.55 5044.26 5349.09 5601.44 5952.73 6309 6487.12 6631.97
1011.29 1101.45 1173.07 1244.28 1311.7 1330.81 1298.25 1210.71 1157.33 1145.53 1133.01 1137.33 1093.18 1057.93 1064.83 1064.46 1035.47 948.689 1023.2 998.704 968.686 989.987 1063.99 1094.17 1101.34 1204 1443.22 1672.44 1725.59 1886.73 1774.09 1624.25 1533.32 1524.07 1539.64 1559.24 1528.14 1459.24 1364.89 1316.95 1201.39 1202.01 1305.92 1379.68 1401.12 1398.87 1429.89 1425.8 1344.37 1340.66 1396.05 1672.35 1965.77 2302.26 2710.27 3375.45 3549.46 3902.99 4427.04 4897.36 5339.89 5609.8 5864.57 6188.41 6487.74 6626.06 6757.56
978.662 1133.06 1254.58 1387.92 1422.22 1478.91 1396.38 1293.59 1227.03 1228.63 1222.3 1220.93 1167.1 1134.85 1114.37 1072.86 1036.52 952.595 1000.87 1000.8 984.145 1036.89 1135.67 1142.29 1144.61 1247.47 1492.87 1766.19 1900.53 2107.49 1974.12 1795.17 1675.58 1632.69 1626.79 1648.01 1646.64 1608.97 1506.73 1421.92 1282.26 1254.23 1327.8 1380.45 1389.54 1390.55 1395.99 1398.03 1355.63 1368.91 1456.69 1700.61 1947.38 2263.6 2640.39 3267.55 3457.58 3778.29 4277.46 4782.84 5214.86 5463.47 5727.87 5974.23 6185.62 6214.11 6334.76
900.451 1114.44 1305.93 1442.97 1469.81 1462.43 1426.88 1322.68 1232.21 1186.22 1152.04 1145.85 1126.73 1104.43 1092.3 1045.68 1062.25 983.385 1005.5 1002.25 986.506 1051.79 1208.75 1206.45 1199.55 1277.62 1529.74 1817.39 2002.59 2249.96 2080.91 1858.57 1692.66 1612.03 1591.77 1635.89 1679.8 1673.23 1586.65 1482.87 1303.76 1223.6 1238.29 1250.75 1239.97 1263.02 1267.59 1279.14 1294.18 1356.59 1521.19 1766.47 1999.33 2317.67 2689.51 3198.35 3354.58 3699.04 4103.76 4584.64 5062.09 5248.61 5543.79 5708.24 5806.97 5722.96 5636.98
815.18 1104.16 1364.92 1503.53 1537.9 1516.61 1484.34 1385.91 1268.19 1155.7 1051.95 1004.83 992.703 990.739 1023.49 1015.51 1042.19 995.628 1004.76 995.225 976.451 1047.32 1221.54 1257.01 1246.27 1313.37 1565.65 1861.2 2064.73 2317.72 2108.87 1836.45 1610.83 1504.82 1504.81 1595.06 1689.84 1727.13 1662.71 1554.82 1354.47 1231.16 1176.49 1162.7 1127.34 1170.67 1200.27 1218.4 1263.62 1381.52 1560.47 1763.07 1992.65 2336.29 2726.22 3112.14 3384.85 3838.76 4172.27 4657.86 5075.35 5227.45 5555.18 5646.97 5638.37 5377.41 5043.84
758.9 1096.7 1366.54 1495.24 1542.41 1510.12 1483.9 1398.13 1256.29 1098.14 948.967 866.093 844.238 865.595 913.616 958.582 1019.37 1045.91 1085.25 1090.45 1077.89 1144.72 1292.52 1287.45 1285.22 1368.18 1624.05 1903.75 2084.48 2336.39 2111.91 1811.09 1584.62 1493.8 1522.45 1633.61 1742.56 1801.82 1749.77 1649.49 1462.12 1328.97 1246.04 1230.43 1185.07 1213.42 1221.84 1228.63 1258.85 1353.18 1485.13 1596.77 1820.84 2175.27 2513.17 2775.22 3047.5 3432.75 3778.28 4355.43 4835.32 5061.02 5432.51 5546.69 5592.84 5297.02 4848.46
685.543 1067.55 1350.31 1471.05 1534 1484.34 1464.35 1396.35 1264.01 1103.43 949.29 839.65 780.616 803.568 853.112 950.575 1059.52 1166.41 1239.14 1246.33 1238.9 1285.07 1392.15 1408.33 1410.98 1494.9 1735.31 1978.81 2112.54 2368.26 2206.85 1935.83 1751.05 1680.33 1705.35 1797.79 1865.33 1887.54 1811.97 1696.87 1497.6 1360.33 1283.78 1269.86 1215.31 1217.12 1203.48 1199.2 1217.48 1296.95 1401.15 1446.89 1650.54 1985.09 2240.77 2360.63 2630.74 3105.56 3472.57 4107.63 4680.79 5006.78 5446.94 5601.08 5616.53 5276.59 4713.91
604.296 1038.05 1317.47 1435.72 1534.41 1463.3 1452.66 1410.68 1337.95 1220.69 1095.43 973.531 858.108 852.218 903.516 1028.93 1155.25 1294.23 1400.01 1418.75 1420.21 1453.8 1528.86 1547.81 1519.1 1595.4 1830.86 2077.93 2202.56 2449.93 2383.17 2193.11 2055.98 1992.83 2000.38 2058.99 2066.04 2021.26 1906.54 1747.42 1518.52 1369.2 1303.86 1297.64 1236.58 1221.99 1205.77 1216.47 1239.81 1317.5 1429.11 1424.24 1591.35 1914.03 2182.32 2300.34 2585.2 3080.18 3449.61 4074.91 4645.19 5015.47 5511.07 5711.29 5740.96 5397.43 4869.26
517.78 999.962 1250.37 1363.11 1500.64 1423.89 1431.12 1431.01 1442.94 1376.26 1274.72 1148.47 981.711 958.035 1010.45 1153.96 1299.16 1452.01 1581.8 1633.65 1649.32 1688.58 1758.8 1794.68 1785.56 1857.37 2071.56 2285.03 2419.95 2574.99 2539.98 2402.81 2309.76 2242.03 2237.59 2269.89 2247.45 2157.89 2005.65 1777.13 1522.91 1355.09 1283.96 1274.25 1203.7 1180.33 1171.31 1203.88 1244.47 1314.77 1469.69 1453.98 1602.23 1900.34 2056.81 2180.66 2507.37 3037.29 3401.41 4011.66 4605.18 5001.09 5528.12 5794.65 5897.91 5649.31 5215.68
538.315 1012.77 1241.35 1346.08 1496.9 1425.79 1436.74 1456.81 1503.57 1465.06 1382.71 1268.42 1106.08 1106.65 1170.83 1329.5 1499.09 1669.93 1824.85 1901.74 1924.43 1973.75 2066.65 2137.34 2177.74 2240.63 2433.45 2628.69 2663.53 2666.11 2577.48 2465.16 2328.15 2219.6 2167.41 2180.1 2175.79 2095.69 1961.86 1749.36 1533.36 1389.29 1305.81 1264.45 1188.13 1152.9 1144.21 1156.31 1190.54 1297.35 1495.64 1504.28 1609.08 1860.46 2011.74 2141.03 2517.33 3081.01 3423.48 4096.36 4572.49 5050.72 5473.77 5771.22 5914.52 5752.63 5420.76
632.845 1020.76 1125.83 1212.98 1376.99 1312.52 1347.19 1398.12 1471.91 1465.62 1407.66 1326.97 1227.21 1271.83 1366.06 1540.09 1717.05 1847.97 1943.38 1974.2 2002.16 2049.91 2136.08 2197.16 2225.85 2283.47 2454.97 2666.19 2696.55 2640.77 2563.86 2444.07 2277.13 2084.79 1931.67 1866.97 1826.69 1801.33 1656.44 1509.07 1423.87 1380.63 1353.78 1305.66 1248.59 1227.78 1230.52 1209.95 1250.12 1337.63 1576.52 1600.14 1676.46 1872.4 2010.55 2150.37 2499.54 3050.25 3307.09 3905.52 4291.2 4798.21 5194.36 5534.05 5709.72 5602.66 5397.83
683.138 891.229 935.67 998.652 1177.78 1127.19 1193.05 1264.69 1355.09 1377.54 1357.2 1378.1 1393.33 1483.95 1583.31 1726.88 1837.67 1938.92 1990.85 1992.45 2013.37 2054.62 2134.37 2175.89 2216.6 2279.61 2394.32 2543.77 2622.28 2573.51 2479.37 2383.5 2238.53 2034.09 1882.59 1805.08 1772.38 1772.2 1629.63 1399.54 1277.74 1322.05 1317.37 1352.22 1329.58 1289.1 1237.43 1190.85 1232.5 1350.08 1661.09 1724.99 1773.49 1920.7 1980.72 2117.59 2450.78 2960.9 3147.38 3666.39 3945.16 4440.17 4813 5169.68 5375.76 5362.88 5223.47
685.1 704.951 745.139 802.522 993.03 977.116 1048.51 1132.08 1237.92 1308.18 1378.35 1461.02 1553.61 1649.57 1740.69 1860.54 1934.48 2012.11 2061.12 2076.73 2114.71 2180.54 2291.94 2379.56 2452.16 2541.34 2618.86 2627.18 2601.37 2498.16 2413.17 2303.24 2156.15 1990.96 1882.36 1829.03 1830.56 1825.05 1762.99 1540.54 1412.42 1417.46 1337.37 1376.64 1299.49 1263.43 1202.34 1159.11 1218.13 1400 1697.18 1743.91 1795.76 1875.51 1914.19 2047.43 2408.01 2882.87 3002.84 3391.15 3595.66 4113.62 4480.96 4856.54 5070.77 5083.12 4937.62
721.238 702.673 770.907 820.446 931.739 972.178 1038.74 1114.33 1224.71 1332.33 1469.15 1581.77 1693.23 1773.85 1840.9 1922.89 1995.26 2065.21 2120.9 2162.92 2223.38 2290.87 2369.93 2494.37 2688.75 2887.26 3001.38 2993.63 2848.36 2667.55 2536.24 2349.06 2170.77 2040.32 1960.45 1923.77 1914.79 1896.02 1831.57 1663.79 1577.66 1527.98 1446.8 1448.61 1337.97 1268.45 1202.61 1181.4 1229.92 1428.91 1620.65 1593.77 1690.29 1827.35 1874.8 2042.45 2423.6 2903.87 3016.08 3277.35 3388.39 3849.17 4128.45 4479.05 4706.2 4735.88 4556
748.824 730.342 777.848 831.818 859.935 929.396 1009.9 1071.37 1150.96 1320.4 1512.89 1660.16 1785.05 1890.3 1929.02 1955.66 2023.87 2091.97 2141.97 2169.62 2198.77 2182.56 2143.36 2189.12 2374.54 2593.02 2773.82 2900.5 2979.12 2850.06 2630.66 2499.5 2385.34 2293.52 2226.55 2178.37 2113.04 2045.06 1935.4 1781.57 1725.67 1645.86 1567.63 1529.22 1369.53 1192.77 1092.52 1062.62 1114.25 1318.66 1394.58 1344.38 1476.86 1655.62 1769.26 1919.55 2293.16 2770.09 2999.97 3157.31 3234.24 3596.8 3760.89 4052.56 4277.39 4361.37 4211.39
813.723 779.088 762.573 765.031 789.071 865.194 954.963 1013.27 1129.05 1341.69 1584.52 1734.83 1866.43 1999.32 2026.18 2027.95 2085.56 2143.18 2169.22 2150.59 2070.31 1943.57 1771.22 1703.69 1842.67 2052.55 2238.72 2393.81 2518.29 2549.14 2553.65 2553.57 2529.74 2438.75 2384.5 2349.68 2266.28 2158.3 2016.01 1828.26 1761.68 1716.37 1651.05 1574 1379.75 1179.5 1057.42 989.229 984.443 1129.78 1217.23 1163.27 1277.7 1416.63 1542.36 1663.05 1933.45 2308.92 2803.65 3039 3134.23 3410.64 3499.5 3679.11 3854.02 3959.81 3795.39
929.907 847.609 760.468 724.587 727.521 814.684 959.388 1067.77 1247.33 1385.04 1597.8 1762.35 1934.46 2064.53 2089.84 2093.58 2157.72 2226.45 2227.88 2157.91 1967.08 1719.88 1441.23 1272.19 1367.78 1550.98 1713 1873.78 1972.99 2012.2 2048.93 2075.96 2054.01 1979.62 1975.36 1994.84 2030.11 2017.11 1950.26 1871.04 1785.92 1711 1677.14 1652.44 1497.04 1298.25 1150.49 1052.39 983.249 1032.36 1123.79 1100.69 1122.12 1209.19 1297.44 1346.04 1539.73 1816.01 2317.29 2798.94 2987.96 3182.01 3214.01 3309.92 3445.95 3560.57 3371.47
969.281 884.769 856.174 840.459 833.597 823.826 1012.56 1152.9 1316.51 1507.8 1803.73 1989.75 2150.57 2228.72 2243.88 2278.93 2311.33 2382.38 2344.01 2216.2 1968.16 1685.51 1395.94 1220.09 1232.98 1341.62 1428.6 1546.45 1622.98 1665.2 1695.86 1709.9 1677.13 1614.78 1648.24 1716.19 1783.9 1814.05 1826.01 1851.82 1768.75 1654.36 1636.61 1651.39 1559.23 1419.16 1241.5 1117.86 1042.2 1042.71 1127.95 1121.22 1066.34 1089.08 1119.49 1093.68 1250.93 1495.1 1994.09 2555.12 2870.32 3043.56 3028.99 3116.21 3320.48 3434.37 3285.33
976.034 951.582 965.177 971.226 961.173 946.072 1178.38 1324.92 1482.2 1736.36 2060.75 2214.18 2309.15 2352.94 2365.12 2404.04 2412.09 2482.43 2439.42 2302.09 2045.97 1756.55 1496.97 1366.47 1320.9 1357.29 1370.63 1432.91 1513.42 1573.14 1615.99 1633.48 1573.15 1507.06 1562.92 1672.32 1750.58 1785.48 1803.75 1817.25 1772.8 1658.28 1613.78 1636.06 1578.25 1496 1333.79 1204.69 1171.04 1168.49 1176.45 1154.93 1064.93 1064.27 1064.26 1011.12 1072.91 1286.34 1711.22 2213.12 2517.54 2688.73 2647.07 2767.1 3021.36 3137.33 2992.49
915.291 913.324 939.637 952.421 984.238 1031.37 1298.04 1472.56 1631.05 1912.14 2207.7 2320.17 2353.83 2372.33 2386.74 2418.33 2420.94 2504.22 2486.49 2384.18 2143.07 1876.21 1665.53 1572.59 1497.79 1472.2 1427.49 1439.94 1537.28 1627.59 1710.47 1767.99 1695.28 1622.03 1683.28 1806.62 1893.9 1924.61 1929.9 1905.86 1884.26 1786.42 1733.82 1774.92 1708.7 1665.48 1563.59 1413.73 1352.06 1341.68 1326.66 1267.69 1159.67 1157.9 1134.21 1089.59 1084.38 1281.67 1609.17 1985.22 2249.34 2410.51 2438.47 2610.51 2873.23 3014.95 2929.67
819.581 886.576 935.214 969.886 1070.74 1220.22 1550.78 1704.53 1835.33 2130.46 2352.66 2401.08 2339.27 2334.67 2350.35 2364.05 2391.32 2508.55 2542.63 2483.69 2223.36 1949.68 1767.89 1686.79 1576.6 1494.15 1393.87 1347.69 1420.09 1540.96 1713.22 1878.53 1829.46 1755.57 1811.27 1927.4 2013.89 2037.94 2034.39 1993.04 1956.55 1844.6 1801.37 1797.9 1667.31 1619 1585.95 1496.81 1418.56 1364.82 1311.45 1290.94 1241.93 1247.08 1188.89 1134.71 1106.17 1288.35 1535.96 1832.79 2096.84 2255.74 2319.6 2508.19 2758.8 2881.63 2761.44
811.646 863.516 908.095 986.623 1115.49 1286.46 1680.25 1804.79 1914.76 2175.33 2420 2413.45 2322.37 2320.35 2309.99 2268.49 2317.22 2469.2 2568.24 2533.91 2259.84 2022.29 1896.93 1714.38 1521.76 1402.83 1312.16 1283.98 1311.03 1390.9 1591.68 1926.42 1956.8 1913.1 1971.82 2075.39 2148.9 2154.71 2119.98 2038.93 1959.67 1828.47 1782.77 1818.19 1834.49 1700.37 1615.96 1565.37 1514.85 1442.78 1338.08 1310.63 1270.42 1279.91 1206.14 1150.08 1113.92 1227.35 1452.14 1742.75 2048.04 2181.28 2222.5 2393.94 2639.29 2747.55 2654.34
