Code/Results/Ref_40/700/MW_40_700_140/2.9_40_700_rms_map_shift_100km.grd
DSAA
170 190
-5100000.0 5040000.0
-5700000.0 5640000.0
212.91039242287385 33495.3067383106
[rows 150 to 179 of 190, columns 67 to 133 of 170]
1040.39 989.487 886.92 782.026 720.624 699.758 672.279 661.47 670.942 709.135 818.322 954.78 1080.72 1216.99 1321.82 1375.5 1374.66 1372.07 1353.74 1332.07 1285.96 1210.92 1115.65 1042.1 1045.35 1131.8 1262.36 1534.05 1869.74 2108.13 2161.83 2201.61 2284.89 2357.38 2486.05 2715.91 3005.71 3302.59 3450.01 3454.8 3410.46 3442.99 3477.45 3582.94 4026.67 4293.93 4528.28 4610.62 4472.47 4053.73 3510.63 2995.36 2579.48 2259.41 2138.17 2051.64 2057.18 2080.58 2070.62 2001.86 2041.36 2149.32 2279.45 2371.36 2408.82 2375.35 2303.64
909.994 857.301 747.356 635.798 569.696 543.307 508.361 496.239 512.017 551.289 655.651 786.867 912.445 1050.14 1164.11 1240.78 1281.52 1318.53 1348.66 1356.45 1332.34 1270.38 1183.35 1112.36 1101.89 1147.83 1237.96 1425.7 1639.11 1768.34 1845.89 1867.39 1874.57 1900.38 2011.47 2243.62 2540.24 2842.98 2995.63 3036.88 3074.25 3105.4 3183.55 3365.73 3907.45 4253.58 4568.37 4725.86 4689.72 4345.09 3835.68 3326.96 2889.32 2551.02 2409.99 2311.71 2324.76 2356.5 2359.79 2275.87 2286.77 2356.2 2439.79 2504.73 2502.89 2438.87 2339.69
798.068 755.56 654.338 550.49 489.699 469.102 439.605 428.869 442.633 474.452 566.918 678.638 787.665 920.832 1043.47 1142.44 1220.12 1289.08 1333.55 1378.62 1422.14 1371.04 1306.27 1254.7 1238.18 1255.55 1293.63 1384.64 1467.19 1494.53 1490.03 1477.02 1488.6 1532.62 1656.32 1905.83 2227.15 2555.87 2728.55 2804.34 2847.53 2909.61 2996.37 3146.92 3708.64 4078.26 4469.06 4718.83 4758.54 4490.32 4038.85 3551.74 3107.42 2757.45 2602.12 2487.17 2514.06 2551.45 2555.27 2475.44 2473.2 2509.38 2552.48 2579.34 2545.63 2463.73 2359.63
709.155 679.252 594.373 506.616 453.16 431.786 406.736 396.911 405.5 428.448 506.129 602.311 696.53 825.212 953.082 1072.41 1184.7 1226.9 1270.47 1310.27 1351.18 1390.73 1423.32 1455.39 1492.66 1549.1 1609.87 1504.88 1530.01 1507.08 1468.41 1462.05 1486.28 1539.24 1652.91 1883.69 2198.88 2542.98 2753.89 2862.93 2887.96 2907.51 2933.95 3005.7 3510.76 3836.1 4239.86 4537.51 4621.63 4418.68 4028.44 3573.32 3139.61 2794.34 2640.95 2518.53 2572.07 2624.82 2643.54 2590.13 2586.46 2591.91 2599.66 2593 2538.24 2449.48 2343.01
649.26 625.399 556.98 485.476 438.519 416.951 393.09 385.605 393.882 417.01 481.562 569.393 653.398 770.614 894.562 1024.94 1108.79 1147.14 1183.26 1213.47 1246.22 1279.92 1309.71 1335.72 1368.24 1428.05 1509.71 1571.4 1624.76 1641.85 1634.43 1630.07 1655.78 1691.38 1776.79 1976.11 2267.82 2616.54 2864.49 3006.64 3028.56 3002.94 2961.82 2956.75 3281.23 3564.92 3937.78 4240.33 4329.21 4173.33 3834.08 3408.8 2987.31 2655.7 2511.91 2430.88 2511.55 2595.37 2638.71 2638.21 2636.54 2617.88 2597.81 2567.13 2499.94 2408.62 2298.44
598.736 579.712 530.196 480.747 447.887 435.728 416.734 419.035 432.943 463.524 524.928 606.565 682.455 776.317 881.888 976.433 1006.45 1035.97 1065.03 1089.82 1120.26 1153.88 1185.15 1212.28 1248 1317.75 1419.49 1511.33 1590.81 1626.2 1620.79 1599.31 1590.69 1625.44 1741.58 1978.33 2330.41 2643.42 2940.32 3126.92 3171.16 3135.1 3061.33 3016.64 3138.76 3377.31 3695.69 3954.33 4025.43 3881.14 3559.09 3143.49 2723.71 2403.45 2275.45 2276.49 2385.8 2499.16 2576.1 2613.07 2616.27 2583.27 2545.67 2499.61 2428.88 2342.05 2231.47
548.842 537.566 508.469 484.897 469.558 489.87 478.82 490.041 513.264 549.886 609.068 683.199 749.184 816.788 868.979 870.391 889.099 908.978 931.769 954.594 988.581 1030.2 1073.18 1114.99 1165.7 1248.86 1360.51 1462.94 1550.68 1590.29 1579.27 1540.37 1504.03 1507.63 1598.52 1824.57 2195.21 2575.43 2935.8 3184.96 3286.99 3271.94 3206.85 3147.08 3110.01 3184.72 3356.25 3516.62 3569.24 3482.57 3287.84 2924.93 2495.62 2174.69 2066.63 2104.68 2234.29 2360.36 2453.66 2509.23 2520.11 2486.06 2442.59 2386.08 2319.88 2244.88 2137.7
510.907 507.613 495.273 495.645 501.833 551.61 553.369 576.535 609.157 646.35 697.379 760.361 826.519 804.878 787.719 781.711 793.153 802.892 815.898 832.688 865.121 911.624 967.167 1026.86 1094.87 1188.19 1298.95 1396.62 1480.72 1517.01 1498.25 1446.04 1392.74 1378.87 1455.83 1674.3 2041.97 2441 2865.08 3182.56 3362.77 3410.83 3360.98 3213.93 3054.72 2994.75 3033.53 3092.65 3079.03 2949.57 2724.48 2481.77 2275.18 1912.52 1821.31 1897.01 2053.71 2210.25 2330.78 2397.71 2402.14 2358.6 2304.9 2239.84 2179.63 2112.66 2019.7
475.783 477.452 477.044 499.344 526.812 588.457 605.799 641.23 680.791 716.376 857.722 815.774 777.141 747.173 730.691 729.238 742.738 748.254 751.214 755.572 774.132 810.92 864.818 929.202 1002.67 1096.29 1198.42 1288.35 1367.05 1400.09 1377.4 1321.05 1264.93 1247.63 1317.11 1519.82 1859.15 2251.29 2705.64 3080.04 3332.28 3446.95 3431.66 3295.98 3142.95 3043.1 3011.73 2998.89 2929.47 2762.34 2511.29 2249.55 2080.41 1810.14 1725.41 1813.95 1986.52 2151.6 2271.41 2329.94 2318.26 2250.91 2175.75 2097.95 2037.02 1975.09 1896.48
435.281 434.146 443.124 486.458 535.279 608.449 638.725 685.272 728.937 901.782 849.841 797.65 748.249 711.188 696.992 705.546 729.559 741.05 742.949 738.928 740.015 755.258 790.162 840.181 901.506 979.85 1073.21 1162.38 1236.56 1268.27 1247.84 1198.84 1154.13 1144.03 1202.95 1367.71 1581.37 1982.05 2443.05 2858.12 3162.95 3341.83 3378.79 3316.75 3220.39 3141.58 3096.47 3054.41 2962.69 2791.17 2554.18 2317.63 2170.28 1938.48 1851.7 1919.2 2060.63 2193.91 2290.21 2317.68 2270.9 2164.7 2057.1 1961.57 1894.79 1837.57 1769.01
432.552 430.103 444.674 496.995 541.661 615.526 654.297 706.792 751.538 889.776 845.556 797.086 744.692 701.864 686.167 700.055 732.076 752.729 761.213 758.485 751.529 749.005 760.283 785.677 822.03 873.32 938.816 1011.5 1074.98 1109.65 1104.52 1077.06 1037.17 992.502 984.378 1059.44 1296.97 1663.43 2096.73 2523.93 2862.65 3076.71 3163.31 3167.26 3127.26 3080.69 3043.61 3001.34 2921.85 2787.73 2614.78 2457.55 2358.44 2133.6 2065.94 2118.84 2222.04 2308.87 2369.59 2351.4 2258 2107.8 1963.94 1843.8 1763.21 1702.89 1641.18
427.237 427.897 449.296 506.185 533.671 610.402 655.621 710.081 751.574 773.128 850.515 808.023 754 705.477 685.839 698.689 733.432 760.247 775.339 778.543 772.823 764.793 763.772 773.775 790.7 817.259 853.324 896.45 929.684 917.549 876.581 827.483 809.563 816.759 847.319 921.466 1093.61 1380.74 1748.75 2146.92 2502.66 2725.15 2837.29 2880.42 2876.86 2851.66 2822.85 2792.39 2748.51 2685.54 2616.79 2577.3 2481.26 2322.43 2286.7 2332.37 2395.21 2432.21 2445.11 2377.26 2237.04 2046.45 1870.34 1724.25 1628.25 1564.94 1513.02
386.48 390.633 421.344 480.923 508.739 592.183 640.568 692.946 727.424 739.089 730.298 712.649 694.362 694.871 673.333 682.638 716.275 742.014 759.231 766.661 763.977 756.263 752.994 761.12 774.239 790.502 776.165 742.981 720.839 721.321 730.134 744.131 794.972 872.679 946.306 1005.39 1090.46 1244.52 1484.56 1790.98 2116.26 2343.41 2452.06 2495.56 2496.5 2470.39 2440.64 2428.41 2443.13 2486.91 2561.22 2623.31 2524.48 2481.17 2494.69 2532.03 2553.88 2538.24 2494.81 2375 2191.63 1967.17 1763.93 1596.49 1486.16 1422.68 1390.14
348.999 355.113 390.096 448.801 479.784 564.04 611.8 660.596 691.179 695.983 676.126 643.758 605.561 585.473 602.792 649.725 685.861 708.418 724.77 732.552 731.391 725.128 723.891 736.792 699.389 683.7 663.485 649.348 665.435 720.696 806.012 888.426 989.815 1097.03 1181.57 1225.98 1252.74 1298.52 1403.85 1587.68 1828.44 2052.72 2144.59 2157.3 2130.08 2077.5 2032.68 2041.33 2133.66 2306.38 2475.89 2519.38 2569.97 2635.31 2689.13 2710.96 2686.17 2608.13 2502.92 2332.29 2110.95 1861.6 1637.75 1454.56 1337.6 1280.54 1275.13
321.408 328.175 365.334 422.981 453.486 537.727 584.03 628.971 657.618 659.43 633.427 591.613 537.764 502.793 503.776 531.06 615.956 648.456 664.148 670.852 667.57 646.324 614.007 596.155 594.989 606.647 627.677 664.231 746.923 859.373 997.389 1117.73 1231.32 1337.15 1413.61 1446.9 1449.36 1449.59 1481.39 1576.08 1734.47 1915.57 2007.23 2004.58 1941.4 1848.31 1778.13 1798.57 1925.86 2101.62 2272.83 2465.83 2642.09 2779.71 2851.73 2846.56 2769.41 2624.64 2455.45 2233.65 1979.82 1712.65 1472.31 1280.31 1167.1 1126.93 1157.3
302.625 311.371 349.229 408.482 441.557 525.807 571.212 613.8 641.999 644.558 619.751 573.697 510.99 459.556 438.929 444.629 515.318 543.951 561.249 563.032 553.227 530.862 504.276 498.331 522.095 575.216 649.357 744.854 886.771 1046.87 1208.72 1332.22 1433.77 1527.35 1590.46 1612.69 1606.29 1596.95 1614.87 1680.54 1798.91 1936.16 2036.41 2022.52 1941.28 1813.16 1686.21 1623.52 1672 1881.31 2175.7 2480.7 2735.8 2909.49 2980.08 2939.74 2804.67 2594.17 2362.1 2092.49 1810.76 1530.52 1279.62 1090.74 990.696 978.633 1043.03
297.087 310.322 344.517 401.951 438.727 523.198 569.593 612.527 643.367 650.564 631.182 587.298 522.985 461.583 421.786 402.653 434.763 451.901 465.206 469.305 460.651 442.78 426.452 439.191 492.499 585.263 705.813 848.763 1028.18 1211.21 1378.04 1492.47 1573.65 1645.98 1686.78 1691.03 1676.25 1670.25 1701.78 1780.96 1905.45 2039.06 2146.09 2139.28 2047.04 1882.56 1679.14 1526.35 1564.61 1826.27 2182.79 2535.67 2820.66 3000.5 3056.12 2980.97 2794.92 2528.56 2245.63 1939.86 1639.91 1351.55 1097.69 920.716 839.967 857.217 920.67
311.192 330.57 361.584 415.522 455.829 523.434 572.577 617.379 653.307 667.295 653.763 615.649 556.031 495.144 448.688 414.119 406.23 410.798 420.412 425.606 419.928 408.096 406.127 436.64 512.989 633.478 784.635 958.82 1151.44 1338.47 1498.94 1600.77 1657.55 1700.82 1710.08 1688 1659.45 1656.74 1707.69 1815.91 1967.47 2122.13 2245.36 2256.39 2175.39 1999.65 1758.69 1572.48 1593.39 1851.76 2214.5 2576.42 2866.06 3042.41 3085.06 2987.14 2771.1 2469.45 2155.8 1829.52 1520.12 1230.21 988.519 829.789 763.424 762.907 799.437
326.207 352.749 392.509 449.165 500.177 553.639 601.719 646.111 684.039 703.447 695.646 664.492 612.841 557.585 511.998 471.271 449.264 446.003 454.144 461.285 460.093 456.963 465.417 500.125 583.019 713.146 872.403 1049.36 1237.15 1415.21 1560.42 1641.87 1669.8 1675.62 1644.61 1587.16 1536.93 1532 1601.36 1742.6 1927.22 2108.54 2241.17 2276.56 2225.51 2058.66 1818 1624.52 1624.17 1856.54 2202.6 2558.62 2845.96 3021.59 3061.93 2962.4 2744.31 2440.22 2128.41 1809.76 1514.89 1246.09 1031.77 860.541 753.612 713.462 727.585
359.516 378.149 422.222 484.414 544.982 603.635 652.035 694.784 732.034 757.719 756.252 726.88 671.865 600.297 526.604 463.32 427.685 427.289 460.027 517.057 532.255 541.329 559.344 596.881 676.87 801.889 953.693 1121.92 1297.33 1460.09 1583.46 1637.04 1629.45 1593.43 1518.56 1421.66 1343.84 1332.02 1417.51 1587.96 1799.69 1996.05 2111.28 2172.84 2156.54 2022.49 1790.37 1597.32 1581.4 1792.09 2122.23 2472.39 2761.32 2945.55 2999.29 2920.64 2729.56 2456.75 2178.78 1895.2 1637.91 1378.09 1142.91 961.657 839.228 770.294 745.518
375.589 385.044 424.133 482.653 539.985 599.319 652.645 697.707 729.83 743.732 736.41 703.103 644.597 567.953 486.674 417.299 382.151 394.483 450.031 531.76 606.188 625.743 652.34 692.656 768.227 884.025 1023.37 1176.51 1334.38 1475.85 1573.18 1597.3 1555.28 1480.89 1366.98 1234.62 1131.47 1110.26 1205.03 1389.06 1582.03 1718.95 1845 1928.11 1941.79 1879.66 1653.68 1462.85 1436.12 1633.29 1957.18 2309.42 2610.35 2817.52 2904.22 2868.68 2731.87 2521.24 2315.39 2020.19 1744.66 1510.14 1317.39 1160.81 1032.73 928.356 847.274
357.617 367.14 409.418 472.327 539.294 607.069 662.996 707.152 734.797 741.62 725.511 684.109 618.715 535.85 447.294 372.993 342.936 375.654 457.916 562.58 667.854 706.737 743.198 787.593 858.45 961.601 1083.13 1217.25 1354.63 1475.55 1550.86 1553.69 1490.19 1394.25 1262.85 1116.55 1004.8 978.36 1065.24 1176.46 1270.29 1406.18 1544.87 1645.1 1681.35 1648.64 1569.02 1308.86 1274.57 1457.49 1772.25 2124.81 2438.57 2673.44 2803.93 2825.5 2767.45 2563.71 2335.94 2111.38 1904.87 1724.58 1564.23 1415.12 1270.46 1128.54 993.232
337.681 353.295 403.631 475.644 553.779 627.632 687.032 730.204 752.927 751.542 725.253 674.087 601.583 514.651 422.303 344.421 319.278 374.744 481.307 604.851 724.687 782.618 829.493 877.926 945.798 1036.65 1137.88 1250.12 1366.73 1470.94 1531.87 1526.26 1458.74 1365.14 1240.54 1109 1010.79 1019.32 916.55 895.19 973.352 1113.36 1260.11 1369.66 1419.38 1406.02 1351.37 1161.52 1121.11 1282.25 1578.45 1923.59 2247.33 2509.43 2724.07 2733.82 2657.53 2534.07 2388.73 2237.78 2090.82 1951.69 1810.93 1661.35 1499.43 1326.31 1147.99
337.251 358.602 413.794 490.39 572.914 650.543 712.2 755.315 775.248 768.203 734.06 675.01 597.808 507.539 412.369 332.712 312.076 383.059 508.394 647.285 780.215 853.55 911.951 964.547 1030.32 1108.74 1189.24 1279.46 1378.22 1471.28 1526.51 1524.68 1469.01 1395.99 1296.74 1194.93 1098.33 907.698 762.779 720.453 795.688 934.669 1078.84 1190.14 1249.83 1255.65 1223.32 1192.19 1052.56 1171.06 1421.71 1738.17 2056.2 2364.65 2504.25 2559.39 2555.05 2509.16 2438.73 2351.92 2254.07 2146.96 2021.61 1872.96 1700.06 1505.95 1297.9
340.551 365.996 423.755 501.17 584.752 664.886 728.603 773.269 793.386 784.532 746.869 682.437 599.233 504.202 405.557 325.105 311.075 395.139 533.589 685.7 831.204 911.665 982.116 1040.37 1105.76 1173.67 1236.59 1308.33 1392.28 1478.07 1533.03 1538.49 1499.49 1451.32 1376.42 1255.42 1060.59 876.393 749.896 722.627 790.508 905.828 1027.68 1129.47 1197.42 1225.93 1218.68 1198.16 1091.13 1148.85 1318.99 1571.3 1897.04 2111.43 2265.52 2368.46 2425.28 2445.63 2438.59 2407.03 2353.18 2277.41 2171.97 2033.01 1860.82 1659.41 1436.74
323.203 351.059 412.132 490.425 575.582 659.821 727.306 775.489 798.758 792.137 755.933 691.952 604.618 504.577 402.373 321.983 315.38 407.098 552.459 714.727 870.997 955.953 1039.84 1104.73 1169.88 1228.11 1276.58 1333.31 1405.17 1484.77 1541.22 1552.84 1528.61 1497.6 1396.98 1236.94 1070.82 934.166 860.722 861.188 916.228 996.988 1086.95 1174.57 1250.12 1302.31 1321.2 1312.02 1299.33 1230.58 1301.52 1454.82 1683.73 1865.7 2023.57 2156.6 2258.96 2332.52 2379.14 2397.54 2387.44 2347.64 2270.66 2152.87 1994.18 1798.42 1573.64
303.422 332.564 392.319 469.786 555.396 642.879 713.741 764.792 791.63 789.435 757.147 696.793 611.448 510.942 407.682 328.422 323.781 413.67 562.404 732.18 886.725 989.352 1088.47 1161.74 1226.5 1275.81 1310.49 1349.54 1405.52 1477.14 1532.14 1548.88 1535.57 1481.46 1365.08 1237.57 1123.85 1053.22 1037.1 1062.46 1107.75 1160.26 1221.89 1292.78 1363.24 1426.45 1468.48 1509.49 1487.93 1454.64 1433.8 1453.83 1529.11 1645.57 1780.02 1919.16 2048.25 2161.1 2253.32 2319.65 2357.01 2361.75 2324.96 2241.08 2108.24 1929.02 1711.07
300.293 328.015 380.257 454.39 537.915 625.243 696.265 746.963 775.121 777.311 749.401 693.107 611.235 513.651 413.664 337.217 331.072 415.416 564.285 737.785 888.288 1004.75 1117.72 1199.6 1264.94 1308.67 1330.37 1352.39 1388.39 1448.48 1497.32 1512.8 1495.46 1423.39 1337.4 1260.49 1211.47 1206.97 1238.17 1281.8 1291.6 1305.79 1346.65 1415.67 1506.27 1599.7 1682.42 1746.75 1717.97 1652.3 1571.18 1500.41 1466.85 1488.22 1563.45 1677.14 1809.25 1945.88 2076.1 2189.3 2277.92 2334.71 2347.21 2306.77 2207.94 2039.28 1822.02
315.448 339.208 383.597 454.051 534.164 618.286 686.64 733.703 759.29 762.932 737.541 683.821 604.624 509.546 413.176 340.876 334.854 412.222 558.984 731.922 873.892 1001.5 1125.63 1214.11 1279.64 1317.95 1326.77 1332.47 1346.29 1389.71 1427.4 1448.33 1408.64 1360.09 1317.59 1302 1319.17 1371.88 1398.91 1437.77 1479.03 1514.35 1561.67 1625.69 1717.5 1822.43 1928.79 1988.37 1951.01 1876.94 1766.85 1635.68 1510.23 1423.87 1401.72 1450.81 1557.44 1701.82 1864.16 2025.49 2170.91 2286.56 2354.97 2349.59 2270.29 2125.77 1928
328.683 350.565 393.41 463.347 540.793 621.017 685.804 727.947 747.518 749.007 723.353 670.416 593.158 502.14 412.2 343.549 338.853 408.151 549.134 705.523 847.468 982.015 1112.87 1204.24 1270.4 1304.96 1300.86 1292.31 1285.77 1310.36 1332.81 1326.96 1322.29 1303.52 1310.13 1310.17 1368.58 1459.97 1559.67 1656.59 1736.32 1787.28 1830.12 1876.86 1951.59 2052.74 2185.51 2193.58 2172.75 2110.98 1997.05 1836.61 1648.43 1465.38 1328.28 1276.08 1323.35 1455.09 1642.09 1851.3 2055.71 2225.41 2325.95 2358.95 2323.95 2209.75 2028.56
