Code/Results/Ref_40/700/MW_40_700_140/2.9_40_700_rms_map_shift_100km.grd
DSAA
170 190
-5100000.0 5040000.0
-5700000.0 5640000.0
212.91039242287385 33495.3067383106
[rows 120 to 149 of 190, columns 67 to 133 of 170]
3065.56 3043 2923.33 2730.41 2613.31 2594.59 2508.48 2535.57 2675.16 2516.52 2200.37 1980.07 1954.23 1986.63 1933.1 1765.83 1623.73 1664.86 1771.06 1626.14 1498.5 1488.72 1495.6 1465.93 1406.28 1413.93 1485.93 1535.09 1574.29 1505.71 1346.44 1223.77 1329.32 1462.26 1499.57 1511.87 1533.22 1527.73 1523.58 1509.3 1424.58 1310.43 1319.84 1338.41 1341.87 1400.55 1421.49 1425.66 1309.12 1280.99 1330.7 1365.46 1526.9 1710.98 1940.92 2121.03 2203.95 2241.42 2282.21 2341.99 2422.08 2508.36 2501.72 2289.19 1931.58 1506.98 1275.67
2787.25 2846.09 2801.7 2681.18 2618.51 2608.55 2540.49 2555.66 2709.46 2538.84 2280.37 2155.68 2217.73 2303.52 2250.12 2059.14 1883.4 1895.39 2025.55 1857.88 1669.34 1640.85 1658.81 1600.12 1453.37 1372.08 1399.35 1436.6 1456.06 1354.94 1184.92 1110.87 1240.59 1371.9 1375.01 1441.01 1521.32 1537.23 1513.45 1461.43 1345.38 1208.39 1243.62 1316.01 1306.54 1346.86 1371.26 1421.29 1368.19 1314.41 1301.58 1321.92 1504.34 1674.82 1903.08 2091.55 2129.14 2145.08 2244.7 2370.72 2501.58 2635.79 2668.12 2507.94 2213.87 1743.45 1473.55
2411.8 2550.15 2593.52 2557.49 2524.29 2519.7 2476.51 2514.17 2729.25 2588.43 2410.68 2386.34 2544.29 2688.54 2641.69 2367.73 2160.05 2110.6 2245.72 2172.22 1945.56 1879.91 1907.41 1843.7 1662.51 1495.3 1428.01 1436.73 1439.65 1337.13 1160.72 1111.21 1185.97 1345.1 1387.78 1470.23 1589.01 1654.08 1650.06 1607.12 1499.47 1369.24 1393.65 1429.39 1386.51 1426.65 1431.58 1493.71 1470.83 1407.81 1297.63 1293.7 1495.32 1661.24 1880.53 2086.86 2119.8 2147.76 2291.8 2477.82 2643.47 2821.08 2893.36 2778.42 2549.16 2052.85 1718.45
2027.92 2185 2276.49 2325.67 2290.39 2301 2288.93 2351.99 2669.68 2596.36 2509.4 2582.74 2834.89 3037.24 2763.33 2501.83 2184.12 1999.82 2130.22 2233.77 2184.23 2076.34 2089.85 2046.82 1890.78 1711.03 1587.58 1545.4 1507.98 1403.33 1241.56 1182.58 1224.76 1377.93 1481.35 1574.35 1687.26 1760.11 1779.41 1747.31 1628.4 1460.32 1448.33 1477.64 1415.44 1464.69 1497.02 1560.69 1590.44 1588.36 1426.47 1327.6 1530.57 1731.78 2028.48 2188.62 2215.23 2267.02 2459.04 2670.02 2834.82 3036.87 3141.06 3055.44 2848.57 2320.6 1928.51
1803.92 1916.96 2000.4 2081.43 2046.77 2075.8 2103.78 2183.11 2552.13 2551.85 2545.17 2701.48 3029.07 2771.36 2642.47 2445.63 2200.68 2060.97 2176.25 2244.71 2230.91 2189.91 2201.09 2190.71 2077.88 1956.92 1826.7 1733.44 1646.63 1536.92 1429.71 1383.58 1405.34 1512.72 1596.21 1687.71 1782.35 1836.82 1874.93 1865.41 1734.65 1539.43 1493.06 1503.82 1437.26 1521.96 1561.21 1585.59 1632.33 1708.33 1628.41 1490.01 1633.24 1820.93 2125.05 2272.69 2312.57 2376.18 2574.53 2776.37 2923.2 3138.28 3310.73 3262.81 3068.07 2546.77 2107.84
1782.77 1866.55 1935.51 2016.02 2079.97 2209.24 2329.06 2423.77 2501.63 2515.47 2533.84 2723.71 2582.92 2569.86 2460.72 2332.56 2172.71 2093.07 2154.6 2181.98 2114.74 2097.23 2131.86 2126.86 1998.45 1878.93 1781.27 1755.72 1708.2 1673.25 1617.96 1590.37 1607.78 1670.94 1712 1767.15 1834.13 1868.59 1925.1 1940.52 1793.94 1596.56 1583.5 1611.57 1587.04 1680.37 1711.52 1737.34 1793.47 1890.09 1867.65 1747.76 1791.98 1894.81 2174.23 2401.98 2478.07 2546.39 2724.94 2885.67 3021.48 3240.24 3430.6 3402.55 3244.56 2730.12 2244.58
1871.98 1976.45 2062.36 2141.53 2197.23 2254.22 2359.51 2474.05 2550.79 2546.28 2555.76 2750.18 2540.24 2455.82 2325.98 2223.66 2117.76 2091.63 2142.2 2121.3 2054.01 2050.19 2098.18 2118.09 2004.18 1924.1 1857.96 1853.83 1842.16 1832.09 1751.76 1738.02 1768.78 1814.93 1837.78 1852.12 1875.63 1879.82 1926.75 1946.78 1837.51 1671.79 1652.84 1691.98 1685.38 1765.66 1792.84 1809.84 1874.16 2013.26 2030.63 1912.52 1936.15 1982.9 2250.74 2528.81 2671.28 2752.57 2819.12 2904.26 3040.61 3287.02 3515.93 3506.17 3385.64 2895.51 2390.21
1987.51 2138.74 2254.02 2327.04 2346.96 2357.03 2427.75 2529.37 2583.56 2548.68 2543.93 2761.88 2647.91 2507.52 2344.33 2206.61 2070.95 2067.6 2111.78 2089.11 2034.73 2021.97 2065.3 2108.63 2023.99 2014.25 2042.84 2050.39 2045.52 1879.28 1783.83 1772.67 1810.68 1846.14 1858.01 1894.51 1862.49 1814.44 1844.14 1858.14 1769.21 1655.46 1699.06 1771.37 1777.55 1853.67 1893.87 1902.1 1966.94 2084.62 2111.18 2057.04 2132.91 2095.06 2328.44 2605.01 2771.27 2800.43 2820.9 2895.97 3073.52 3367.14 3614.03 3634.54 3558.29 3109.98 2606.54
2129.97 2315.95 2430.97 2472.71 2465.57 2443.75 2473.28 2533.46 2549.66 2478.74 2459.01 2708.79 2884.89 2705.61 2466.42 2282.78 2091.16 2048.94 2081.28 2033.51 1963.44 1929.6 1961.19 2019.64 1947.62 1969.76 2079.96 2127.79 2085.25 1934.68 1849.1 1844.79 1879.54 1895.7 1872.04 1897.17 1848.93 1735.28 1736.62 1734.19 1645.53 1585.84 1675.51 1781.6 1808.44 1879.91 1928.27 1943.78 2012.26 2141.95 2193.08 2169.09 2270.42 2211.09 2424.46 2675.55 2801.74 2940.29 2923.66 2995.37 3167.24 3462.75 3718.49 3759.33 3731.47 3333.36 2830.41
2279.53 2483.46 2570.86 2572.31 2543.19 2504.71 2505.65 2524.94 2504.18 2400.26 2365.3 2633.03 3124.06 2987.85 2681.4 2438.95 2182.99 2080.27 2096.53 2033.75 1954.26 2019.74 2007.83 2026.61 1933.49 1907.79 2030.47 2132.3 2145.32 2041.62 1981.17 1988.54 1993.67 1991.34 1930.44 1906.14 1865.47 1701.2 1666.09 1653.71 1556.06 1526.8 1622.05 1748.21 1806.55 1863.32 1917.54 1955.13 2025.32 2156.28 2224.3 2239.87 2316.62 2269.25 2312.83 2388.39 2540.23 2742.1 3029.7 3036.68 3207.41 3510.01 3778.23 3859.27 3874.44 3526.42 3025.53
2416.17 2624.1 2678.68 2639.06 2594.58 2555.67 2546.13 2535.93 2481.29 2339.66 2276.91 2543.35 3072.78 3257.62 2941.24 2669.48 2394.06 2272.1 2279.36 2221.39 2145.66 2270.67 2195.59 2150.44 1988.73 1847.26 1917.67 2072.44 2167.75 2129.88 2103.72 2129.19 2123.12 2115.28 2033.23 1960.53 1898.68 1722.72 1658.18 1628 1570.58 1546.45 1610.87 1733.23 1801.43 1881.13 1945.2 2005.97 2063.37 2121.45 2179.97 2207.62 2181.27 2094.85 2003.06 2022.7 2189.48 2443.51 2775.22 2799.94 3051.4 3403.83 3720.12 3906.04 3962.26 3672.63 3182.73
2541.49 2749.27 2778.95 2700.55 2643.63 2617.46 2617.11 2589.35 2489.6 2289.63 2188.27 2443.45 2985.8 3386.54 3163.29 2906.77 2668.43 2560.87 2572.68 2535.47 2476.59 2593.25 2461.56 2328.45 2066.84 1776.4 1757.11 1933.93 2109.46 2150.78 2162.52 2212.33 2228.82 2232.93 2147.47 2044.57 1938.31 1768.89 1668.11 1627.9 1571.18 1573.73 1604.35 1709.3 1771.41 1832.38 1893.65 1946.44 1952.18 1932.12 1940.54 1937.1 1879.18 1810.21 1787.64 1795.55 1954.82 2232.46 2318.05 2456.31 2810.26 3247.26 3633.08 3883.04 3979.38 3753.85 3309.16
2666.21 2866.75 2881.43 2773.91 2703.21 2696.21 2713.33 2659.43 2486.31 2204.97 2069.06 2326.48 2881.02 3325.93 3318.26 3125.29 2906.02 2802.8 2833.26 2828.74 2801.1 2928.44 2758.09 2538.76 2088.21 1718.73 1619.13 1773.06 2005.07 2129.73 2182.79 2266.89 2322.17 2356.04 2281.76 2157.22 2011.05 1818.65 1687.72 1646.43 1569.12 1598.99 1652.32 1735.12 1770.4 1777.7 1779.99 1799.44 1789.61 1721.88 1725.58 1731.86 1684.1 1643.89 1635.84 1694.39 1846.48 2134.41 2161.82 2314.86 2683.34 3119.6 3511.19 3783.65 3908.97 3755.83 3362.35
2815.22 2990.88 2978.95 2857.52 2781.71 2772.06 2772.7 2659.16 2392.69 2021.06 1873.95 2179.77 2749.76 3220.44 3391.6 3279.69 3046.6 2935.28 2986.1 3015.81 3003.35 3138.42 2980.09 2613.9 2013.93 1610.81 1506.97 1659.61 1895.8 2086.9 2195.08 2316.34 2412.76 2483.98 2430.61 2298.61 2110.57 1883.65 1753.3 1716.46 1595.72 1553.28 1671.27 1756.72 1776.02 1718.45 1662.77 1660.73 1640.83 1561.35 1583.4 1603.71 1589.89 1560.24 1536.65 1614.31 1767.47 2056.5 2056.36 2208.31 2551.85 2950.3 3320.34 3587.22 3723.7 3634.77 3318.83
2989.43 3156.67 3119.13 2996.01 2906.73 2864.27 2792.06 2584.86 2227.1 1797.38 1690.61 2075.68 2656.88 3125.96 3342.07 3380.8 3119.39 2987.15 3054.62 3101.29 3078.42 3224.42 3095.84 2620.38 2008.37 1565.4 1450.72 1631.55 1869.32 2099.51 2286.85 2474.12 2621.59 2721.28 2668.9 2500.03 2235.46 1981.89 1826.92 1765.01 1583.47 1416.51 1432.13 1596.84 1725.04 1703.14 1618.23 1598.52 1548.68 1449.77 1482.44 1518.77 1538.77 1498.57 1475.07 1563.93 1704.58 1976.87 1965.8 2112.16 2413.76 2756.2 3076.56 3320.94 3461.42 3430.42 3190.91
3179.04 3353.88 3327.42 3233.18 3139.34 3049.38 2881.77 2575.4 2152.9 1755.33 1737.49 2157.16 2693.94 3110.37 3310.33 3437.36 3155.72 2993.34 3055.56 3078.27 3028.84 3184.48 3081.39 2657.2 2132.82 1704.45 1559.3 1701.86 1943.43 2149.97 2345.36 2562.7 2743.92 2926.82 2931.05 2709.69 2376.6 2110.15 1934.68 1853.68 1617.72 1356.19 1251.13 1395.27 1615.14 1698.49 1629.11 1609.71 1560.44 1459.65 1488.34 1513.54 1558.93 1482.99 1453.16 1583.87 1665.39 1900.01 2168.16 2012.25 2255.86 2534.98 2802.11 3012.6 3157.23 3195.74 3028.66
3372.14 3578.47 3595.32 3530.48 3416.17 3261.55 3011.67 2643.39 2221.23 1919.32 1986.6 2379.5 2833.79 3156.97 3277.85 3348.44 3195.92 2934.89 2938.32 2922.09 2849.13 3030.68 2923.88 2692.9 2264.65 1864.97 1676.75 1743.74 1991.61 2146.1 2303.14 2526.96 2692.83 2895.87 3009.19 2860.3 2537.22 2284.45 2092.3 1973.59 1741.59 1482.86 1313.28 1372.28 1563.95 1697.3 1650.25 1618.94 1606.9 1545.68 1561.97 1577.88 1613.2 1504.39 1454.96 1583.49 1632.88 1818.13 2053.1 1913.66 2082.71 2303.81 2527.07 2702.21 2855.81 2946.5 2845.2
3556.66 3798.2 3862.52 3815.15 3685.14 3491.17 3201.09 2818.85 2440.59 2220.16 2303.98 2613.04 2956.99 3177.87 3216.55 3210.57 3200.76 2848.39 2754.93 2691.59 2583.46 2814.22 2745.2 2660.45 2302.59 1911.04 1672.53 1662.19 1934.44 2088.64 2219.73 2461.18 2660.43 2887.05 3038.73 2958.28 2643.2 2390.76 2227.61 2160.76 2009.03 1819.02 1650.98 1614.65 1692.34 1785.02 1715.7 1661.47 1690.22 1667.41 1686.28 1698.17 1724.81 1674.21 1558.28 1566.21 1596.03 1738.32 1937.25 1839.15 1943.44 2105.97 2297.07 2457.37 2620.28 2756.16 2713.32
3703.35 3970.5 4067.77 4040.07 3915.17 3721.65 3441.17 3097.01 2787.52 2626.91 2686.69 2889.35 3109.04 3229.9 3207.19 3150.22 3095.79 2669.99 2487.05 2384.24 2263.79 2604.34 2582.14 2552.15 2239.86 1841.37 1559.11 1503.39 1834.2 2058.54 2228.98 2507.76 2728.39 2967.5 3137.82 3035.75 2744.37 2577.62 2501 2501.58 2423.09 2289.18 2121.51 1992.75 2030.39 1962.11 1796.9 1686.49 1707.86 1700.44 1706.45 1717.13 1744.09 1710.87 1607.47 1541.55 1553.14 1665.29 1830.21 1753.32 1810.87 1936.52 2108.48 2277.2 2462.91 2637.08 2641.18
3754.67 4039.29 4171.83 4182.84 4089.83 3929.91 3698.38 3424.55 3187.26 3065.61 3092.01 3202.77 3313.58 3352.35 3297.95 3213.45 2882.95 2403.72 2163.34 2044.94 1943.09 2385.63 2410.73 2377.72 2115.72 1725.86 1429.35 1371.82 1763.17 2066.9 2264.72 2584.04 2880.11 3139.75 3249.54 3139.29 2983.67 2949.98 2947.25 2981.71 2942.43 2834.63 2422.78 2204.66 2137.7 2059.68 1828.26 1686.64 1688.72 1656.88 1635.11 1617.91 1639.34 1621.59 1546.48 1490.95 1513.41 1593.94 1725.07 1636.14 1659.34 1766.15 1946.17 2123.1 2341.65 2541.86 2583.97
3708.46 4002.66 4170.58 4226.7 4177.42 4061.1 3886.51 3681.26 3501.33 3403.3 3404.3 3454.86 3490.34 3469.27 3394.21 3127.12 2604.13 2183.58 1920.58 1790.23 1696.91 1951.72 2036.8 2068 1904.64 1560.18 1302.82 1309.04 1743.51 2108.68 2335.83 2702.8 3060.07 3313.12 3418.29 3413.27 3413.76 3466.26 3477.38 3343.23 3088.78 2897.32 2586.17 2307 2187.83 2112.5 1888.67 1772.04 1712.6 1646.88 1599.97 1526.45 1514.51 1502.52 1448.05 1412.74 1416.62 1546.52 1495.16 1489.23 1500.1 1597.57 1787.92 1976.57 2220.84 2435.16 2504.82
3599.67 3898.69 4094.54 4188.79 4182.22 4109.66 3990.66 3842.48 3704.6 3623.08 3607.67 3617.89 3599.65 3528.67 3412.03 2805.89 2379.91 2028.78 1746.89 1585.05 1486.53 1506.71 1611.49 1689.65 1662.68 1429.63 1267.94 1395.74 1851.49 2264.42 2533.47 2926.55 3312.89 3579.2 3725.51 3818.51 3910.16 3982.82 3480.79 3352.77 3087.02 2911.36 2660.88 2415.29 2305.74 2234.4 1989.57 1841.24 1732.57 1637.21 1573.93 1487.49 1440.81 1420.37 1383.39 1363.55 1343.32 1387.7 1355.87 1317.08 1313.56 1405.14 1603.53 1823.78 2092.1 2311.12 2391.08
3220.23 3600.29 3934.02 4055.25 4085.31 4053.57 3983.9 3882.81 3777.06 3708.75 3680.28 3655.89 3591.64 3216.87 2885.32 2548.79 2212.89 1888.64 1569.01 1364.77 1243.05 1238.54 1312.89 1387.17 1423.24 1348.11 1316.89 1566.96 2035.46 2481.7 2755.67 3111.24 3477.83 3732.02 3883.19 4000.26 3996.01 3891.21 3531.32 3439.7 3225.73 3111.48 2952.09 2767.8 2669.88 2583.39 2325.25 2135.09 1954.21 1774.81 1642.18 1515.77 1425.34 1377.48 1352.66 1342.25 1298.54 1302.48 1238.31 1128.63 1112.7 1216.72 1435.85 1691.17 1974.43 2184.81 2264.65
2487.88 2801.41 3108.31 3321.1 3500.85 3636.79 3706.11 3724.14 3613.35 3517.87 3445.17 3332.16 3111.92 2835.91 2584.81 2328.52 2059.83 1767.73 1445.63 1232.34 1073.32 1041.4 1083.82 1165.66 1267.19 1285.03 1366.66 1700.81 2174.09 2631.36 2869.01 3104.22 3390.52 3566.77 3695.37 3826.82 3871.42 3885.91 3623.65 3567.77 3403.45 3375.05 3288.51 3169.72 3123.63 3017.37 2761.81 2538 2279.02 2006.77 1795.64 1623.82 1485.37 1408.46 1404.25 1377.9 1312.86 1273.57 1172.82 978.822 956.707 1092.18 1337.22 1601.71 1878.22 2075.92 2155.46
1919.57 2146.19 2346.5 2459.74 2586.7 2692.39 2737.72 2736.94 2647.3 2603.93 2611.24 2603.89 2516.66 2375.3 2236.09 2084.1 1918.03 1716.37 1462.54 1262.6 1076.1 1016.06 1040.4 1130.75 1242.35 1285.83 1386.31 1706.21 2187.78 2643.3 2784.74 2968.85 3200.13 3331.5 3471.01 3645.83 3744.79 3862.95 3736.49 3707.93 3565.38 3575.07 3580.51 3539.49 3588.22 3485.98 3217.4 2955.66 2625.76 2251.06 1970.24 1773.6 1576.99 1452.56 1460.84 1407.19 1323.27 1263.48 1138.24 907.88 903.099 1067 1329.34 1585.9 1843.94 2020.74 2089.81
1620.19 1812.4 1909.52 1899.19 1905.27 1915.77 1902.4 1866.58 1799.12 1795.54 1876.29 1964.89 1970.93 1956.4 1950.4 1932.23 1888.22 1775.93 1555.22 1361.23 1163.32 1073 1072.83 1143.81 1250.21 1303.2 1407.09 1678.12 2159.88 2592.46 2699.72 2867.05 3075.8 3204.93 3376.87 3601.25 3757.94 3930.52 3924.44 3941.36 3810.99 3866.48 3878.86 3866.64 3955.51 3858.35 3588.86 3315.39 2940.22 2492.51 2130.55 1894.18 1678.81 1516.96 1474.8 1399.03 1282.75 1217.67 1098.8 887.054 916.859 1114.35 1384.42 1628.35 1861.54 2015.7 2067.93
1485.22 1669.47 1748.04 1704.36 1644.52 1603.22 1582.23 1565.31 1541.89 1568 1683.33 1810.73 1836.92 1852.53 1893.39 1934.34 1924.48 1824.02 1607.44 1428.27 1246.25 1145.95 1117.62 1146.3 1228.92 1287.24 1390.44 1642.73 2137.47 2541.85 2613.28 2768.66 2968.04 3100.27 3308.82 3575.03 3778.57 3990.46 4089.87 4118.44 4014.85 4085.64 4058.44 4062.12 4213.23 4147.6 3911.15 3648.2 3240.89 2722.95 2250.5 1919.04 1661.37 1465.79 1387.07 1314.54 1206.79 1162.56 1071.18 897.761 972.531 1207.76 1483.56 1714.98 1921.46 2044.99 2075.09
1394.84 1527.48 1596.59 1562.12 1506.73 1471.11 1473.75 1489.87 1496.75 1535.5 1642.76 1765.94 1803.46 1829.55 1874.08 1917.91 1895.23 1794.84 1594.85 1454.03 1303.92 1204.31 1142.1 1119.29 1164.81 1223.65 1334.78 1596.6 2085.31 2485.59 2530.52 2672.68 2875.36 3027.85 3268.28 3569.56 3808.9 4052.44 4202.26 4238.45 4150.12 4211.01 4150.38 4152.49 4360.28 4363.25 4193.45 3974.64 3581.22 3031.57 2479.86 2056.79 1739.54 1501.13 1393.68 1308.68 1214.58 1199.96 1138.13 1015.7 1122.11 1364.89 1628.9 1839.61 2014.63 2103.38 2112.09
1290.14 1328.25 1325.37 1291.28 1255.54 1245.19 1262.85 1278.79 1295.02 1335.31 1437.14 1560.11 1632.93 1704.35 1752.9 1780.82 1737.73 1648.24 1510.24 1415.78 1317.57 1227.06 1143.9 1082.08 1098.49 1161.49 1276.92 1560.45 2038.45 2445.56 2479.03 2560.53 2747.13 2914.83 3180.4 3492.61 3757.34 4033.6 4192.41 4229.09 4118.64 4167.88 4136.09 4109.86 4299.89 4395.09 4340.36 4207.44 3873.77 3336.34 2752.23 2268.15 1914.2 1629.26 1507.07 1479.89 1373.39 1392.64 1365.13 1285.55 1386.45 1595.88 1821.69 1997.24 2134.7 2186.23 2173.92
1165.4 1139.54 1068.25 994.914 948.269 936.476 928.701 927.998 938.305 977.441 1084.09 1215.94 1323.79 1438.79 1518.04 1555.88 1524.3 1480.87 1408.07 1357.68 1283.01 1193.49 1097.28 1025.81 1037.25 1126.27 1265.39 1572.31 2003.36 2357.37 2384.15 2447.93 2627 2776 2948.36 3209.91 3499.08 3799.09 3954.84 3960.67 3847.14 3889 3874.74 3875 4165.59 4322.68 4429.46 4409.11 4168.52 3681.49 3113.22 2600.64 2221.99 1921.15 1789.67 1724.28 1715.27 1737.68 1730.37 1662.26 1732.66 1887.98 2066.94 2192.42 2278.97 2285.6 2243.36
