Code/Outputs/Output_20260211_114401/2.9_30_1000_Te_map_shift_20km.grd
DSAA
461 201
-4600000.0 4600000.0
-2000000.0 2000000.0
1000.0000320650021 139999.9979163575
[rows 52 to 77 of 201, columns 120 to 179 of 461]
1.70141e+38 1.70141e+38 1.70141e+38 1.70141e+38 1.70141e+38 1.70141e+38 1.70141e+38 1.70141e+38 1.70141e+38 1.70141e+38 1.70141e+38 1.70141e+38 1.70141e+38 1.70141e+38 1.70141e+38 1.70141e+38 1.70141e+38 1.70141e+38 1.70141e+38 1.70141e+38 1.70141e+38 1.70141e+38 1.70141e+38 1.70141e+38 1.70141e+38 1.70141e+38 1.70141e+38 1.70141e+38 1.70141e+38 1.70141e+38 1.70141e+38 1.70141e+38 1.70141e+38 1.70141e+38 1.70141e+38 1.70141e+38 1.70141e+38 1.70141e+38 1.70141e+38 1.70141e+38 1.70141e+38 1.70141e+38 1.70141e+38 1.70141e+38 1.70141e+38 1.70141e+38 1.70141e+38 1.70141e+38 1.70141e+38 1.70141e+38 1.70141e+38 1.70141e+38 1.70141e+38 1.70141e+38 1.70141e+38 1.70141e+38 1.70141e+38 1.70141e+38 1.70141e+38 1.70141e+38
1.70141e+38 1.70141e+38 1.70141e+38 1.70141e+38 1.70141e+38 1.70141e+38 1.70141e+38 1.70141e+38 1.70141e+38 1.70141e+38 1.70141e+38 1.70141e+38 1.70141e+38 1.70141e+38 1.70141e+38 1.70141e+38 1.70141e+38 1.70141e+38 1.70141e+38 1.70141e+38 1.70141e+38 1.70141e+38 1.70141e+38 1.70141e+38 1.70141e+38 1.70141e+38 1.70141e+38 1.70141e+38 1.70141e+38 1.70141e+38 1.70141e+38 1.70141e+38 1.70141e+38 1.70141e+38 1.70141e+38 1.70141e+38 1.70141e+38 1.70141e+38 1.70141e+38 1.70141e+38 1.70141e+38 1.70141e+38 1.70141e+38 1.70141e+38 1.70141e+38 1.70141e+38 1.70141e+38 1.70141e+38 1.70141e+38 1.70141e+38 1.70141e+38 1.70141e+38 1.70141e+38 1.70141e+38 1.70141e+38 1.70141e+38 1.70141e+38 1.70141e+38 1.70141e+38 1.70141e+38
1.70141e+38 1.70141e+38 1.70141e+38 1.70141e+38 1.70141e+38 1.70141e+38 1.70141e+38 1.70141e+38 1.70141e+38 1.70141e+38 1.70141e+38 1.70141e+38 1.70141e+38 1.70141e+38 1.70141e+38 1.70141e+38 1.70141e+38 1.70141e+38 1.70141e+38 1.70141e+38 1.70141e+38 1.70141e+38 1.70141e+38 1.70141e+38 1.70141e+38 1.70141e+38 1.70141e+38 1.70141e+38 1.70141e+38 1.70141e+38 1.70141e+38 1.70141e+38 1.70141e+38 1.70141e+38 1.70141e+38 1.70141e+38 1.70141e+38 1.70141e+38 1.70141e+38 1.70141e+38 1.70141e+38 1.70141e+38 1.70141e+38 1.70141e+38 1.70141e+38 1.70141e+38 1.70141e+38 1.70141e+38 1.70141e+38 1.70141e+38 1.70141e+38 1.70141e+38 1.70141e+38 1.70141e+38 1.70141e+38 1.70141e+38 1.70141e+38 1.70141e+38 1.70141e+38 1.70141e+38
1.70141e+38 1.70141e+38 1.70141e+38 1.70141e+38 1.70141e+38 1.70141e+38 1.70141e+38 1.70141e+38 1.70141e+38 1.70141e+38 1.70141e+38 1.70141e+38 1.70141e+38 1.70141e+38 1.70141e+38 1.70141e+38 1.70141e+38 1.70141e+38 1.70141e+38 1.70141e+38 1.70141e+38 1.70141e+38 1.70141e+38 1.70141e+38 1.70141e+38 1.70141e+38 1.70141e+38 1.70141e+38 1.70141e+38 1.70141e+38 1.70141e+38 1.70141e+38 1.70141e+38 1.70141e+38 1.70141e+38 1.70141e+38 1.70141e+38 1.70141e+38 1.70141e+38 1.70141e+38 1.70141e+38 1.70141e+38 1.70141e+38 1.70141e+38 1.70141e+38 1.70141e+38 1.70141e+38 1.70141e+38 1.70141e+38 1.70141e+38 1.70141e+38 1.70141e+38 1.70141e+38 1.70141e+38 1.70141e+38 1.70141e+38 1.70141e+38 1.70141e+38 1.70141e+38 1.70141e+38
1.70141e+38 1.70141e+38 1.70141e+38 1.70141e+38 1.70141e+38 1.70141e+38 1.70141e+38 1.70141e+38 1.70141e+38 1.70141e+38 1.70141e+38 1.70141e+38 1.70141e+38 1.70141e+38 1.70141e+38 1.70141e+38 1.70141e+38 1.70141e+38 1.70141e+38 1.70141e+38 1.70141e+38 1.70141e+38 1.70141e+38 1.70141e+38 1.70141e+38 1.70141e+38 1.70141e+38 1.70141e+38 1.70141e+38 1.70141e+38 1.70141e+38 1.70141e+38 1.70141e+38 1.70141e+38 1.70141e+38 1.70141e+38 1.70141e+38 1.70141e+38 1.70141e+38 1.70141e+38 1.70141e+38 1.70141e+38 1.70141e+38 1.70141e+38 1.70141e+38 1.70141e+38 1.70141e+38 1.70141e+38 1.70141e+38 1.70141e+38 1.70141e+38 1.70141e+38 1.70141e+38 1.70141e+38 1.70141e+38 1.70141e+38 1.70141e+38 1.70141e+38 1.70141e+38 1.70141e+38
1.70141e+38 1.70141e+38 1.70141e+38 1.70141e+38 1.70141e+38 1.70141e+38 1.70141e+38 1.70141e+38 1.70141e+38 1.70141e+38 1.70141e+38 1.70141e+38 1.70141e+38 1.70141e+38 1.70141e+38 1.70141e+38 1.70141e+38 1.70141e+38 1.70141e+38 1.70141e+38 1.70141e+38 1.70141e+38 1.70141e+38 1.70141e+38 1.70141e+38 1.70141e+38 1.70141e+38 1.70141e+38 1.70141e+38 1.70141e+38 1.70141e+38 1.70141e+38 1.70141e+38 1.70141e+38 1.70141e+38 1.70141e+38 1.70141e+38 1.70141e+38 1.70141e+38 1.70141e+38 1.70141e+38 1.70141e+38 1.70141e+38 1.70141e+38 1.70141e+38 1.70141e+38 1.70141e+38 1.70141e+38 1.70141e+38 1.70141e+38 1.70141e+38 1.70141e+38 1.70141e+38 1.70141e+38 1.70141e+38 1.70141e+38 1.70141e+38 1.70141e+38 1.70141e+38 1.70141e+38
1.70141e+38 1.70141e+38 1.70141e+38 1.70141e+38 1.70141e+38 1.70141e+38 1.70141e+38 1.70141e+38 1.70141e+38 1.70141e+38 1.70141e+38 1.70141e+38 1.70141e+38 1.70141e+38 1.70141e+38 1.70141e+38 1.70141e+38 1.70141e+38 1.70141e+38 1.70141e+38 1.70141e+38 1.70141e+38 1.70141e+38 1.70141e+38 1.70141e+38 1.70141e+38 1.70141e+38 1.70141e+38 1.70141e+38 1.70141e+38 1.70141e+38 1.70141e+38 1.70141e+38 1.70141e+38 1.70141e+38 1.70141e+38 1.70141e+38 1.70141e+38 1.70141e+38 1.70141e+38 1.70141e+38 1.70141e+38 1.70141e+38 1.70141e+38 1.70141e+38 1.70141e+38 1.70141e+38 1.70141e+38 1.70141e+38 1.70141e+38 1.70141e+38 1.70141e+38 1.70141e+38 1.70141e+38 1.70141e+38 1.70141e+38 1.70141e+38 1.70141e+38 1.70141e+38 1.70141e+38
1.70141e+38 1.70141e+38 1.70141e+38 1.70141e+38 1.70141e+38 1.70141e+38 1.70141e+38 106849 107187 107187 115940 103777 118719 107187 129286 117194 136124 129050 132530 128631 107187 126816 124575 134117 128445 130481 121196 133973 124575 133771 130481 133724 130481 123255 122113 122490 124598 134117 119332 133580 136164 124598 135867 130481 121196 127548 114353 133594 122846 129179 134117 122665 122665 124222 132442 129137 127899 116935 122226 107187
1.70141e+38 1.70141e+38 1.70141e+38 1.70141e+38 1014.87 1038.92 140000 119720 107187 107187 122434 133636 122085 122996 127163 137581 133772 132804 132780 135937 131863 126202 135095 135981 132974 134151 122543 128510 121543 136704 133876 129423 122572 132899 121543 127793 129423 122543 129913 130334 132974 132306 124817 132475 130605 133343 135896 130270 135658 122310 129211 127066 135599 135973 125600 129693 131107 123453 126039 122027
1.70141e+38 1.70141e+38 1.70141e+38 1009.19 1010.94 1009.19 1000 1000 1000 1000 1000 1000 1000 1000 1000 1000 1000 1000 1000 1000 1000 1000 1000 1000 1000 1000 1000 1000 1000 1000 1000 1000 1000 1000 1000 1000 1000 1000 1000 1000 1000 1000 1000 1000 1000 1000 1000 1000 1000 1000 1000 1000 1000 1000 1000 1000 1000 1000 1000 1000
1.70141e+38 120129 107187 1011.29 1000 1000 1000 1000 1000 1000 1000 1000 1000 1000 1000 1000 1000 1000 1000 1000 1000 1000 1000 1000 1000 1000 1000 1000 1000 1000 1000 1000 1000 1000 1000 1000 1000 1000 1000 1000 1000 1000 1000 1000 1000 1000 1000 1000 1000 1000 1000 1000 1000 1000 1000 1000 1000 1000 1000 1000
1025.81 1019.43 1000 1000 1000 1000 1000 1000 1000 1000 1000 1000 1000 1000 1000 1000 1000 1000 1000 1000 1000 1000 1000 1000 1000 1000 1000 1000 1000 1000 1000 1000 1000 1000 1000 1000 1000 1000 1000 1000 1000 1000 1000 1000 1000 1000 1000 1000 1000 1000 1000 1000 1000 1000 1000 1000 1000 1000 1000 1000
1003.51 1000 1000 1000 1000 1000 1000 1000 1000 1000 1000 1000 1000 1000 1000 1000 1000 1000 1000 1000 1000 1000 1000 1000 1000 1000 1000 1000 1000 1000 1000 1000 1000 1000 1000 1000 1000 1000 1000 1000 1000 1000 1000 1000 1000 1000 1000 1000 1000 1000 1000 1000 1000 1000 1000 1000 1000 1000 1000 1000
1000 1000 1000 1000 1000 1000 1000 1000 1000 1000 1000 1000 1000 1000 1000 1000 1000 1000 1000 1000 1000 1000 1000 1000 1000 1000 1000 1000 1000 1000 1000 1000 1000 1000 1000 1000 1000 1000 1000 1000 1000 1000 1000 1000 1000 1000 1000 1000 1000 1000 1000 1000 1000 1000 1000 1000 1000 1000 1000 1000
1000 1000 1000 1000 1000 1000 1000 1000 1000 1000 1000 1000 1000 1000 1000 1000 1000 1000 1000 1000 1000 1000 1000 1000 1000 1000 1000 1000 1000 1000 1000 1000 1000 1000 1000 1000 1000 1000 1000 1000 1000 1000 1000 1000 1000 1000 1000 1000 1000 1000 1000 1000 1000 1000 1000 1000 1000 1000 1000 1000
1000 1000 1000 1000 1000 1000 1000 1000 1000 1000 1000 1000 1024.18 1081.27 1109.99 1112.3 1100.32 1087.63 1081.77 1082.37 1084.82 1085.9 1085.65 1085.28 1085.11 1085.09 1085.1 1085.1 1085.1 1085.1 1085.1 1085.1 1085.1 1085.1 1085.1 1085.1 1085.1 1085.1 1085.1 1085.1 1085.1 1085.1 1085.1 1085.1 1085.1 1085.1 1085.09 1085.11 1085.28 1085.65 1085.9 1084.82 1082.37 1081.77 1087.63 1100.32 1112.3 1109.99 1081.27 1024.18
1000 1000 1000 1000 1000 1000 1000 1000 1037.25 1769.89 3719.62 4616.54 5287.32 5786.73 6140.88 6379.95 6546.66 6692.41 6861.32 7069.74 7297.68 7505 7657.07 7742.05 7769.69 7760.95 7736.76 7711.57 7692.2 7679.9 7673.31 7670.42 7669.5 7669.43 7669.58 7669.71 7669.71 7669.58 7669.43 7669.5 7670.42 7673.31 7679.9 7692.2 7711.57 7736.76 7760.95 7769.69 7742.05 7657.07 7505 7297.68 7069.74 6861.32 6692.41 6546.66 6379.95 6140.88 5786.73 5287.32
1000 1000 1000 1000 1000 1000 1000 2422.77 4293.59 5554.71 6617.34 7522.99 8281.6 8897.22 9375.1 9727.63 9979.72 10170.9 10348.6 10551 10788.5 11041.2 11275.9 11466 11600.9 11683.8 11725.5 11739.2 11737.2 11728.5 11718.8 11710.7 11705.1 11701.7 11699.8 11698.9 11698.9 11699.8 11701.7 11705.1 11710.7 11718.8 11728.5 11737.2 11739.2 11725.5 11683.8 11600.9 11466 11275.9 11041.2 10788.5 10551 10348.6 10170.9 9979.72 9727.63 9375.1 8897.22 8281.6
1000 1000 1000 1000 1000 1022.79 3346.15 5117.62 6561.77 7830.83 8950.95 9931.95 10779.6 11496.3 12081.8 12537.1 12872.1 13111.3 13296 13473.4 13677.9 13914.3 14161.1 14389 14577.3 14718.4 14814.5 14873 14903.5 14915.2 14916 14911.6 14905.7 14900.3 14896.5 14894.3 14894.3 14896.5 14900.3 14905.7 14911.6 14916 14915.2 14903.5 14873 14814.5 14718.4 14577.3 14389 14161.1 13914.3 13677.9 13473.4 13296 13111.3 12872.1 12537.1 12081.8 11496.3 10779.6
1000 1000 1000 1000 1000 3346.15 5374.05 7033.02 8502.69 9813.51 10983.1 12026.3 12949.7 13751.7 14426.3 14968.7 15380.4 15674.8 15882.2 16047.8 16217.9 16418.7 16645.6 16874.3 17079.7 17247.2 17372.8 17459.3 17513.1 17542.3 17554.7 17557 17554.2 17549.9 17546 17543.6 17543.6 17546 17549.9 17554.2 17557 17554.7 17542.3 17513.1 17459.3 17372.8 17247.2 17079.7 16874.3 16645.6 16418.7 16217.9 16047.8 15882.2 15674.8 15380.4 14968.7 14426.3 13751.7 12949.7
1000 1000 1000 1000 2422.77 5117.62 7033.02 8717.31 10217.8 11562.6 12775.9 13869.5 14844.6 15699.4 16431.1 17037.2 17515.7 17870.5 18118.5 18295.1 18448.3 18618.4 18818.9 19035.5 19243.4 19423.6 19567.1 19672.8 19744.6 19788.8 19812.7 19823 19825.4 19824 19821.8 19820.2 19820.2 19821.8 19824 19825.4 19823 19812.7 19788.8 19744.6 19672.8 19567.1 19423.6 19243.4 19035.5 18818.9 18618.4 18448.3 18295.1 18118.5 17870.5 17515.7 17037.2 16431.1 15699.4 14844.6
1000 1000 1000 1037.25 4293.59 6561.77 8502.69 10217.8 11747.5 13126.2 14371.8 15490.9 16489.5 17374.9 18151.7 18819.4 19371.8 19802.3 20112.7 20324.9 20482.3 20634.9 20813.3 21016.6 21224 21413.6 21572.4 21695.9 21785.3 21845.3 21882.3 21902.7 21912.5 21916.1 21917 21916.9 21916.9 21917 21916.1 21912.5 21902.7 21882.3 21845.3 21785.3 21695.9 21572.4 21413.6 21224 21016.6 20813.3 20634.9 20482.3 20324.9 20112.7 19802.3 19371.8 18819.4 18151.7 17374.9 16489.5
1000 1000 1000 1769.89 5554.71 7830.83 9813.51 11562.6 13126.2 14531 15789.5 16916.6 17930.9 18849.4 19681.5 20426.3 21072.6 21602 21999.9 22271.2 22451.3 22596.9 22756.4 22945.6 23150.3 23347.9 23521.4 23663 23771.4 23849.4 23902.2 23935.6 23955.5 23966.6 23972.4 23974.9 23974.9 23972.4 23966.6 23955.5 23935.6 23902.2 23849.4 23771.4 23663 23521.4 23347.9 23150.3 22945.6 22756.4 22596.9 22451.3 22271.2 21999.9 21602 21072.6 20426.3 19681.5 18849.4 17930.9
1000 1000 1000 3719.62 6617.34 8950.95 10983.1 12775.9 14371.8 15789.5 17051.4 18188.1 19229.9 20199.5 21108.8 21956 22723.5 23380.1 23892.1 24244.4 24461 24604.6 24743 24912.2 25108.4 25309.3 25494.7 25653.2 25780.7 25877.9 25948.5 25997.6 26030.2 26051 26063.7 26069.7 26069.7 26063.7 26051 26030.2 25997.6 25948.5 25877.9 25780.7 25653.2 25494.7 25309.3 25108.4 24912.2 24743 24604.6 24461 24244.4 23892.1 23380.1 22723.5 21956 21108.8 20199.5 19229.9
1000 1000 1000 4616.54 7522.99 9931.95 12026.3 13869.5 15490.9 16916.6 18188.1 19350.6 20441.7 21488.4 22503.7 23483.9 24402.9 25213.4 25859.7 26305.3 26563.4 26702.3 26811.2 26949.2 27125.7 27320.3 27510 27679.8 27822.8 27937.3 28025.1 28089.9 28136.1 28167.7 28188.2 28198.1 28198.1 28188.2 28167.7 28136.1 28089.9 28025.1 27937.3 27822.8 27679.8 27510 27320.3 27125.7 26949.2 26811.2 26702.3 26563.4 26305.3 25859.7 25213.4 24402.9 23483.9 22503.7 21488.4 20441.7
1000 1000 1024.18 5287.32 8281.6 10779.6 12949.7 14844.6 16489.5 17930.9 19229.9 20441.7 21609.8 22764 23917.5 25060.6 26153.2 27126.9 27904.5 28434.5 28724.3 28849.7 28919.2 29014.6 29159.3 29336.2 29520.1 29692.7 29844 29970.2 30071 30148.6 30206.3 30247.4 30274.9 30288.5 30288.5 30274.9 30247.4 30206.3 30148.6 30071 29970.2 29844 29692.7 29520.1 29336.2 29159.3 29014.6 28919.2 28849.7 28724.3 28434.5 27904.5 27126.9 26153.2 25060.6 23917.5 22764 21609.8
