Code/Outputs/Output_20260211_114401/2.9_30_1000_topography.grd
DSAA
511 251
-5100000.0 5100000.0
-2500000.0 2500000.0
-2.8078689595645e-08 20000.000008417
[rows 120 to 143 of 251, columns 220 to 274 of 511]
2.28668e-16 -6.4664e-17 -4.81945e-17 2.22306e-17 4.35035e-18 -4.99275e-18 8.61997e-19 4.38212e-19 -2.57282e-19 5.76025e-20 1.14204e-20 -1.88443e-20 6.27532e-21 7.35649e-22 -1.27718e-21 4.98424e-22 -4.99295e-24 -9.83952e-23 3.53613e-23 -5.9022e-24 -4.74927e-24 4.1525e-24 -1.48238e-24 -1.11634e-25 4.40367e-25 -2.47321e-25 4.44839e-26 3.41553e-26 -3.26333e-26 1.12275e-26 1.33725e-27 -3.67377e-27 1.92828e-27 -2.5913e-28 -3.28695e-28 2.68505e-28 -8.24114e-29 -1.7179e-29 3.14838e-29 -1.50763e-29 1.32616e-30 3.0018e-30 -2.18851e-30 5.89943e-31 1.90483e-31 -2.65694e-31 1.17688e-31 -6.13338e-33 -2.58445e-32 1.75833e-32 -4.37465e-33 -1.66404e-33 2.15214e-33 -1.04727e-33 -9.1868e-35
3.64064e-15 -3.14929e-16 -8.4181e-16 8.80492e-17 1.98123e-16 -2.78965e-17 -4.01046e-17 7.66995e-18 7.85709e-18 -1.79266e-18 -1.39935e-18 3.86725e-19 2.35278e-19 -7.6959e-20 -3.49397e-20 1.4387e-20 4.40655e-21 -2.49246e-21 -3.55038e-22 3.41569e-22 -6.03657e-23 -4.54314e-23 2.55116e-23 2.13009e-25 -4.96882e-24 1.65178e-24 3.80086e-25 -4.42833e-25 6.98671e-26 6.32229e-26 -3.41374e-26 -1.08307e-27 6.93309e-27 -2.04083e-27 -6.76132e-28 6.1387e-28 -6.89787e-29 -9.60782e-29 4.45262e-29 4.08312e-30 -9.92277e-30 2.43573e-30 1.1242e-30 -8.35449e-31 5.44034e-32 1.43308e-31 -5.76877e-32 -8.70298e-33 1.41369e-32 -2.95314e-33 -1.79136e-33 1.1686e-33 -3.3964e-35 -2.18519e-34 8.2951e-35
4.39331e-16 8.48446e-17 -1.55057e-16 1.54303e-18 3.53664e-17 -3.70552e-18 -8.03725e-18 1.20933e-18 1.60287e-18 -3.20525e-19 -3.09645e-19 7.33578e-20 5.42902e-20 -1.55675e-20 -8.96014e-21 3.05376e-21 1.29169e-21 -5.62742e-22 -1.60388e-22 8.12498e-23 -2.76665e-24 -1.47985e-23 5.02773e-24 1.18758e-24 -1.37668e-24 2.45755e-25 1.7603e-25 -1.06039e-25 3.3126e-28 2.04763e-26 -6.7372e-27 -1.75844e-27 1.8703e-27 -2.67712e-28 -2.74218e-28 1.40813e-28 7.17706e-30 -2.95123e-29 8.20186e-30 3.03287e-30 -2.5688e-30 2.49116e-31 4.14963e-31 -1.82909e-31 -2.06832e-32 4.20084e-32 -9.6973e-33 -4.9386e-33 3.47765e-33 -1.85097e-34 -6.19726e-34 2.40358e-34 4.05692e-35 -6.2309e-35 1.2106e-35
4.90062e-15 -1.60836e-16 -1.24737e-15 9.93298e-17 2.91093e-16 -3.83108e-17 -6.07757e-17 1.09332e-17 1.19657e-17 -2.63512e-18 -2.18201e-18 5.77317e-19 3.71547e-19 -1.16927e-19 -5.70658e-20 2.21604e-20 7.53686e-21 -3.91004e-21 -7.25721e-22 5.44519e-22 -7.18523e-23 -8.08201e-23 3.84806e-23 2.73084e-24 -8.3307e-24 2.3237e-24 7.85996e-25 -7.07423e-25 7.71212e-26 1.12224e-25 -5.15115e-26 -4.88317e-27 1.15175e-26 -2.79544e-27 -1.31634e-27 9.67651e-28 -6.03575e-29 -1.67168e-28 6.59558e-29 1.08453e-29 -1.62569e-29 3.18829e-30 2.10248e-30 -1.29857e-30 1.60074e-32 2.45364e-31 -8.32875e-32 -2.07351e-32 2.28559e-32 -3.47927e-33 -3.32351e-33 1.77524e-33 6.08039e-35 -3.71101e-34 1.13448e-34
4.79142e-15 -1.75273e-16 -1.21031e-15 9.8844e-17 2.82483e-16 -3.74387e-17 -5.8811e-17 1.06422e-17 1.15723e-17 -2.55735e-18 -2.10575e-18 5.59421e-19 3.58123e-19 -1.13113e-19 -5.48395e-20 2.14097e-20 7.2134e-21 -3.77118e-21 -6.84952e-22 5.24398e-22 -7.13354e-23 -7.7097e-23 3.72498e-23 2.42055e-24 -7.98694e-24 2.26493e-24 7.41172e-25 -6.81146e-25 7.7271e-26 1.07074e-25 -4.98624e-26 -4.42622e-27 1.10511e-26 -2.73223e-27 -1.2468e-27 9.32846e-28 -6.24713e-29 -1.59763e-28 6.39583e-29 1.00647e-29 -1.56177e-29 3.13129e-30 1.9976e-30 -1.25348e-30 2.16096e-32 2.34567e-31 -8.12062e-32 -1.8581e-32 2.19834e-32 -3.58541e-33 -3.07073e-33 1.68986e-33 4.20775e-35 -3.48577e-34 1.10252e-34
4.48907e-15 -1.11852e-16 -1.15783e-15 8.84701e-17 2.69874e-16 -3.52037e-17 -5.65649e-17 1.00967e-17 1.11433e-17 -2.44322e-18 -2.03784e-18 5.36316e-19 3.47515e-19 -1.08859e-19 -5.35822e-20 2.06658e-20 7.11277e-21 -3.6543e-21 -6.96883e-22 5.09862e-22 -6.46309e-23 -7.65878e-23 3.57935e-23 2.81678e-24 -7.84495e-24 2.14218e-24 7.55528e-25 -6.62556e-25 6.84912e-26 1.06323e-25 -4.79168e-26 -4.91524e-27 1.0835e-26 -2.56777e-27 -1.25846e-27 9.04871e-28 -5.11275e-29 -1.58049e-28 6.12118e-29 1.0626e-29 -1.52698e-29 2.9099e-30 2.00237e-30 -1.2123e-30 7.30662e-33 2.31288e-31 -7.7327e-32 -1.93447e-32 2.11998e-32 -3.19623e-33 -3.10661e-33 1.63367e-33 6.37921e-35 -3.48805e-34 1.05707e-34
5.34483e-15 -2.55123e-16 -1.32791e-15 1.13062e-16 3.10862e-16 -4.14541e-17 -6.44813e-17 1.17443e-17 1.26879e-17 -2.81278e-18 -2.30279e-18 6.1445e-19 3.91273e-19 -1.24017e-19 -5.97153e-20 2.34443e-20 7.82421e-21 -4.12222e-21 -7.31803e-22 5.72405e-22 -8.02389e-23 -8.33406e-23 4.08776e-23 2.40758e-24 -8.67829e-24 2.50268e-24 7.91431e-25 -7.43398e-25 8.77063e-26 1.15762e-25 -5.47147e-26 -4.52243e-27 1.20178e-26 -3.02737e-27 -1.33765e-27 1.01937e-27 -7.30535e-29 -1.73025e-28 7.03093e-29 1.05618e-29 -1.70053e-29 3.48617e-30 2.15017e-30 -1.37156e-30 3.05175e-32 2.54425e-31 -8.94681e-32 -1.98386e-32 2.3704e-32 -3.87933e-33 -3.30957e-33 1.82665e-33 4.02457e-35 -3.79655e-34 1.22414e-34
5.76256e-16 6.31855e-17 -1.82483e-16 5.55165e-18 4.19185e-17 -4.72461e-18 -9.29582e-18 1.4751e-18 1.8474e-18 -3.79744e-19 -3.5134e-19 8.58137e-20 6.1133e-20 -1.79722e-20 -9.90765e-21 3.49241e-21 1.39891e-21 -6.36164e-22 -1.64732e-22 9.0998e-23 -5.37223e-24 -1.57912e-23 5.83516e-24 1.10705e-24 -1.50366e-24 3.04107e-25 1.80357e-25 -1.18625e-25 3.56609e-27 2.18666e-26 -7.81688e-27 -1.67503e-27 2.05133e-27 -3.42546e-28 -2.84879e-28 1.5873e-28 3.41178e-30 -3.17473e-29 9.65471e-30 2.99237e-30 -2.83613e-30 3.43793e-31 4.3581e-31 -2.07958e-31 -1.65692e-32 4.54811e-32 -1.17291e-32 -5.05599e-33 3.91682e-33 -3.01422e-34 -6.55178e-34 2.7431e-34 3.7861e-35 -6.84111e-35 1.48625e-35
3.79136e-15 -3.43283e-16 -8.72344e-16 9.18084e-17 2.05721e-16 -2.89186e-17 -4.16346e-17 7.95876e-18 8.16133e-18 -1.86053e-18 -1.45359e-18 4.01517e-19 2.44518e-19 -7.99176e-20 -3.63231e-20 1.49444e-20 4.58599e-21 -2.58966e-21 -3.706e-22 3.55019e-22 -6.24702e-23 -4.73162e-23 2.64949e-23 2.46927e-25 -5.16909e-24 1.71355e-24 3.97024e-25 -4.60313e-25 7.22533e-26 6.58392e-26 -3.54521e-26 -1.15984e-27 7.21151e-27 -2.11637e-27 -7.05367e-28 6.37959e-28 -7.11637e-29 -1.00018e-28 4.62278e-29 4.29091e-30 -1.03188e-29 2.52429e-30 1.17187e-30 -8.68035e-31 5.57858e-32 1.49139e-31 -6.00204e-32 -9.38849e-33 1.4841e-32 -3.06336e-33 -1.89518e-33 1.20893e-33 -2.97108e-35 -2.31207e-34 8.70914e-35
-1.93786e-15 5.52692e-16 2.7964e-16 -7.53569e-17 -6.93334e-17 1.37741e-17 1.12703e-17 -3.1872e-18 -2.11908e-18 6.25717e-19 3.01314e-19 -1.21725e-19 -4.36464e-20 2.11727e-20 3.65542e-21 -3.50637e-21 4.78208e-23 5.0138e-22 -1.81127e-22 -5.57057e-23 4.6337e-23 -5.15577e-24 -7.43688e-24 3.54411e-24 1.97354e-25 -7.3262e-25 2.07526e-25 7.00122e-26 -6.26674e-26 6.80512e-27 9.92129e-27 -4.54769e-27 -4.34693e-28 1.01826e-27 -2.4665e-28 -1.16515e-28 8.54924e-29 -5.28904e-30 -1.47841e-29 5.82376e-30 9.62106e-31 -1.4369e-30 2.81118e-31 1.86055e-31 -1.14717e-31 1.50851e-33 2.19628e-32 -7.55108e-33 -1.81039e-33 2.04579e-33 -3.15973e-34 -2.91604e-34 1.55916e-34 2.53766e-36 -3.6935e-35
-7.66742e-16 1.96521e-16 1.48214e-16 -6.24236e-17 -1.41113e-17 1.52007e-17 -2.42054e-18 -1.40234e-18 7.89582e-19 -1.60688e-19 -4.12452e-20 5.79159e-20 -1.82865e-20 -2.7481e-21 3.97171e-21 -1.45534e-21 -2.19811e-23 3.06201e-22 -1.04099e-22 1.56454e-23 1.54831e-23 -1.25498e-23 4.22427e-24 4.97279e-25 -1.36687e-24 7.29972e-25 -1.14516e-25 -1.11465e-25 9.84822e-26 -3.18037e-26 -5.32105e-27 1.13526e-26 -5.65758e-27 6.14889e-28 1.05412e-27 -8.06324e-28 2.30494e-28 6.20727e-29 -9.67115e-29 4.39539e-29 -2.61902e-30 -9.52128e-30 6.53941e-30 -1.62299e-30 -6.55446e-31 8.11503e-31 -3.39704e-31 9.52244e-33 8.04724e-32 -5.25733e-32 1.21897e-32 5.63787e-33 -6.56349e-33 3.0979e-33 3.49269e-34
2.49961e-16 -3.27851e-17 8.68816e-18 9.73382e-18 -1.26087e-17 2.09555e-18 1.43172e-18 -1.08121e-18 1.62752e-19 1.18983e-19 -6.9056e-20 1.21365e-20 5.07057e-21 -5.23743e-21 1.3763e-21 3.69205e-22 -3.59821e-22 1.08988e-22 1.86532e-23 -2.0069e-23 1.21008e-23 -9.49621e-25 -2.15677e-24 1.58539e-24 -4.51674e-25 -1.1405e-25 1.842e-25 -8.81906e-26 6.06765e-27 1.8196e-26 -1.27886e-26 3.27579e-27 1.21867e-27 -1.5822e-27 6.67603e-28 -1.1077e-29 -1.62329e-28 1.02983e-28 -2.24203e-29 -1.2259e-29 1.32464e-29 -5.06829e-30 -2.28773e-31 1.42544e-30 -8.21698e-31 1.43831e-31 1.14805e-31 -1.08128e-31 3.89349e-32 3.33648e-33 -1.17825e-32 6.5196e-33 -1.10773e-33 -9.55154e-34 9.32871e-34
-2.16323e-15 4.88031e-16 3.02332e-16 -1.52281e-16 -5.64893e-18 2.85813e-17 -7.99243e-18 -8.96827e-19 1.37955e-18 -5.7767e-19 4.62005e-20 1.00818e-19 -4.91962e-20 4.31774e-21 5.84895e-21 -3.84813e-21 6.55229e-22 4.45279e-22 -2.60131e-22 7.28063e-23 9.65074e-24 -2.51172e-23 1.32892e-23 -2.02647e-24 -2.05577e-24 1.79147e-24 -6.05728e-25 -6.73759e-26 1.99806e-25 -1.03875e-25 1.35318e-26 1.8003e-26 -1.45382e-26 4.41045e-27 9.62067e-28 -1.71127e-27 8.12282e-28 -6.76541e-29 -1.64074e-28 1.18397e-28 -3.14899e-29 -1.05676e-29 1.45007e-29 -6.27096e-30 1.9558e-31 1.46322e-30 -9.5732e-31 2.2617e-31 9.80337e-32 -1.18931e-31 4.85858e-32 -6.62019e-34 -1.195e-32 8.46395e-33 -1.04866e-33
8.89952e-16 -1.9839e-16 -1.17023e-16 6.24771e-17 -3.48183e-19 -1.0833e-17 3.44907e-18 1.33157e-19 -5.10053e-19 2.52302e-19 -3.24721e-20 -3.72168e-20 2.04442e-20 -2.7851e-21 -2.02139e-21 1.59355e-21 -3.32672e-22 -1.53029e-22 1.06411e-22 -3.28492e-23 -1.30419e-24 9.70585e-24 -5.68473e-24 1.12649e-24 7.17124e-25 -7.29825e-25 2.7686e-25 8.3391e-27 -7.75164e-26 4.4711e-26 -7.97721e-27 -6.4205e-27 5.98325e-27 -2.06568e-27 -2.41333e-28 6.72354e-28 -3.53771e-28 4.79509e-29 6.0051e-29 -4.9209e-29 1.51515e-29 3.11884e-30 -5.76395e-30 2.76676e-30 -2.46892e-31 -5.46313e-31 4.01093e-31 -1.14533e-31 -3.07858e-32 4.7722e-32 -2.18627e-32 1.53912e-33 4.55425e-33 -3.55141e-33 6.01511e-34
-1.40566e-15 3.35112e-16 2.20247e-16 -1.07122e-16 -9.48708e-18 2.1473e-17 -5.16449e-18 -1.11215e-18 1.06209e-18 -3.66092e-19 4.16221e-21 7.76921e-20 -3.33215e-20 9.07261e-22 4.79449e-21 -2.6182e-21 3.20613e-22 3.66816e-22 -1.79614e-22 4.40097e-23 1.20525e-23 -1.85003e-23 8.66796e-24 -7.92395e-25 -1.67174e-24 1.24294e-24 -3.58901e-25 -8.5709e-26 1.46542e-25 -6.71894e-26 4.36346e-27 1.43536e-26 -9.9632e-27 2.51171e-27 9.74565e-28 -1.23786e-27 5.16964e-28 -5.3655e-30 -1.27683e-28 8.01553e-29 -1.71117e-29 -9.75065e-30 1.03533e-29 -3.91849e-30 -2.05251e-31 1.11268e-30 -6.42852e-31 1.23003e-31 8.66925e-32 -8.4489e-32 3.09395e-32 1.97477e-33 -9.04461e-33 5.71897e-33 -3.96841e-34
7.88063e-17 -1.8711e-17 -1.28501e-17 5.82761e-18 7.81493e-19 -1.26885e-18 2.66628e-19 8.39836e-20 -6.3936e-20 1.86034e-20 1.10997e-21 -4.68346e-21 1.8051e-21 5.07348e-23 -3.00989e-22 1.42388e-22 -1.1287e-23 -2.30974e-23 9.90092e-24 -2.12321e-24 -9.25594e-25 1.07605e-24 -4.53281e-25 1.42882e-26 1.0439e-25 -6.88158e-26 1.69124e-26 6.62384e-27 -8.49502e-27 3.48468e-27 6.88598e-31 -8.84515e-28 5.45662e-28 -1.12626e-28 -6.87622e-29 7.09728e-29 -2.6375e-29 -1.70733e-30 7.73682e-30 -4.34192e-30 7.19048e-31 6.56466e-31 -5.87318e-31 1.96103e-31 2.78019e-32 -6.65486e-32 3.44231e-32 -4.63398e-33 -5.79782e-33 4.76534e-33 -1.49613e-33 -2.72432e-34 5.46089e-34 -3.06129e-34 7.46065e-37
-2.89449e-17 6.21682e-18 2.69662e-18 -2.10652e-18 4.49342e-19 2.11893e-19 -1.4271e-19 3.41137e-20 7.67806e-21 -1.08978e-20 3.30847e-21 5.48926e-22 -7.21575e-22 2.5983e-22 4.62422e-24 -5.53379e-23 2.15824e-23 1.82679e-25 -3.47993e-24 1.5819e-24 -3.95096e-25 -2.23202e-25 2.27045e-25 -8.61024e-26 -2.94721e-27 2.33676e-26 -1.38679e-26 2.91018e-27 1.83646e-27 -1.8295e-27 6.65175e-28 5.36559e-29 -2.01643e-28 1.1085e-28 -1.73129e-29 -1.74041e-29 1.51273e-29 -4.92535e-30 -7.93603e-31 1.73779e-30 -8.71332e-31 9.73764e-32 1.60695e-31 -1.23842e-31 3.57069e-32 9.39325e-33 -1.46299e-32 6.86863e-33 -5.44801e-34 -1.38526e-33 9.93589e-34 -2.7524e-34 -8.21314e-35 1.28198e-34 -4.91157e-35
-8.37661e-18 2.63521e-18 2.67953e-18 -8.09984e-19 -4.99994e-19 2.9805e-19 -1.00106e-20 -4.60587e-20 1.66256e-20 -1.69556e-22 -2.14631e-21 1.22418e-21 -1.97969e-22 -1.56532e-22 9.53578e-23 -1.64766e-23 -7.96779e-24 7.41181e-24 -1.34299e-24 -1.62791e-25 5.13993e-25 -2.29494e-25 2.49392e-26 4.17865e-26 -3.23513e-26 9.77297e-27 1.97973e-27 -3.72299e-27 1.77167e-27 -1.46402e-28 -3.5893e-28 2.58651e-28 -6.8674e-29 -2.31589e-29 3.16931e-29 -1.36902e-29 4.17739e-31 3.21118e-30 -2.08753e-30 4.74575e-31 2.36093e-31 -2.65951e-31 1.043e-31 3.02406e-33 -2.82948e-32 1.65808e-32 -3.26827e-33 -2.16696e-33 2.16751e-33 -8.08832e-34 -4.13281e-35 2.30014e-34 -1.31416e-34 3.15746e-35 2.52798e-35
-3.95017e-17 8.26653e-18 4.27158e-18 -2.57724e-18 2.84951e-19 3.67022e-19 -1.61929e-19 1.82425e-20 1.59045e-20 -1.21554e-20 2.72019e-21 1.15504e-21 -8.86615e-22 2.18538e-22 4.72941e-23 -6.85474e-23 2.03904e-23 3.47707e-24 -4.44848e-24 1.68099e-24 -2.10585e-25 -3.48754e-25 2.62601e-25 -7.69369e-26 -1.75647e-26 3.02121e-26 -1.44914e-26 1.57911e-27 2.81796e-27 -2.09189e-27 5.78406e-28 1.73775e-28 -2.53784e-28 1.12591e-28 -5.17557e-30 -2.53356e-29 1.69465e-29 -4.03824e-30 -1.80202e-30 2.13532e-30 -8.61132e-31 -9.64926e-33 2.24158e-31 -1.35887e-31 2.70592e-32 1.77103e-32 -1.76866e-32 6.65078e-33 3.04383e-34 -1.86977e-33 1.08047e-33 -1.98881e-34 -1.48889e-34 1.55024e-34 -4.31242e-35
1.01067e-17 -2.45958e-18 -1.67862e-18 7.85477e-19 9.75625e-20 -1.6614e-19 3.5929e-20 1.06148e-20 -8.34046e-21 2.51114e-21 1.12012e-22 -6.10614e-22 2.40514e-22 4.04299e-24 -3.89806e-23 1.89585e-23 -1.66828e-24 -2.98995e-24 1.31448e-24 -2.89899e-25 -1.15935e-25 1.41356e-25 -6.08267e-26 2.67771e-27 1.35331e-26 -9.12761e-27 2.32148e-27 8.28883e-28 -1.11667e-27 4.68427e-28 -6.31742e-30 -1.14945e-28 7.25332e-29 -1.56378e-29 -8.72887e-30 9.34922e-30 -3.55777e-30 -1.73436e-31 1.00854e-30 -5.78442e-31 1.01414e-31 8.39877e-32 -7.75278e-32 2.65622e-32 3.25276e-33 -8.67949e-33 4.62595e-33 -6.70664e-34 -7.34187e-34 6.28884e-34 -2.07274e-34 -2.91095e-35 7.02973e-35 -4.12677e-35 1.06461e-36
1.74853e-17 -4.11758e-18 -2.59648e-18 1.32523e-18 6.72953e-20 -2.49115e-19 6.71373e-20 9.35095e-21 -1.21008e-20 4.82073e-21 -3.0557e-22 -8.84181e-22 4.17495e-22 -3.02796e-23 -5.22604e-23 3.26972e-23 -5.16978e-24 -3.98486e-24 2.21818e-24 -6.00928e-25 -9.93484e-26 2.17826e-25 -1.11701e-25 1.53568e-26 1.83273e-26 -1.52938e-26 4.97677e-27 6.98577e-28 -1.7308e-27 8.71325e-28 -9.96073e-29 -1.59591e-28 1.23721e-28 -3.59155e-29 -9.18561e-30 1.47692e-29 -6.78685e-30 4.45904e-31 1.44455e-30 -1.00445e-30 2.53829e-31 9.78751e-32 -1.24719e-31 5.21658e-32 -5.89935e-34 -1.27834e-32 8.11031e-33 -1.86221e-33 -8.81873e-34 1.01501e-33 -4.13485e-34 -1.87604e-36 1.04246e-34 -7.17639e-35 8.03181e-36
-4.63762e-19 1.13945e-19 8.00134e-20 -3.62291e-20 -5.52704e-21 7.9992e-21 -1.58997e-21 -5.79978e-22 4.05852e-22 -1.09789e-22 -1.03803e-23 2.97318e-23 -1.09809e-23 -5.77551e-25 1.942e-24 -8.67802e-25 5.2214e-26 1.49207e-25 -6.06842e-26 1.22066e-26 6.3666e-27 -6.74402e-27 2.71273e-27 -9.44838e-30 -6.72277e-28 4.22535e-28 -9.60152e-29 -4.56419e-29 5.317e-29 -2.07737e-29 -6.45326e-31 5.66868e-30 -3.33466e-30 6.21581e-31 4.61383e-31 -4.4223e-31 1.55999e-31 1.57871e-32 -4.92713e-32 2.6406e-32 -3.81076e-33 -4.33935e-33 3.64351e-33 -1.14893e-33 -2.14204e-34 4.20325e-34 -2.10063e-34 2.39191e-35 3.78954e-35 -2.94441e-35 8.90293e-36 1.87278e-36 -3.40822e-36 1.87949e-36 2.04486e-38
-6.99322e-19 1.73819e-19 1.22018e-19 -5.57482e-20 -8.40903e-21 1.2218e-20 -2.43961e-21 -8.83497e-22 6.19546e-22 -1.68426e-22 -1.55347e-23 4.53796e-23 -1.68145e-23 -8.56471e-25 2.96213e-24 -1.32871e-24 8.16209e-26 2.27577e-25 -9.28723e-26 1.87614e-26 9.67339e-27 -1.03059e-26 4.15805e-27 -2.23186e-29 -1.02556e-27 6.46557e-28 -1.47707e-28 -6.93414e-29 8.12586e-29 -3.18501e-29 -9.23092e-31 8.65027e-30 -5.10423e-30 9.58159e-31 7.02067e-31 -6.76047e-31 2.39305e-31 2.36246e-32 -7.52169e-32 4.04316e-32 -5.89185e-33 -6.60902e-33 5.5715e-33 -1.76362e-33 -3.23404e-34 6.43468e-34 -3.18039e-34 3.79264e-35 5.67858e-35 -4.47928e-35 1.33676e-35 2.84641e-36 -5.16646e-36 2.84682e-36 3.22669e-38
5.79804e-20 -9.29705e-21 -8.63396e-21 3.27976e-21 4.91308e-22 -5.81169e-22 2.09401e-22 -2.56738e-24 -5.72617e-23 2.02979e-23 2.10661e-24 -3.42835e-24 1.85078e-24 -1.8475e-25 -4.23505e-25 1.6928e-25 5.78278e-27 -2.40817e-26 1.22599e-26 4.03068e-27 4.76428e-28 -1.01862e-27 5.56459e-28 -5.97819e-29 -5.53866e-29 9.59508e-30 1.84893e-29 -1.25334e-29 5.75338e-31 2.18691e-30 3.5747e-31 -1.1051e-30 2.79733e-31 1.33713e-31 -5.30718e-32 -5.1896e-32 3.7567e-32 1.69537e-33 -7.58957e-33 -6.02374e-34 2.95921e-33 -7.75835e-34 -4.87849e-34 2.11576e-34 1.42908e-34 -1.11181e-34 -1.30787e-35 2.87881e-35 5.37458e-36 -1.16837e-35 1.40171e-36 2.74904e-36 -4.5223e-37 -1.56441e-36 5.87894e-37
