Code/Outputs/Output_20260211_114401/2.9_30_1000_topography.grd
DSAA
511 251
-5100000.0 5100000.0
-2500000.0 2500000.0
-2.8078689595645e-08 20000.000008417
[rows 96 to 119 of 251, columns 330 to 384 of 511]
0 0 0 0 0 0 0 0 0 0 0 0 0 0 0 0 0 0 0 0 0 0 0 0 0 0 0 0 0 0 0 0 0 0 0 0 0 0 0 0 0 0 0 0 0 0 0 0 0 0 0 0 0 0 0
0 0 0 0 0 0 0 0 0 0 0 0 0 0 0 0 0 0 0 0 0 0 0 0 0 0 0 0 0 0 0 0 0 0 0 0 0 0 0 0 0 0 0 0 0 0 0 0 0 0 0 0 0 0 0
0 0 0 0 0 0 0 0 0 0 0 0 0 0 0 0 0 0 0 0 0 0 0 0 0 0 0 0 0 0 0 0 0 0 0 0 0 0 0 0 0 0 0 0 0 0 0 0 0 0 0 0 0 0 0
0 0 0 0 0 0 0 0 0 0 0 0 0 0 0 0 0 0 0 0 0 0 0 0 0 0 0 0 0 0 0 0 0 0 0 0 0 0 0 0 0 0 0 0 0 0 0 0 0 0 0 0 0 0 0
0 0 0 0 0 0 0 0 0 0 0 0 0 0 0 0 0 0 0 0 0 0 0 0 0 0 0 0 0 0 0 0 0 0 0 0 0 0 0 0 0 0 0 0 0 0 0 0 0 0 0 0 0 0 0
0 0 0 0 0 0 0 0 0 0 0 0 0 0 0 0 0 0 0 0 0 0 0 0 0 0 0 0 0 0 0 0 0 0 0 0 0 0 0 0 0 0 0 0 0 0 0 0 0 0 0 0 0 0 0
0 0 0 0 0 0 0 0 0 0 0 0 0 0 0 0 0 0 0 0 0 0 0 0 0 0 0 0 0 0 0 0 0 0 0 0 0 0 0 0 0 0 0 0 0 0 0 0 0 0 0 0 0 0 0
0 0 0 0 0 0 0 0 0 0 0 0 0 0 0 0 0 0 0 0 0 0 0 0 0 0 0 0 0 0 0 0 0 0 0 0 0 0 0 0 0 0 0 0 0 0 0 0 0 0 0 0 0 0 0
0 0 0 0 0 0 0 0 0 0 0 0 0 0 0 0 0 0 0 0 0 0 0 0 0 0 0 0 0 0 0 0 0 0 0 0 0 0 0 0 0 0 0 0 0 0 0 0 0 0 0 0 0 0 0
0 0 0 0 0 0 0 0 0 0 0 0 0 0 0 0 0 0 0 0 0 0 0 0 0 0 0 0 0 0 0 0 0 0 0 0 0 0 0 0 0 0 0 0 0 0 0 0 0 0 0 0 0 0 0
0 0 0 0 0 0 0 0 0 0 0 0 0 0 0 0 0 0 0 0 0 0 0 0 0 0 0 0 0 0 0 0 0 0 0 0 0 0 0 0 0 0 0 0 0 0 0 0 0 0 0 0 0 0 0
0 0 0 0 0 0 0 0 0 0 0 0 0 0 0 0 0 0 0 0 0 0 0 0 0 0 0 0 0 0 0 0 0 0 0 0 0 0 0 0 0 0 0 0 0 0 0 0 0 0 0 0 0 0 0
1.32132e-55 -1.40471e-55 -3.15939e-56 4.03312e-56 -1.32127e-56 -3.17035e-57 1.31694e-57 3.00993e-57 -1.59415e-57 -1.25459e-58 -2.66318e-59 9.56646e-59 -3.74068e-59 3.42672e-60 -4.90967e-60 1.20386e-59 -4.12906e-60 -1.23406e-60 -2.49149e-61 5.47115e-61 -2.18781e-61 -1.07109e-62 2.30496e-63 5.37938e-62 -2.40348e-62 -3.81073e-63 -7.53213e-64 2.05744e-63 -8.80719e-64 -3.00413e-65 -2.04078e-64 1.14313e-64 1.35281e-65 1.67968e-66 -8.81835e-66 3.874e-66 -4.01026e-67 3.39403e-67 -1.06405e-66 3.90665e-67 1.02419e-67 2.04686e-68 -4.72903e-68 1.8254e-68 4.43178e-70 6.06811e-70 -4.93241e-69 2.0101e-69 4.04693e-70 8.20319e-71 -2.01441e-70 8.28211e-71 1.14275e-72 1.39304e-73 -2.06715e-71
2.14167e-53 -2.2604e-53 -5.08414e-54 6.48296e-54 -2.14415e-54 -5.35195e-55 2.22599e-55 4.83669e-55 -2.5842e-55 -1.96476e-56 -4.05484e-57 1.51834e-56 -5.98644e-57 5.1703e-58 -7.99386e-58 1.92843e-57 -6.57893e-58 -1.98588e-58 -4.01241e-59 8.78127e-59 -3.47824e-59 -1.46842e-60 1.87115e-61 8.63245e-60 -3.8175e-60 -6.18497e-61 -1.25117e-61 3.32552e-61 -1.42738e-61 -5.1047e-63 -3.29141e-62 1.85072e-62 2.1644e-63 2.66408e-64 -1.41895e-63 6.23966e-64 -6.54287e-65 5.51816e-65 -1.71553e-64 6.28843e-65 1.65459e-65 3.30649e-66 -7.63199e-66 2.92174e-66 4.1046e-68 1.01956e-67 -7.93959e-67 3.22888e-67 6.54628e-68 1.32506e-68 -3.24603e-68 1.35421e-68 3.13107e-70 -1.31125e-71 -3.33989e-69
2.90122e-53 -3.02935e-53 -6.81791e-54 8.6785e-54 -2.83983e-54 -6.85568e-55 2.85181e-55 6.464e-55 -3.42856e-55 -2.67727e-56 -5.68701e-57 2.05047e-56 -8.01876e-57 7.62607e-58 -1.02253e-57 2.57631e-57 -8.90273e-58 -2.63735e-58 -5.24438e-59 1.16668e-58 -4.68023e-59 -2.2394e-60 5.32073e-61 1.14639e-59 -5.13305e-60 -8.09266e-61 -1.59836e-61 4.37913e-61 -1.87629e-61 -6.28219e-63 -4.35019e-62 2.43353e-62 2.89206e-63 3.60055e-64 -1.88136e-63 8.2048e-64 -9.26669e-65 7.32929e-65 -2.26463e-64 8.29771e-65 2.1877e-65 4.36783e-66 -1.00867e-65 3.89444e-66 9.53571e-68 1.27985e-67 -1.05126e-66 4.28739e-67 8.61573e-68 1.74638e-68 -4.28396e-68 1.78776e-68 4.49854e-70 5.57881e-71 -4.42626e-69
1.61015e-52 -1.71178e-52 -3.85005e-53 4.91479e-53 -1.61012e-53 -3.8634e-54 1.60482e-54 3.66794e-54 -1.94265e-54 -1.52886e-55 -3.24539e-56 1.16578e-55 -4.55844e-56 4.3035e-57 -5.78385e-57 1.46304e-56 -5.06092e-57 -1.49605e-57 -2.97488e-58 6.61848e-58 -2.64002e-58 -1.05451e-59 1.64918e-60 6.51349e-59 -2.88741e-59 -4.65007e-60 -9.39952e-61 2.50639e-60 -1.07705e-60 -3.77296e-62 -2.48475e-61 1.39505e-61 1.63953e-62 2.0243e-63 -1.07229e-62 4.71355e-63 -4.91797e-64 4.15273e-64 -1.29538e-63 4.7514e-64 1.24835e-64 2.49474e-65 -5.76055e-65 2.22347e-65 5.43579e-67 7.35829e-67 -6.00637e-66 2.44847e-66 4.92586e-67 9.98487e-68 -2.45251e-67 1.00841e-67 1.63877e-69 5.65252e-70 -2.52486e-68
1.06533e-51 -1.10908e-51 -2.49586e-52 3.17556e-52 -1.04937e-52 -2.63105e-53 1.09536e-53 2.3656e-53 -1.26533e-53 -9.56155e-55 -1.97417e-55 7.41493e-55 -2.90121e-55 2.83602e-56 -3.96372e-56 9.41081e-56 -3.19909e-56 -9.73737e-57 -1.96562e-57 4.2991e-57 -1.69952e-57 -7.2637e-59 9.24632e-60 4.221e-58 -1.86673e-58 -3.0234e-59 -6.11741e-60 1.62583e-59 -6.92712e-60 -1.70091e-61 -1.6253e-60 8.93218e-61 1.08935e-61 1.54733e-62 -7.11963e-62 3.11449e-62 -2.99965e-63 2.39654e-63 -8.46842e-63 3.17856e-63 7.99459e-64 1.56806e-64 -3.71592e-64 1.43635e-64 2.70293e-66 5.37989e-66 -3.90637e-65 1.57903e-65 3.24644e-66 6.57805e-67 -1.60476e-66 6.63473e-67 1.82196e-68 2.28522e-69 -1.65119e-67
6.22679e-52 -6.46154e-52 -1.45429e-52 1.84936e-52 -6.11002e-53 -1.53355e-53 6.386e-54 1.37717e-53 -7.36829e-54 -5.55975e-55 -1.14804e-55 4.31516e-55 -1.68842e-55 1.70041e-56 -2.23435e-56 5.46291e-56 -1.8727e-56 -5.63997e-57 -1.12147e-57 2.4835e-57 -9.88731e-58 -4.06535e-59 6.61143e-60 2.43908e-58 -1.0821e-58 -1.73814e-59 -3.51411e-60 9.40114e-60 -3.9999e-60 -1.45138e-61 -9.31903e-61 5.23547e-61 6.12069e-62 7.56536e-63 -4.01236e-62 1.75107e-62 -2.05327e-63 1.50811e-63 -4.82688e-63 1.7815e-63 4.6604e-64 9.12879e-65 -2.14202e-64 8.27548e-65 1.59724e-66 2.55553e-66 -2.23233e-65 9.14384e-66 1.83305e-66 3.64187e-67 -9.06976e-67 3.80536e-67 8.25089e-69 -7.53752e-70 -9.33523e-68
2.17294e-51 -2.27425e-51 -5.11797e-52 6.51713e-52 -2.13288e-52 -5.14504e-53 2.13979e-53 4.8554e-53 -2.57484e-53 -2.0127e-54 -4.27497e-55 1.54059e-54 -6.02468e-55 5.7241e-56 -7.67749e-56 1.93538e-55 -6.68883e-56 -1.98094e-56 -3.93911e-57 8.76366e-57 -3.51572e-57 -1.76758e-58 2.65335e-59 8.63851e-58 -3.83617e-58 -6.13175e-59 -1.24197e-59 3.3139e-59 -1.41363e-59 -3.3349e-61 -3.32434e-60 1.82279e-60 2.23807e-61 3.19013e-62 -1.45788e-61 6.37367e-62 -6.09054e-63 4.87671e-63 -1.73218e-62 6.50711e-63 1.63343e-63 3.20391e-64 -7.59659e-64 2.93648e-64 5.48006e-66 1.10394e-65 -7.98829e-65 3.22817e-65 6.6415e-66 1.34571e-66 -3.28224e-66 1.34661e-66 2.04986e-68 1.44607e-69 -3.35936e-67
1.51426e-51 -1.59122e-51 -3.57939e-52 4.56104e-52 -1.49277e-52 -3.57093e-53 1.53804e-53 3.39075e-53 -1.80833e-53 -1.39438e-54 -2.86552e-55 1.06926e-54 -4.18554e-55 4.15076e-56 -5.46136e-56 1.34944e-55 -4.63948e-56 -1.38905e-56 -2.76172e-57 6.12819e-57 -2.4562e-57 -1.19092e-58 2.86058e-59 6.01471e-58 -2.69455e-58 -4.24097e-59 -8.37678e-60 2.29636e-59 -9.84039e-60 -3.28252e-61 -2.2822e-60 1.2763e-60 1.51812e-61 1.89131e-62 -9.87153e-62 4.33493e-62 -4.46314e-63 3.78274e-63 -1.19014e-62 4.37254e-63 1.14458e-63 2.28752e-64 -5.28719e-64 2.02429e-64 2.26082e-66 6.35497e-66 -5.4888e-65 2.24849e-65 4.51281e-66 8.95588e-67 -2.23246e-66 9.30101e-67 1.10087e-68 -5.81185e-70 -2.29262e-67
1.30716e-50 -1.35829e-50 -3.05679e-51 3.88808e-51 -1.27163e-51 -3.05344e-52 1.31613e-52 2.88689e-52 -1.54103e-52 -1.18238e-53 -2.43066e-54 9.09251e-54 -3.55951e-54 3.54578e-55 -4.65893e-55 1.14836e-54 -3.94556e-55 -1.18288e-55 -2.35183e-56 5.21686e-56 -2.07417e-56 -8.00078e-58 2.11392e-58 5.10827e-57 -2.28336e-57 -3.62547e-58 -7.14888e-59 1.95678e-58 -8.38421e-59 -2.82856e-60 -1.94025e-59 1.08633e-59 1.28823e-60 1.60009e-61 -8.38931e-61 3.65971e-61 -4.14435e-62 3.27462e-62 -1.01023e-61 3.70044e-62 9.76278e-63 1.94913e-63 -4.50042e-63 1.73759e-63 4.26316e-65 5.70231e-65 -4.68999e-64 1.91291e-64 3.84321e-65 7.79005e-66 -1.91436e-65 7.87263e-66 1.27153e-67 4.43889e-68 -1.97115e-66
-1.18728e-50 1.23271e-50 2.77429e-51 -3.52828e-51 1.1539e-51 2.7926e-52 -1.16173e-52 -2.62613e-52 1.39356e-52 1.08544e-53 2.30629e-54 -8.325e-54 3.25575e-54 -3.10344e-55 4.15845e-55 -1.04639e-54 3.6147e-55 1.07156e-55 2.13082e-56 -4.7372e-56 1.90403e-56 9.53573e-58 -1.49019e-58 -4.67082e-57 2.07563e-57 3.31166e-58 6.70609e-59 -1.79101e-58 7.69854e-59 2.6637e-60 1.77989e-59 -9.98039e-60 -1.17695e-60 -1.45792e-61 7.68451e-61 -3.35313e-61 3.90885e-62 -2.86729e-62 9.23236e-62 -3.41145e-62 -8.90156e-63 -1.74356e-63 4.09434e-63 -1.56905e-63 -1.3379e-65 -5.16899e-65 4.25984e-64 -1.73984e-64 -3.51967e-65 -6.98311e-66 1.73954e-65 -7.19081e-66 -9.32771e-68 1.57736e-70 1.78203e-66
1.63172e-50 -1.72986e-50 -3.89085e-51 4.96472e-51 -1.64269e-51 -4.09278e-52 1.70222e-52 3.70595e-52 -1.97936e-52 -1.50787e-53 -3.11136e-54 1.16396e-53 -4.55364e-54 4.54742e-55 -5.99046e-55 1.47146e-54 -5.05055e-55 -1.51715e-55 -3.01671e-56 6.68487e-56 -2.68325e-56 -1.30131e-57 3.19861e-58 6.56118e-57 -2.94129e-57 -4.6206e-58 -9.12632e-59 2.50383e-58 -1.07319e-58 -3.56086e-60 -2.48966e-59 1.39177e-59 1.65749e-60 2.06668e-61 -1.07714e-60 4.7296e-61 -4.86303e-62 4.1232e-62 -1.29837e-61 4.77093e-62 1.24841e-62 2.49505e-63 -5.76742e-63 2.22629e-63 5.37193e-65 7.42984e-65 -6.01714e-64 2.45154e-64 4.93889e-65 1.00111e-65 -2.45368e-65 1.01592e-65 1.34112e-67 8.33036e-69 -2.52143e-66
3.17817e-50 -3.36726e-50 -7.57421e-51 9.66368e-51 -3.19743e-51 -8.02538e-52 3.22342e-52 7.23135e-52 -3.83947e-52 -2.96969e-53 -6.33336e-54 2.28608e-53 -9.00426e-54 7.37705e-55 -1.17219e-54 2.88872e-54 -9.91172e-55 -2.95654e-55 -5.97479e-56 1.31181e-55 -5.19202e-56 -2.16653e-57 2.51068e-58 1.2908e-56 -5.70166e-57 -9.26839e-58 -1.87514e-58 4.98954e-58 -2.11939e-58 -7.94491e-60 -4.93031e-59 2.77704e-59 3.21997e-60 3.9576e-61 -2.11935e-60 9.25537e-61 -1.06769e-61 8.42786e-62 -2.56117e-61 9.35312e-62 2.48415e-62 4.95941e-63 -1.14298e-62 4.41224e-63 1.10667e-64 1.42773e-64 -1.18994e-63 4.8577e-64 9.73722e-65 1.97376e-65 -4.85397e-65 1.99661e-65 3.19442e-67 1.13853e-67 -4.99935e-66
