Code/Outputs/Output_20260211_114401/2.9_30_1000_Te_map_shift_40km.grd
DSAA
231 101
-4600000.0 4600000.0
-2000000.0 2000000.0
1000.0000320650021 139999.9979163575
[rows 27 to 53 of 101, columns 60 to 119 of 231]
1.70141e+38 1.70141e+38 1.70141e+38 1.70141e+38 1.70141e+38 1.70141e+38 1.70141e+38 1.70141e+38 1.70141e+38 1.70141e+38 1.70141e+38 1.70141e+38 1.70141e+38 1.70141e+38 1.70141e+38 1.70141e+38 1.70141e+38 1.70141e+38 1.70141e+38 1.70141e+38 1.70141e+38 1.70141e+38 1.70141e+38 1.70141e+38 1.70141e+38 1.70141e+38 1.70141e+38 1.70141e+38 1.70141e+38 1.70141e+38 1.70141e+38 1.70141e+38 1.70141e+38 1.70141e+38 1.70141e+38 1.70141e+38 1.70141e+38 1.70141e+38 1.70141e+38 1.70141e+38 1.70141e+38 1.70141e+38 1.70141e+38 1.70141e+38 1.70141e+38 1.70141e+38 1.70141e+38 1.70141e+38 1.70141e+38 1.70141e+38 1.70141e+38 1.70141e+38 1.70141e+38 1.70141e+38 1.70141e+38 1.70141e+38 1.70141e+38 1.70141e+38 1.70141e+38 1.70141e+38
1.70141e+38 1.70141e+38 1.70141e+38 1.70141e+38 1.70141e+38 1.70141e+38 1.70141e+38 1.70141e+38 1.70141e+38 1.70141e+38 1.70141e+38 1.70141e+38 1.70141e+38 1.70141e+38 1.70141e+38 1.70141e+38 1.70141e+38 1.70141e+38 1.70141e+38 1.70141e+38 1.70141e+38 1.70141e+38 1.70141e+38 1.70141e+38 1.70141e+38 1.70141e+38 1.70141e+38 1.70141e+38 1.70141e+38 1.70141e+38 1.70141e+38 1.70141e+38 1.70141e+38 1.70141e+38 1.70141e+38 1.70141e+38 1.70141e+38 1.70141e+38 1.70141e+38 1.70141e+38 1.70141e+38 1.70141e+38 1.70141e+38 1.70141e+38 1.70141e+38 1.70141e+38 1.70141e+38 1.70141e+38 1.70141e+38 1.70141e+38 1.70141e+38 1.70141e+38 1.70141e+38 1.70141e+38 1.70141e+38 1.70141e+38 1.70141e+38 1.70141e+38 1.70141e+38 1.70141e+38
1.70141e+38 1.70141e+38 1.70141e+38 1.70141e+38 1.70141e+38 1.70141e+38 1.70141e+38 1.70141e+38 1.70141e+38 1.70141e+38 1.70141e+38 1.70141e+38 1.70141e+38 1.70141e+38 1.70141e+38 1.70141e+38 1.70141e+38 1.70141e+38 1.70141e+38 1.70141e+38 1.70141e+38 1.70141e+38 1.70141e+38 1.70141e+38 1.70141e+38 1.70141e+38 1.70141e+38 1.70141e+38 1.70141e+38 1.70141e+38 1.70141e+38 1.70141e+38 1.70141e+38 1.70141e+38 1.70141e+38 1.70141e+38 1.70141e+38 1.70141e+38 1.70141e+38 1.70141e+38 1.70141e+38 1.70141e+38 1.70141e+38 1.70141e+38 1.70141e+38 1.70141e+38 1.70141e+38 1.70141e+38 1.70141e+38 1.70141e+38 1.70141e+38 1.70141e+38 1.70141e+38 1.70141e+38 1.70141e+38 1.70141e+38 1.70141e+38 1.70141e+38 1.70141e+38 1.70141e+38
1.70141e+38 1.70141e+38 1014.87 140000 107187 122434 122085 127163 133772 132780 131863 135095 132974 122543 121543 133876 122572 121543 129423 129913 132974 124817 130605 135896 135658 129211 135599 125600 131107 126039 105845 107187 128128 107187 106849 107187 107187 1000 86906.7 140000 140000 140000 140000 140000 140000 1.70141e+38 1.70141e+38 1.70141e+38 1.70141e+38 1.70141e+38 1.70141e+38 1.70141e+38 1.70141e+38 1.70141e+38 1.70141e+38 1.70141e+38 1.70141e+38 1.70141e+38 1.70141e+38 1.70141e+38
1.70141e+38 107187 1000 1000 1000 1000 1000 1000 1000 1000 1000 1000 1000 1000 1000 1000 1000 1000 1000 1000 1000 1000 1000 1000 1000 1000 1000 1000 1000 1000 1000 1000 1000 1000 107187 107187 1009.19 1014.87 86906.7 1018.27 107187 140000 140000 140000 140000 140000 140000 1.70141e+38 1.70141e+38 1.70141e+38 1.70141e+38 1.70141e+38 1.70141e+38 1.70141e+38 1.70141e+38 1.70141e+38 1.70141e+38 1.70141e+38 1.70141e+38 1.70141e+38
1003.51 1000 1000 1000 1000 1000 1000 1000 1000 1000 1000 1000 1000 1000 1000 1000 1000 1000 1000 1000 1000 1000 1000 1000 1000 1000 1000 1000 1000 1000 1000 1000 1000 1000 1000 1000 105845 102865 105028 107187 115079 1024.06 140000 140000 140000 140000 140000 140000 1.70141e+38 1.70141e+38 1.70141e+38 1.70141e+38 1.70141e+38 1.70141e+38 1.70141e+38 1.70141e+38 1.70141e+38 1.70141e+38 1.70141e+38 1.70141e+38
1000 1000 1000 1000 1000 1000 1000 1000 1000 1000 1000 1000 1000 1000 1000 1000 1000 1000 1000 1000 1000 1000 1000 1000 1000 1000 1000 1000 1000 1000 1000 1000 1000 1000 1000 1000 1000 1023.18 1000 107187 107187 140000 86906.7 140000 140000 140000 140000 140000 140000 1.70141e+38 1.70141e+38 1.70141e+38 1.70141e+38 1.70141e+38 1.70141e+38 1.70141e+38 1.70141e+38 1.70141e+38 1.70141e+38 1.70141e+38
1000 1000 1000 1000 1037.25 3719.62 5287.32 6140.88 6546.66 6861.32 7297.68 7657.07 7769.69 7736.76 7692.2 7673.31 7669.5 7669.58 7669.71 7669.43 7670.42 7679.9 7711.57 7760.95 7742.05 7505 7069.74 6692.41 6379.95 5786.73 4616.54 1769.89 1000 1000 1000 1000 1000 107187 111951 121075 107187 140000 86906.7 119720 140000 140000 140000 140000 140000 1.70141e+38 1.70141e+38 1.70141e+38 1.70141e+38 1.70141e+38 1.70141e+38 1.70141e+38 1.70141e+38 1.70141e+38 1.70141e+38 1.70141e+38
1000 1000 1000 3346.15 6561.77 8950.95 10779.6 12081.8 12872.1 13296 13677.9 14161.1 14577.3 14814.5 14903.5 14916 14905.7 14896.5 14894.3 14900.3 14911.6 14915.2 14873 14718.4 14389 13914.3 13473.4 13111.3 12537.1 11496.3 9931.95 7830.83 5117.62 1022.79 1000 1000 1000 1000 86906.7 128337 107187 119870 106849 1062.98 86906.7 140000 140000 140000 140000 140000 1.70141e+38 1.70141e+38 1.70141e+38 1.70141e+38 1.70141e+38 1.70141e+38 1.70141e+38 1.70141e+38 1.70141e+38 1.70141e+38
1000 1000 2422.77 7033.02 10217.8 12775.9 14844.6 16431.1 17515.7 18118.5 18448.3 18818.9 19243.4 19567.1 19744.6 19812.7 19825.4 19821.8 19820.2 19824 19823 19788.8 19672.8 19423.6 19035.5 18618.4 18295.1 17870.5 17037.2 15699.4 13869.5 11562.6 8717.31 5117.62 1000 1000 1000 1000 123647 106320 121403 107187 86906.7 33813.4 119720 140000 140000 140000 140000 140000 140000 1.70141e+38 1.70141e+38 1.70141e+38 1.70141e+38 1.70141e+38 1.70141e+38 1.70141e+38 1.70141e+38 1.70141e+38
1000 1000 5554.71 9813.51 13126.2 15789.5 17930.9 19681.5 21072.6 21999.9 22451.3 22756.4 23150.3 23521.4 23771.4 23902.2 23955.5 23972.4 23974.9 23966.6 23935.6 23849.4 23663 23347.9 22945.6 22596.9 22271.2 21602 20426.3 18849.4 16916.6 14531 11562.6 7830.83 1769.89 1000 1000 1000 136918 130031 132662 129948 1002.17 86906.7 140000 140000 140000 140000 140000 140000 140000 1.70141e+38 1.70141e+38 1.70141e+38 1.70141e+38 1.70141e+38 1.70141e+38 1.70141e+38 1.70141e+38 1.70141e+38
1000 1000 7522.99 12026.3 15490.9 18188.1 20441.7 22503.7 24402.9 25859.7 26563.4 26811.2 27125.7 27510 27822.8 28025.1 28136.1 28188.2 28198.1 28167.7 28089.9 27937.3 27679.8 27320.3 26949.2 26702.3 26305.3 25213.4 23483.9 21488.4 19350.6 16916.6 13869.5 9931.95 4616.54 1000 1000 1000 127995 127482 136124 129963 1000.32 107187 33813.4 86906.7 140000 140000 140000 140000 140000 1.70141e+38 1.70141e+38 1.70141e+38 1.70141e+38 1.70141e+38 1.70141e+38 1.70141e+38 1.70141e+38 1.70141e+38
1000 1081.27 8897.22 13751.7 17374.9 20199.5 22764 25378.2 27963.8 29951.2 30836.4 30965.8 31121.9 31444.2 31764.6 32004.4 32155.9 32236.7 32253.1 32204 32090.4 31896.1 31611.9 31273.9 31014.8 30939.4 30534.5 29076.6 26701.1 24057.7 21488.4 18849.4 15699.4 11496.3 5786.73 1000 1000 1000 1000.89 1402.01 133319 133562 1009.19 107187 140000 103313 140000 140000 140000 140000 140000 1.70141e+38 1.70141e+38 1.70141e+38 1.70141e+38 1.70141e+38 1.70141e+38 1.70141e+38 1.70141e+38 1.70141e+38
1000 1112.3 9727.63 14968.7 18819.4 21956 25060.6 28371.5 31465.3 33632.9 34502.4 34506.2 34524.8 34768.8 35063.4 35306.7 35471.9 35564.9 35584.2 35526.7 35399.1 35194.3 34918.5 34629.7 34481.1 34551.5 34226.1 32701.5 29992.1 26701.1 23483.9 20426.3 17037.2 12537.1 6379.95 1000 1000 1000 1000.51 124598 130311 129583 1005.68 107187 140000 140000 140000 140000 140000 140000 140000 1.70141e+38 1.70141e+38 1.70141e+38 1.70141e+38 1.70141e+38 1.70141e+38 1.70141e+38 1.70141e+38 1.70141e+38
1000 1087.63 10170.9 15674.8 19802.3 23380.1 27126.9 30967.4 34203.8 36302.4 37063.6 36979.7 36929.9 37128.9 37403.1 37642.2 37810.4 37907.4 37927.7 37867.2 37735.6 37530.5 37265.8 37009 36918.1 37065.9 36840.4 35418.1 32701.5 29076.6 25213.4 21602 17870.5 13111.3 6692.41 1000 1000 1000 1000.89 1565.08 135986 131973 1003.32 102865 33813.4 86906.7 140000 140000 140000 140000 140000 1.70141e+38 1.70141e+38 1.70141e+38 1.70141e+38 1.70141e+38 1.70141e+38 1.70141e+38 1.70141e+38 1.70141e+38
1000 1082.37 10551 16047.8 20324.9 24244.4 28434.5 32491.9 35687.6 37658 38318.7 38202.3 38143.8 38334.5 38604.1 38842.4 39011.7 39109.9 39130.8 39069.2 38936.3 38730.7 38468.5 38218.4 38136.1 38298.2 38137.2 36840.4 34226.1 30534.5 26305.3 22271.2 18295.1 13473.4 7069.74 1000 1000 1000 1000.83 107187 136049 134860 1000 107187 140000 140000 140000 140000 140000 140000 140000 1.70141e+38 1.70141e+38 1.70141e+38 1.70141e+38 1.70141e+38 1.70141e+38 1.70141e+38 1.70141e+38 1.70141e+38
1000 1085.9 11041.2 16418.7 20634.9 24604.6 28849.7 32863.5 35962 37843.8 38472.2 38378 38346.6 38550.6 38825.4 39065.5 39235 39332.9 39353.8 39292.5 39159.6 38953.2 38687.9 38429.4 38327.1 38458.9 38298.2 37065.9 34551.5 30939.4 26702.3 22596.9 18618.4 13914.3 7505 1000 1000 1000 1000.51 107187 135383 133505 1003.51 114982 54093.3 107187 140000 86906.7 140000 140000 140000 1.70141e+38 1.70141e+38 1.70141e+38 1.70141e+38 1.70141e+38 1.70141e+38 1.70141e+38 1.70141e+38 1.70141e+38
1000 1085.28 11466 16874.3 21016.6 24912.2 29014.6 32857.9 35844.4 37681.7 38321.8 38266.2 38264.2 38480.9 38759.4 38999.3 39167.3 39263.6 39283.9 39223.9 39092.8 38887.4 38620.7 38354.9 38232.3 38327.1 38136.1 36918.1 34481.1 31014.8 26949.2 22945.6 19035.5 14389 7742.05 1000 1000 1000 1001.34 86906.7 135198 137510 1009.19 106849 140000 86906.7 140000 140000 140000 140000 140000 1.70141e+38 1.70141e+38 1.70141e+38 1.70141e+38 1.70141e+38 1.70141e+38 1.70141e+38 1.70141e+38 1.70141e+38
1000 1085.09 11683.8 17247.2 21413.6 25309.3 29336.2 33056.3 35957.2 37763.1 38412.3 38380 38392.3 38613.1 38891.5 39129.9 39296.3 39390.8 39410.7 39352 39222.5 39018.8 38753.2 38485.9 38354.9 38429.4 38218.4 37009 34629.7 31273.9 27320.3 23347.9 19423.6 14718.4 7760.95 1000 1000 1000 1000.78 107187 135930 127995 1005.68 107187 140000 86906.7 140000 140000 140000 140000 140000 1.70141e+38 1.70141e+38 1.70141e+38 1.70141e+38 1.70141e+38 1.70141e+38 1.70141e+38 1.70141e+38 1.70141e+38
1000 1085.1 11739.2 17459.3 21695.9 25653.2 29692.7 33369.2 36226.8 38013.8 38665.8 38643 38659.3 38880.2 39157.7 39395.3 39560.8 39654.5 39674.2 39616.1 39487.5 39284.6 39019.8 38753.2 38620.7 38687.9 38468.5 37265.8 34918.5 31611.9 27679.8 23663 19672.8 14873 7711.57 1000 1000 1000 1000.3 115079 133343 133505 1003.51 107187 140000 140000 140000 140000 140000 140000 140000 1.70141e+38 1.70141e+38 1.70141e+38 1.70141e+38 1.70141e+38 1.70141e+38 1.70141e+38 1.70141e+38 1.70141e+38
1000 1085.1 11728.5 17542.3 21845.3 25877.9 29970.2 33651.1 36496.2 38276.1 38929.4 38909.4 38925.5 39145.3 39422.3 39659.8 39825.1 39918.7 39938.3 39880.2 39751.9 39549.1 39284.6 39018.8 38887.4 38953.2 38730.7 37530.5 35194.3 31896.1 27937.3 23849.4 19788.8 14915.2 7679.9 1000 1000 1000 1000.51 107187 137740 129788 1015.95 93173.5 140000 140000 140000 140000 140000 140000 140000 1.70141e+38 1.70141e+38 1.70141e+38 1.70141e+38 1.70141e+38 1.70141e+38 1.70141e+38 1.70141e+38 1.70141e+38
1000 1085.1 11710.7 17557 21902.7 25997.6 30148.6 33853.1 36701.5 38481.3 39135.5 39115.6 39130 39348.5 39625.1 39862.6 40028.1 40121.9 40141.6 40083.4 39954.7 39751.9 39487.5 39222.5 39092.8 39159.6 38936.3 37735.6 35399.1 32090.4 28089.9 23935.6 19823 14911.6 7670.42 1000 1000 1000 1000.83 107187 136140 132481 1003.51 119720 140000 140000 140000 140000 140000 140000 140000 1.70141e+38 1.70141e+38 1.70141e+38 1.70141e+38 1.70141e+38 1.70141e+38 1.70141e+38 1.70141e+38 1.70141e+38
1000 1085.1 11701.7 17549.9 21916.1 26051 30247.4 33975.7 36831.7 38613.7 39268.6 39247.7 39260.2 39477.4 39753.5 39991 40156.9 40251 40270.8 40212.4 40083.4 39880.2 39616.1 39352 39223.9 39292.5 39069.2 37867.2 35526.7 32204 28167.7 23966.6 19824 14900.3 7669.43 1000 1000 1000 1001.34 115079 132324 122226 1015.95 107187 140000 97046.6 140000 140000 140000 140000 140000 1.70141e+38 1.70141e+38 1.70141e+38 1.70141e+38 1.70141e+38 1.70141e+38 1.70141e+38 1.70141e+38 1.70141e+38
1000 1085.1 11698.9 17543.6 21916.9 26069.7 30288.5 34030.1 36891.1 38674.8 39330.3 39308.5 39319.5 39535.7 39811.5 40049.2 40215.2 40309.5 40329.3 40270.8 40141.6 39938.3 39674.2 39410.7 39283.9 39353.8 39130.8 37927.7 35584.2 32253.1 28198.1 23974.9 19820.2 14894.3 7669.71 1000 1000 1000 1001.34 109747 136086 131346 1014.87 107187 54093.3 140000 140000 140000 140000 140000 140000 1.70141e+38 1.70141e+38 1.70141e+38 1.70141e+38 1.70141e+38 1.70141e+38 1.70141e+38 1.70141e+38 1.70141e+38
1000 1085.1 11699.8 17546 21917 26063.7 30274.9 34011.9 36871.2 38654.2 39309.3 39287.8 39299.5 39516 39791.9 40029.5 40195.5 40289.7 40309.5 40251 40121.9 39918.7 39654.5 39390.8 39263.6 39332.9 39109.9 37907.4 35564.9 32236.7 28188.2 23972.4 19821.8 14896.5 7669.58 1000 1000 1000 1000.99 86906.7 129892 129788 1009.19 107187 140000 140000 140000 140000 140000 140000 140000 1.70141e+38 1.70141e+38 1.70141e+38 1.70141e+38 1.70141e+38 1.70141e+38 1.70141e+38 1.70141e+38 1.70141e+38
1000 1085.1 11705.1 17554.2 21912.5 26030.2 30206.3 33923.4 36775.6 38556.4 39211 39190.7 39204.1 39422 39698.3 39935.8 40101.5 40195.5 40215.2 40156.9 40028.1 39825.1 39560.8 39296.3 39167.3 39235 39011.7 37810.4 35471.9 32155.9 28136.1 23955.5 19825.4 14905.7 7669.5 1000 1000 1000 1000.78 107187 133415 135709 1005.68 107187 107351 86906.7 140000 140000 140000 140000 140000 1.70141e+38 1.70141e+38 1.70141e+38 1.70141e+38 1.70141e+38 1.70141e+38 1.70141e+38 1.70141e+38 1.70141e+38
1000 1085.1 11718.8 17554.7 21882.3 25948.5 30071 33762.7 36608.3 38387.6 39041.4 39021.7 39037.1 39256.2 39532.9 39770.4 39935.8 40029.5 40049.2 39991 39862.6 39659.8 39395.3 39129.9 38999.3 39065.5 38842.4 37642.2 35306.7 32004.4 28025.1 23902.2 19812.7 14916 7673.31 1000 1000 1000 1000.3 107187 122760 131683 1009.19 107187 54093.3 140000 140000 140000 140000 140000 140000 1.70141e+38 1.70141e+38 1.70141e+38 1.70141e+38 1.70141e+38 1.70141e+38 1.70141e+38 1.70141e+38 1.70141e+38
