Code/Outputs/Output_20260211_114401/2.9_30_1000_rms_map_shift_20km.grd
DSAA
461 201
-4600000.0 4600000.0
-2000000.0 2000000.0
7.979361571218394 23697.89222063788
[rows 52 to 77 of 201, columns 118 to 176 of 461]
1.70141e+38 1.70141e+38 1.70141e+38 1.70141e+38 1.70141e+38 1.70141e+38 1.70141e+38 1.70141e+38 1.70141e+38 1.70141e+38 1.70141e+38 1.70141e+38 1.70141e+38 1.70141e+38 1.70141e+38 1.70141e+38 1.70141e+38 1.70141e+38 1.70141e+38 1.70141e+38 1.70141e+38 1.70141e+38 1.70141e+38 1.70141e+38 1.70141e+38 1.70141e+38 1.70141e+38 1.70141e+38 1.70141e+38 1.70141e+38 1.70141e+38 1.70141e+38 1.70141e+38 1.70141e+38 1.70141e+38 1.70141e+38 1.70141e+38 1.70141e+38 1.70141e+38 1.70141e+38 1.70141e+38 1.70141e+38 1.70141e+38 1.70141e+38 1.70141e+38 1.70141e+38 1.70141e+38 1.70141e+38 1.70141e+38 1.70141e+38 1.70141e+38 1.70141e+38 1.70141e+38 1.70141e+38 1.70141e+38 1.70141e+38 1.70141e+38 1.70141e+38 1.70141e+38
1.70141e+38 1.70141e+38 1.70141e+38 1.70141e+38 1.70141e+38 1.70141e+38 1.70141e+38 1.70141e+38 1.70141e+38 1.70141e+38 1.70141e+38 1.70141e+38 1.70141e+38 1.70141e+38 1.70141e+38 1.70141e+38 1.70141e+38 1.70141e+38 1.70141e+38 1.70141e+38 1.70141e+38 1.70141e+38 1.70141e+38 1.70141e+38 1.70141e+38 1.70141e+38 1.70141e+38 1.70141e+38 1.70141e+38 1.70141e+38 1.70141e+38 1.70141e+38 1.70141e+38 1.70141e+38 1.70141e+38 1.70141e+38 1.70141e+38 1.70141e+38 1.70141e+38 1.70141e+38 1.70141e+38 1.70141e+38 1.70141e+38 1.70141e+38 1.70141e+38 1.70141e+38 1.70141e+38 1.70141e+38 1.70141e+38 1.70141e+38 1.70141e+38 1.70141e+38 1.70141e+38 1.70141e+38 1.70141e+38 1.70141e+38 1.70141e+38 1.70141e+38 1.70141e+38
1.70141e+38 1.70141e+38 1.70141e+38 1.70141e+38 1.70141e+38 1.70141e+38 1.70141e+38 1.70141e+38 1.70141e+38 1.70141e+38 1.70141e+38 1.70141e+38 1.70141e+38 1.70141e+38 1.70141e+38 1.70141e+38 1.70141e+38 1.70141e+38 1.70141e+38 1.70141e+38 1.70141e+38 1.70141e+38 1.70141e+38 1.70141e+38 1.70141e+38 1.70141e+38 1.70141e+38 1.70141e+38 1.70141e+38 1.70141e+38 1.70141e+38 1.70141e+38 1.70141e+38 1.70141e+38 1.70141e+38 1.70141e+38 1.70141e+38 1.70141e+38 1.70141e+38 1.70141e+38 1.70141e+38 1.70141e+38 1.70141e+38 1.70141e+38 1.70141e+38 1.70141e+38 1.70141e+38 1.70141e+38 1.70141e+38 1.70141e+38 1.70141e+38 1.70141e+38 1.70141e+38 1.70141e+38 1.70141e+38 1.70141e+38 1.70141e+38 1.70141e+38 1.70141e+38
1.70141e+38 1.70141e+38 1.70141e+38 1.70141e+38 1.70141e+38 1.70141e+38 1.70141e+38 1.70141e+38 1.70141e+38 1.70141e+38 1.70141e+38 1.70141e+38 1.70141e+38 1.70141e+38 1.70141e+38 1.70141e+38 1.70141e+38 1.70141e+38 1.70141e+38 1.70141e+38 1.70141e+38 1.70141e+38 1.70141e+38 1.70141e+38 1.70141e+38 1.70141e+38 1.70141e+38 1.70141e+38 1.70141e+38 1.70141e+38 1.70141e+38 1.70141e+38 1.70141e+38 1.70141e+38 1.70141e+38 1.70141e+38 1.70141e+38 1.70141e+38 1.70141e+38 1.70141e+38 1.70141e+38 1.70141e+38 1.70141e+38 1.70141e+38 1.70141e+38 1.70141e+38 1.70141e+38 1.70141e+38 1.70141e+38 1.70141e+38 1.70141e+38 1.70141e+38 1.70141e+38 1.70141e+38 1.70141e+38 1.70141e+38 1.70141e+38 1.70141e+38 1.70141e+38
1.70141e+38 1.70141e+38 1.70141e+38 1.70141e+38 1.70141e+38 1.70141e+38 1.70141e+38 1.70141e+38 1.70141e+38 1.70141e+38 1.70141e+38 1.70141e+38 1.70141e+38 1.70141e+38 1.70141e+38 1.70141e+38 1.70141e+38 1.70141e+38 1.70141e+38 1.70141e+38 1.70141e+38 1.70141e+38 1.70141e+38 1.70141e+38 1.70141e+38 1.70141e+38 1.70141e+38 1.70141e+38 1.70141e+38 1.70141e+38 1.70141e+38 1.70141e+38 1.70141e+38 1.70141e+38 1.70141e+38 1.70141e+38 1.70141e+38 1.70141e+38 1.70141e+38 1.70141e+38 1.70141e+38 1.70141e+38 1.70141e+38 1.70141e+38 1.70141e+38 1.70141e+38 1.70141e+38 1.70141e+38 1.70141e+38 1.70141e+38 1.70141e+38 1.70141e+38 1.70141e+38 1.70141e+38 1.70141e+38 1.70141e+38 1.70141e+38 1.70141e+38 1.70141e+38
1.70141e+38 1.70141e+38 1.70141e+38 1.70141e+38 1.70141e+38 1.70141e+38 1.70141e+38 1.70141e+38 1.70141e+38 1.70141e+38 1.70141e+38 1.70141e+38 1.70141e+38 1.70141e+38 1.70141e+38 1.70141e+38 1.70141e+38 1.70141e+38 1.70141e+38 1.70141e+38 1.70141e+38 1.70141e+38 1.70141e+38 1.70141e+38 1.70141e+38 1.70141e+38 1.70141e+38 1.70141e+38 1.70141e+38 1.70141e+38 1.70141e+38 1.70141e+38 1.70141e+38 1.70141e+38 1.70141e+38 1.70141e+38 1.70141e+38 1.70141e+38 1.70141e+38 1.70141e+38 1.70141e+38 1.70141e+38 1.70141e+38 1.70141e+38 1.70141e+38 1.70141e+38 1.70141e+38 1.70141e+38 1.70141e+38 1.70141e+38 1.70141e+38 1.70141e+38 1.70141e+38 1.70141e+38 1.70141e+38 1.70141e+38 1.70141e+38 1.70141e+38 1.70141e+38
1.70141e+38 1.70141e+38 1.70141e+38 1.70141e+38 1.70141e+38 1.70141e+38 1.70141e+38 1.70141e+38 1.70141e+38 1.70141e+38 1.70141e+38 1.70141e+38 1.70141e+38 1.70141e+38 1.70141e+38 1.70141e+38 1.70141e+38 1.70141e+38 1.70141e+38 1.70141e+38 1.70141e+38 1.70141e+38 1.70141e+38 1.70141e+38 1.70141e+38 1.70141e+38 1.70141e+38 1.70141e+38 1.70141e+38 1.70141e+38 1.70141e+38 1.70141e+38 1.70141e+38 1.70141e+38 1.70141e+38 1.70141e+38 1.70141e+38 1.70141e+38 1.70141e+38 1.70141e+38 1.70141e+38 1.70141e+38 1.70141e+38 1.70141e+38 1.70141e+38 1.70141e+38 1.70141e+38 1.70141e+38 1.70141e+38 1.70141e+38 1.70141e+38 1.70141e+38 1.70141e+38 1.70141e+38 1.70141e+38 1.70141e+38 1.70141e+38 1.70141e+38 1.70141e+38
1.70141e+38 1.70141e+38 1.70141e+38 1.70141e+38 1.70141e+38 1.70141e+38 1.70141e+38 1.70141e+38 1.70141e+38 783.437 854.48 923.494 989.541 1051.79 1109.53 1162.23 1209.48 1251.09 1287 1317.36 1342.44 1362.64 1378.47 1390.48 1399.25 1405.38 1409.43 1411.94 1413.34 1414 1414.22 1414.21 1414.14 1414.07 1414.02 1413.99 1413.97 1413.96 1413.96 1413.97 1413.99 1414.02 1414.07 1414.14 1414.21 1414.22 1414 1413.34 1411.94 1409.43 1405.38 1399.25 1390.48 1378.47 1362.64 1342.44 1317.36 1287 1251.09
1.70141e+38 1.70141e+38 1.70141e+38 1.70141e+38 1.70141e+38 1.70141e+38 711.421 798.099 885.883 973.562 1059.94 1143.85 1224.18 1299.92 1370.24 1434.46 1492.12 1542.97 1586.96 1624.23 1655.12 1680.12 1699.81 1714.85 1725.94 1733.79 1739.07 1742.41 1744.34 1745.3 1745.67 1745.71 1745.63 1745.53 1745.45 1745.42 1745.4 1745.39 1745.39 1745.4 1745.42 1745.45 1745.53 1745.63 1745.71 1745.67 1745.3 1744.34 1742.41 1739.07 1733.79 1725.94 1714.85 1699.81 1680.12 1655.12 1624.23 1586.96 1542.97
1.70141e+38 1.70141e+38 1.70141e+38 1.70141e+38 1.70141e+38 774.039 875.623 979.829 1085.3 1190.61 1294.34 1395.08 1491.51 1582.48 1666.97 1744.2 1813.62 1874.91 1928.02 1973.1 2010.54 2040.92 2064.94 2083.37 2097.05 2106.81 2113.44 2117.7 2120.21 2121.5 2122.03 2122.12 2122.02 2121.87 2121.75 2121.69 2121.68 2121.67 2121.67 2121.68 2121.69 2121.75 2121.87 2122.02 2122.12 2122.03 2121.5 2120.21 2117.7 2113.44 2106.81 2097.05 2083.37 2064.94 2040.92 2010.54 1973.1 1928.02 1874.91
1.70141e+38 1.70141e+38 1.70141e+38 713.478 823.998 940.304 1061.11 1184.94 1310.12 1434.92 1557.57 1676.46 1790.11 1897.28 1996.93 2088.24 2170.55 2243.46 2306.78 2360.66 2405.48 2441.91 2470.78 2492.99 2509.54 2521.41 2529.54 2534.79 2537.92 2539.57 2540.25 2540.37 2540.24 2540.03 2539.84 2539.73 2539.7 2539.69 2539.69 2539.7 2539.73 2539.84 2540.03 2540.24 2540.37 2540.25 2539.57 2537.92 2534.79 2529.54 2521.41 2509.54 2492.99 2470.78 2441.91 2405.48 2360.66 2306.78 2243.46
1.70141e+38 1.70141e+38 736.588 858.8 988.975 1125.85 1267.78 1412.81 1558.63 1702.91 1843.5 1978.68 2107.2 2228.26 2341.2 2445.48 2540.45 2625.49 2700.07 2763.97 2817.37 2860.87 2895.4 2922 2941.87 2956.15 2965.97 2972.34 2976.16 2978.19 2979.03 2979.17 2978.98 2978.68 2978.4 2978.22 2978.15 2978.13 2978.13 2978.15 2978.22 2978.4 2978.68 2978.98 2979.17 2979.03 2978.19 2976.16 2972.34 2965.97 2956.15 2941.87 2922 2895.4 2860.87 2817.37 2763.97 2700.07 2625.49
1.70141e+38 744.432 876.667 1019.23 1170.89 1329.88 1493.66 1658.98 1822.29 1980.41 2131.18 2273.57 2407.48 2533.39 2651.77 2762.9 2866.51 2961.82 3047.66 3122.87 3186.69 3239.14 3280.93 3313.18 3337.3 3354.66 3366.62 3374.4 3379.09 3381.58 3382.61 3382.77 3382.5 3382.07 3381.67 3381.38 3381.25 3381.21 3381.21 3381.25 3381.38 3381.67 3382.07 3382.5 3382.77 3382.61 3381.58 3379.09 3374.4 3366.62 3354.66 3337.3 3313.18 3280.93 3239.14 3186.69 3122.87 3047.66 2961.82
736.588 876.667 1029.47 1193.96 1368.23 1548.99 1731.51 1910.21 2080.16 2238.44 2384.42 2519.18 2644.58 2762.56 2874.75 2982.39 3086.03 3185.43 3279.3 3365.42 3441.35 3505.39 3557.14 3597.33 3627.43 3649.16 3664.16 3673.97 3679.91 3683.09 3684.44 3684.66 3684.31 3683.74 3683.17 3682.75 3682.51 3682.43 3682.43 3682.51 3682.75 3683.17 3683.74 3684.31 3684.66 3684.44 3683.09 3679.91 3673.97 3664.16 3649.16 3627.43 3597.33 3557.14 3505.39 3441.35 3365.42 3279.3 3185.43
858.8 1019.23 1193.96 1381.18 1577 1774.8 1966.33 2144.28 2304.84 2448.6 2578.72 2698.95 2812.16 2919.99 3023.29 3122.86 3219.76 3315.16 3409.48 3501.41 3587.77 3664.57 3728.89 3779.8 3818.26 3846.14 3865.49 3878.24 3886.06 3890.34 3892.24 3892.66 3892.29 3891.59 3890.85 3890.27 3889.91 3889.74 3889.74 3889.91 3890.27 3890.85 3891.59 3892.29 3892.66 3892.24 3890.34 3886.06 3878.24 3865.49 3846.14 3818.26 3779.8 3728.89 3664.57 3587.77 3501.41 3409.48 3315.16
988.975 1170.89 1368.23 1577 1789.13 1993.25 2178.94 2341.68 2484.07 2613.66 2737.7 2860.5 2982.58 3101.88 3215.39 3320.76 3417.92 3509.02 3597.43 3685.91 3774.37 3859.12 3934.76 3997.21 4045.45 4080.8 4105.56 4122.07 4132.38 4138.23 4141.03 4141.89 4141.67 4140.94 4140.09 4139.36 4138.87 4138.61 4138.61 4138.87 4139.36 4140.09 4140.94 4141.67 4141.89 4141.03 4138.23 4132.38 4122.07 4105.56 4080.8 4045.45 3997.21 3934.76 3859.12 3774.37 3685.91 3597.43 3509.02
1125.85 1329.88 1548.99 1774.8 1993.25 2189.81 2357.95 2503.12 2638.91 2779.04 2930.69 3089.18 3224.92 3346.62 3457.87 3559.36 3651.75 3736.48 3816.08 3893.65 3971.49 4049.39 4124.24 4191.62 4248.11 4292.42 4325.08 4347.72 4362.37 4371.04 4375.55 4377.34 4377.56 4376.97 4376.1 4375.28 4374.69 4374.34 4374.34 4374.69 4375.28 4376.1 4376.97 4377.56 4377.34 4375.55 4371.04 4362.37 4347.72 4325.08 4292.42 4248.11 4191.62 4124.24 4049.39 3971.49 3893.65 3816.08 3736.48
1267.78 1493.66 1731.51 1966.33 2178.94 2357.95 2509.45 2654.04 2814.53 2996.5 3150.93 3292.27 3424.67 3548.43 3662.82 3766.86 3859.73 3941.48 4013.43 4078.56 4140.83 4203.51 4267.2 4329.22 4385.63 4433.3 4470.99 4499.02 4518.57 4531.24 4538.7 4542.49 4543.91 4543.96 4543.37 4542.61 4541.97 4541.57 4541.57 4541.97 4542.61 4543.37 4543.96 4543.91 4542.49 4538.7 4531.24 4518.57 4499.02 4470.99 4433.3 4385.63 4329.22 4267.2 4203.51 4140.83 4078.56 4013.43 3941.48
1412.81 1658.98 1910.21 2144.28 2341.68 2503.12 2654.04 2828.34 3020.92 3183.03 3335.66 3481.93 3621.9 3754.39 3877.62 3989.57 4088.36 4172.76 4242.7 4300.05 4348.79 4394.29 4440.99 4489.86 4538.51 4583.21 4621.18 4651.31 4673.74 4689.38 4699.49 4705.42 4708.41 4709.53 4709.57 4709.16 4708.67 4708.33 4708.33 4708.67 4709.16 4709.57 4709.53 4708.41 4705.42 4699.49 4689.38 4673.74 4651.31 4621.18 4583.21 4538.51 4489.86 4440.99 4394.29 4348.79 4300.05 4242.7 4172.76
1558.63 1822.29 2080.16 2304.84 2484.07 2638.91 2814.53 3020.92 3193.76 3358.26 3518.8 3675.82 3828.01 3973.19 4108.73 4231.97 4340.38 4431.87 4505.14 4560.51 4600.81 4631.72 4660.21 4691.46 4726.46 4762.58 4796.28 4825.11 4848.05 4865.14 4877.07 4884.79 4889.34 4891.7 4892.64 4892.82 4892.67 4892.5 4892.5 4892.67 4892.82 4892.64 4891.7 4889.34 4884.79 4877.07 4865.14 4848.05 4825.11 4796.28 4762.58 4726.46 4691.46 4660.21 4631.72 4600.81 4560.51 4505.14 4431.87
1702.91 1980.41 2238.44 2448.6 2613.66 2779.04 2996.5 3183.03 3358.26 3531.51 3704.1 3874.93 4041.48 4200.75 4349.71 4485.55 4605.48 4706.81 4787.18 4845.33 4882.37 4903 4915.27 4927.83 4945.84 4969.31 4995.04 5019.62 5040.89 5057.95 5070.76 5079.78 5085.71 5089.3 5091.26 5092.17 5092.5 5092.58 5092.58 5092.5 5092.17 5091.26 5089.3 5085.71 5079.78 5070.76 5057.95 5040.89 5019.62 4995.04 4969.31 4945.84 4927.83 4915.27 4903 4882.37 4845.33 4787.18 4706.81
1843.5 2131.18 2384.42 2578.72 2737.7 2930.69 3150.93 3335.66 3518.8 3704.1 3890.97 4076.77 4258.05 4431.5 4594.1 4743.02 4875.32 4987.85 5077.36 5141.21 5178.69 5192.92 5191.8 5186.29 5185.72 5193.73 5208.53 5226.35 5243.98 5259.56 5272.25 5281.94 5288.89 5293.58 5296.52 5298.22 5299.09 5299.45 5299.45 5299.09 5298.22 5296.52 5293.58 5288.89 5281.94 5272.25 5259.56 5243.98 5226.35 5208.53 5193.73 5185.72 5186.29 5191.8 5192.92 5178.69 5141.21 5077.36 4987.85
1978.68 2273.57 2519.18 2698.95 2860.5 3089.18 3292.27 3481.93 3675.82 3874.93 4076.77 4277.46 4473.15 4660.53 4836.61 4998.45 5142.93 5266.52 5365.35 5435.67 5475.22 5485.36 5473.13 5450.73 5431.08 5421.81 5423.41 5432.28 5444.46 5457.12 5468.64 5478.25 5485.74 5491.21 5494.98 5497.38 5498.77 5499.41 5499.41 5498.77 5497.38 5494.98 5491.21 5485.74 5478.25 5468.64 5457.12 5444.46 5432.28 5423.41 5421.81 5431.08 5450.73 5473.13 5485.36 5475.22 5435.67 5365.35 5266.52
2107.2 2407.48 2644.58 2812.16 2982.58 3224.92 3424.67 3621.9 3828.01 4041.48 4258.05 4473.15 4682.85 4883.76 5072.73 5246.62 5402.08 5535.31 5641.96 5717.52 5758.56 5764.97 5742.62 5704.24 5665.48 5637.87 5624.6 5622.77 5627.88 5636.28 5645.52 5654.21 5661.61 5667.44 5671.73 5674.66 5676.46 5677.33 5677.33 5676.46 5674.66 5671.73 5667.44 5661.61 5654.21 5645.52 5636.28 5627.88 5622.77 5624.6 5637.87 5665.48 5704.24 5742.62 5764.97 5758.56 5717.52 5641.96 5535.31
2228.26 2533.39 2762.56 2919.99 3101.88 3346.62 3548.43 3754.39 3973.19 4200.75 4431.5 4660.53 4883.76 5097.52 5298.33 5482.74 5647.14 5787.44 5898.98 5976.82 6016.85 6017.96 5985.06 5930.88 5873.11 5826.65 5797.47 5783.67 5780.43 5783.37 5789.33 5796.25 5802.88 5808.54 5812.98 5816.14 5818.17 5819.17 5819.17 5818.17 5816.14 5812.98 5808.54 5802.88 5796.25 5789.33 5783.37 5780.43 5783.67 5797.47 5826.65 5873.11 5930.88 5985.06 6017.96 6016.85 5976.82 5898.98 5787.44
2341.2 2651.77 2874.75 3023.29 3215.39 3457.87 3662.82 3877.62 4108.73 4349.71 4594.1 4836.61 5072.73 5298.33 5509.46 5702.28 5872.78 6016.61 6128.96 6204.84 6240.01 6232.93 6187.83 6117.33 6040.53 5975.11 5929.57 5903.04 5890.58 5887.2 5889.06 5893.49 5898.75 5903.75 5907.93 5911.04 5913.09 5914.13 5914.13 5913.09 5911.04 5907.93 5903.75 5898.75 5893.49 5889.06 5887.2 5890.58 5903.04 5929.57 5975.11 6040.53 6117.33 6187.83 6232.93 6240.01 6204.84 6128.96 6016.61
