Code/Outputs/Output_20260211_114401/2.9_30_1000_Te_map_shift_20km.grd
DSAA
461 201
-4600000.0 4600000.0
-2000000.0 2000000.0
1000.0000320650021 139999.9979163575
[rows 78 to 103 of 201, columns 120 to 179 of 461]
1000 1000 1081.27 5786.73 8897.22 11496.3 13751.7 15699.4 17374.9 18849.4 20199.5 21488.4 22764 24057.7 25378.2 26701.1 27963.8 29076.6 29951.2 30534.5 30836.4 30939.4 30965.8 31014.8 31121.9 31273.9 31444.2 31611.9 31764.6 31896.1 32004.4 32090.4 32155.9 32204 32236.7 32253.1 32253.1 32236.7 32204 32155.9 32090.4 32004.4 31896.1 31764.6 31611.9 31444.2 31273.9 31121.9 31014.8 30965.8 30939.4 30836.4 30534.5 29951.2 29076.6 27963.8 26701.1 25378.2 24057.7 22764
1000 1000 1109.99 6140.88 9375.1 12081.8 14426.3 16431.1 18151.7 19681.5 21108.8 22503.7 23917.5 25378.2 26879.6 28371.5 29766.9 30967.4 31890.6 32491.9 32787.2 32863.5 32850.5 32857.9 32929.8 33056.3 33210.3 33369.2 33518.8 33651.1 33762.7 33853.1 33923.4 33975.7 34011.9 34030.1 34030.1 34011.9 33975.7 33923.4 33853.1 33762.7 33651.1 33518.8 33369.2 33210.3 33056.3 32929.8 32857.9 32850.5 32863.5 32787.2 32491.9 31890.6 30967.4 29766.9 28371.5 26879.6 25378.2 23917.5
1000 1000 1112.3 6379.95 9727.63 12537.1 14968.7 17037.2 18819.4 20426.3 21956 23483.9 25060.6 26701.1 28371.5 29992.1 31465.3 32701.5 33632.9 34226.1 34502.4 34551.5 34506.2 34481.1 34524.8 34629.7 34768.8 34918.5 35063.4 35194.3 35306.7 35399.1 35471.9 35526.7 35564.9 35584.2 35584.2 35564.9 35526.7 35471.9 35399.1 35306.7 35194.3 35063.4 34918.5 34768.8 34629.7 34524.8 34481.1 34506.2 34551.5 34502.4 34226.1 33632.9 32701.5 31465.3 29992.1 28371.5 26701.1 25060.6
1000 1000 1100.32 6546.66 9979.72 12872.1 15380.4 17515.7 19371.8 21072.6 22723.5 24402.9 26153.2 27963.8 29766.9 31465.3 32968.4 34203.8 35118.3 35687.6 35938.3 35962 35892.3 35844.4 35868.2 35957.2 36084.7 36226.8 36367.2 36496.2 36608.3 36701.5 36775.6 36831.7 36871.2 36891.1 36891.1 36871.2 36831.7 36775.6 36701.5 36608.3 36496.2 36367.2 36226.8 36084.7 35957.2 35868.2 35844.4 35892.3 35962 35938.3 35687.6 35118.3 34203.8 32968.4 31465.3 29766.9 27963.8 26153.2
1000 1000 1087.63 6692.41 10170.9 13111.3 15674.8 17870.5 19802.3 21602 23380.1 25213.4 27126.9 29076.6 30967.4 32701.5 34203.8 35418.1 36302.4 36840.4 37063.6 37065.9 36979.7 36918.1 36929.9 37009 37128.9 37265.8 37403.1 37530.5 37642.2 37735.6 37810.4 37867.2 37907.4 37927.7 37927.7 37907.4 37867.2 37810.4 37735.6 37642.2 37530.5 37403.1 37265.8 37128.9 37009 36929.9 36918.1 36979.7 37065.9 37063.6 36840.4 36302.4 35418.1 34203.8 32701.5 30967.4 29076.6 27126.9
1000 1000 1081.77 6861.32 10348.6 13296 15882.2 18118.5 20112.7 21999.9 23892.1 25859.7 27904.5 29951.2 31890.6 33632.9 35118.3 36302.4 37152.1 37658 37856.8 37843.8 37749 37681.7 37688.6 37763.1 37879.5 38013.8 38149.5 38276.1 38387.6 38481.3 38556.4 38613.7 38654.2 38674.8 38674.8 38654.2 38613.7 38556.4 38481.3 38387.6 38276.1 38149.5 38013.8 37879.5 37763.1 37688.6 37681.7 37749 37843.8 37856.8 37658 37152.1 36302.4 35118.3 33632.9 31890.6 29951.2 27904.5
1000 1000 1082.37 7069.74 10551 13473.4 16047.8 18295.1 20324.9 22271.2 24244.4 26305.3 28434.5 30534.5 32491.9 34226.1 35687.6 36840.4 37658 38137.2 38318.7 38298.2 38202.3 38136.1 38143.8 38218.4 38334.5 38468.5 38604.1 38730.7 38842.4 38936.3 39011.7 39069.2 39109.9 39130.8 39130.8 39109.9 39069.2 39011.7 38936.3 38842.4 38730.7 38604.1 38468.5 38334.5 38218.4 38143.8 38136.1 38202.3 38298.2 38318.7 38137.2 37658 36840.4 35687.6 34226.1 32491.9 30534.5 28434.5
1000 1000 1084.82 7297.68 10788.5 13677.9 16217.9 18448.3 20482.3 22451.3 24461 26563.4 28724.3 30836.4 32787.2 34502.4 35938.3 37063.6 37856.8 38318.7 38492.2 38472.2 38381.8 38321.8 38334.4 38412.3 38530.4 38665.8 38802.2 38929.4 39041.4 39135.5 39211 39268.6 39309.3 39330.3 39330.3 39309.3 39268.6 39211 39135.5 39041.4 38929.4 38802.2 38665.8 38530.4 38412.3 38334.4 38321.8 38381.8 38472.2 38492.2 38318.7 37856.8 37063.6 35938.3 34502.4 32787.2 30836.4 28724.3
1000 1000 1085.9 7505 11041.2 13914.3 16418.7 18618.4 20634.9 22596.9 24604.6 26702.3 28849.7 30939.4 32863.5 34551.5 35962 37065.9 37843.8 38298.2 38472.2 38458.9 38378 38327.1 38346.6 38429.4 38550.6 38687.9 38825.4 38953.2 39065.5 39159.6 39235 39292.5 39332.9 39353.8 39353.8 39332.9 39292.5 39235 39159.6 39065.5 38953.2 38825.4 38687.9 38550.6 38429.4 38346.6 38327.1 38378 38458.9 38472.2 38298.2 37843.8 37065.9 35962 34551.5 32863.5 30939.4 28849.7
1000 1000 1085.65 7657.07 11275.9 14161.1 16645.6 18818.9 20813.3 22756.4 24743 26811.2 28919.2 30965.8 32850.5 34506.2 35892.3 36979.7 37749 38202.3 38381.8 38378 38307.8 38266.2 38292.7 38380 38504.1 38643 38781.4 38909.4 39021.7 39115.6 39190.7 39247.7 39287.8 39308.5 39308.5 39287.8 39247.7 39190.7 39115.6 39021.7 38909.4 38781.4 38643 38504.1 38380 38292.7 38266.2 38307.8 38378 38381.8 38202.3 37749 36979.7 35892.3 34506.2 32850.5 30965.8 28919.2
1000 1000 1085.28 7742.05 11466 14389 16874.3 19035.5 21016.6 22945.6 24912.2 26949.2 29014.6 31014.8 32857.9 34481.1 35844.4 36918.1 37681.7 38136.1 38321.8 38327.1 38266.2 38232.3 38264.2 38354.9 38480.9 38620.7 38759.4 38887.4 38999.3 39092.8 39167.3 39223.9 39263.6 39283.9 39283.9 39263.6 39223.9 39167.3 39092.8 38999.3 38887.4 38759.4 38620.7 38480.9 38354.9 38264.2 38232.3 38266.2 38327.1 38321.8 38136.1 37681.7 36918.1 35844.4 34481.1 32857.9 31014.8 29014.6
1000 1000 1085.11 7769.69 11600.9 14577.3 17079.7 19243.4 21224 23150.3 25108.4 27125.7 29159.3 31121.9 32929.8 34524.8 35868.2 36929.9 37688.6 38143.8 38334.4 38346.6 38292.7 38264.2 38299.6 38392.3 38519.2 38659.3 38797.9 38925.5 39037.1 39130 39204.1 39260.2 39299.5 39319.5 39319.5 39299.5 39260.2 39204.1 39130 39037.1 38925.5 38797.9 38659.3 38519.2 38392.3 38299.6 38264.2 38292.7 38346.6 38334.4 38143.8 37688.6 36929.9 35868.2 34524.8 32929.8 31121.9 29159.3
1000 1000 1085.09 7760.95 11683.8 14718.4 17247.2 19423.6 21413.6 23347.9 25309.3 27320.3 29336.2 31273.9 33056.3 34629.7 35957.2 37009 37763.1 38218.4 38412.3 38429.4 38380 38354.9 38392.3 38485.9 38613.1 38753.2 38891.5 39018.8 39129.9 39222.5 39296.3 39352 39390.8 39410.7 39410.7 39390.8 39352 39296.3 39222.5 39129.9 39018.8 38891.5 38753.2 38613.1 38485.9 38392.3 38354.9 38380 38429.4 38412.3 38218.4 37763.1 37009 35957.2 34629.7 33056.3 31273.9 29336.2
1000 1000 1085.1 7736.76 11725.5 14814.5 17372.8 19567.1 21572.4 23521.4 25494.7 27510 29520.1 31444.2 33210.3 34768.8 36084.7 37128.9 37879.5 38334.5 38530.4 38550.6 38504.1 38480.9 38519.2 38613.1 38740.3 38880.2 39018.2 39145.3 39256.2 39348.5 39422 39477.4 39516 39535.7 39535.7 39516 39477.4 39422 39348.5 39256.2 39145.3 39018.2 38880.2 38740.3 38613.1 38519.2 38480.9 38504.1 38550.6 38530.4 38334.5 37879.5 37128.9 36084.7 34768.8 33210.3 31444.2 29520.1
1000 1000 1085.1 7711.57 11739.2 14873 17459.3 19672.8 21695.9 23663 25653.2 27679.8 29692.7 31611.9 33369.2 34918.5 36226.8 37265.8 38013.8 38468.5 38665.8 38687.9 38643 38620.7 38659.3 38753.2 38880.2 39019.8 39157.7 39284.6 39395.3 39487.5 39560.8 39616.1 39654.5 39674.2 39674.2 39654.5 39616.1 39560.8 39487.5 39395.3 39284.6 39157.7 39019.8 38880.2 38753.2 38659.3 38620.7 38643 38687.9 38665.8 38468.5 38013.8 37265.8 36226.8 34918.5 33369.2 31611.9 29692.7
1000 1000 1085.1 7692.2 11737.2 14903.5 17513.1 19744.6 21785.3 23771.4 25780.7 27822.8 29844 31764.6 33518.8 35063.4 36367.2 37403.1 38149.5 38604.1 38802.2 38825.4 38781.4 38759.4 38797.9 38891.5 39018.2 39157.7 39295.4 39422.3 39532.9 39625.1 39698.3 39753.5 39791.9 39811.5 39811.5 39791.9 39753.5 39698.3 39625.1 39532.9 39422.3 39295.4 39157.7 39018.2 38891.5 38797.9 38759.4 38781.4 38825.4 38802.2 38604.1 38149.5 37403.1 36367.2 35063.4 33518.8 31764.6 29844
1000 1000 1085.1 7679.9 11728.5 14915.2 17542.3 19788.8 21845.3 23849.4 25877.9 27937.3 29970.2 31896.1 33651.1 35194.3 36496.2 37530.5 38276.1 38730.7 38929.4 38953.2 38909.4 38887.4 38925.5 39018.8 39145.3 39284.6 39422.3 39549.1 39659.8 39751.9 39825.1 39880.2 39918.7 39938.3 39938.3 39918.7 39880.2 39825.1 39751.9 39659.8 39549.1 39422.3 39284.6 39145.3 39018.8 38925.5 38887.4 38909.4 38953.2 38929.4 38730.7 38276.1 37530.5 36496.2 35194.3 33651.1 31896.1 29970.2
1000 1000 1085.1 7673.31 11718.8 14916 17554.7 19812.7 21882.3 23902.2 25948.5 28025.1 30071 32004.4 33762.7 35306.7 36608.3 37642.2 38387.6 38842.4 39041.4 39065.5 39021.7 38999.3 39037.1 39129.9 39256.2 39395.3 39532.9 39659.8 39770.4 39862.6 39935.8 39991 40029.5 40049.2 40049.2 40029.5 39991 39935.8 39862.6 39770.4 39659.8 39532.9 39395.3 39256.2 39129.9 39037.1 38999.3 39021.7 39065.5 39041.4 38842.4 38387.6 37642.2 36608.3 35306.7 33762.7 32004.4 30071
1000 1000 1085.1 7670.42 11710.7 14911.6 17557 19823 21902.7 23935.6 25997.6 28089.9 30148.6 32090.4 33853.1 35399.1 36701.5 37735.6 38481.3 38936.3 39135.5 39159.6 39115.6 39092.8 39130 39222.5 39348.5 39487.5 39625.1 39751.9 39862.6 39954.7 40028.1 40083.4 40121.9 40141.6 40141.6 40121.9 40083.4 40028.1 39954.7 39862.6 39751.9 39625.1 39487.5 39348.5 39222.5 39130 39092.8 39115.6 39159.6 39135.5 38936.3 38481.3 37735.6 36701.5 35399.1 33853.1 32090.4 30148.6
1000 1000 1085.1 7669.5 11705.1 14905.7 17554.2 19825.4 21912.5 23955.5 26030.2 28136.1 30206.3 32155.9 33923.4 35471.9 36775.6 37810.4 38556.4 39011.7 39211 39235 39190.7 39167.3 39204.1 39296.3 39422 39560.8 39698.3 39825.1 39935.8 40028.1 40101.5 40156.9 40195.5 40215.2 40215.2 40195.5 40156.9 40101.5 40028.1 39935.8 39825.1 39698.3 39560.8 39422 39296.3 39204.1 39167.3 39190.7 39235 39211 39011.7 38556.4 37810.4 36775.6 35471.9 33923.4 32155.9 30206.3
1000 1000 1085.1 7669.43 11701.7 14900.3 17549.9 19824 21916.1 23966.6 26051 28167.7 30247.4 32204 33975.7 35526.7 36831.7 37867.2 38613.7 39069.2 39268.6 39292.5 39247.7 39223.9 39260.2 39352 39477.4 39616.1 39753.5 39880.2 39991 40083.4 40156.9 40212.4 40251 40270.8 40270.8 40251 40212.4 40156.9 40083.4 39991 39880.2 39753.5 39616.1 39477.4 39352 39260.2 39223.9 39247.7 39292.5 39268.6 39069.2 38613.7 37867.2 36831.7 35526.7 33975.7 32204 30247.4
1000 1000 1085.1 7669.58 11699.8 14896.5 17546 19821.8 21917 23972.4 26063.7 28188.2 30274.9 32236.7 34011.9 35564.9 36871.2 37907.4 38654.2 39109.9 39309.3 39332.9 39287.8 39263.6 39299.5 39390.8 39516 39654.5 39791.9 39918.7 40029.5 40121.9 40195.5 40251 40289.7 40309.5 40309.5 40289.7 40251 40195.5 40121.9 40029.5 39918.7 39791.9 39654.5 39516 39390.8 39299.5 39263.6 39287.8 39332.9 39309.3 39109.9 38654.2 37907.4 36871.2 35564.9 34011.9 32236.7 30274.9
1000 1000 1085.1 7669.71 11698.9 14894.3 17543.6 19820.2 21916.9 23974.9 26069.7 28198.1 30288.5 32253.1 34030.1 35584.2 36891.1 37927.7 38674.8 39130.8 39330.3 39353.8 39308.5 39283.9 39319.5 39410.7 39535.7 39674.2 39811.5 39938.3 40049.2 40141.6 40215.2 40270.8 40309.5 40329.3 40329.3 40309.5 40270.8 40215.2 40141.6 40049.2 39938.3 39811.5 39674.2 39535.7 39410.7 39319.5 39283.9 39308.5 39353.8 39330.3 39130.8 38674.8 37927.7 36891.1 35584.2 34030.1 32253.1 30288.5
1000 1000 1085.1 7669.71 11698.9 14894.3 17543.6 19820.2 21916.9 23974.9 26069.7 28198.1 30288.5 32253.1 34030.1 35584.2 36891.1 37927.7 38674.8 39130.8 39330.3 39353.8 39308.5 39283.9 39319.5 39410.7 39535.7 39674.2 39811.5 39938.3 40049.2 40141.6 40215.2 40270.8 40309.5 40329.3 40329.3 40309.5 40270.8 40215.2 40141.6 40049.2 39938.3 39811.5 39674.2 39535.7 39410.7 39319.5 39283.9 39308.5 39353.8 39330.3 39130.8 38674.8 37927.7 36891.1 35584.2 34030.1 32253.1 30288.5
1000 1000 1085.1 7669.58 11699.8 14896.5 17546 19821.8 21917 23972.4 26063.7 28188.2 30274.9 32236.7 34011.9 35564.9 36871.2 37907.4 38654.2 39109.9 39309.3 39332.9 39287.8 39263.6 39299.5 39390.8 39516 39654.5 39791.9 39918.7 40029.5 40121.9 40195.5 40251 40289.7 40309.5 40309.5 40289.7 40251 40195.5 40121.9 40029.5 39918.7 39791.9 39654.5 39516 39390.8 39299.5 39263.6 39287.8 39332.9 39309.3 39109.9 38654.2 37907.4 36871.2 35564.9 34011.9 32236.7 30274.9
1000 1000 1085.1 7669.43 11701.7 14900.3 17549.9 19824 21916.1 23966.6 26051 28167.7 30247.4 32204 33975.7 35526.7 36831.7 37867.2 38613.7 39069.2 39268.6 39292.5 39247.7 39223.9 39260.2 39352 39477.4 39616.1 39753.5 39880.2 39991 40083.4 40156.9 40212.4 40251 40270.8 40270.8 40251 40212.4 40156.9 40083.4 39991 39880.2 39753.5 39616.1 39477.4 39352 39260.2 39223.9 39247.7 39292.5 39268.6 39069.2 38613.7 37867.2 36831.7 35526.7 33975.7 32204 30247.4
