Code/Outputs/Output_20260211_114401/2.9_30_1000_Te_map_shift_40km.grd
DSAA
231 101
-4600000.0 4600000.0
-2000000.0 2000000.0
1000.0000320650021 139999.9979163575
[rows 54 to 80 of 101, columns 60 to 119 of 231]
1000 1085.1 11737.2 17513.1 21785.3 25780.7 29844 33518.8 36367.2 38149.5 38802.2 38781.4 38797.9 39018.2 39295.4 39532.9 39698.3 39791.9 39811.5 39753.5 39625.1 39422.3 39157.7 38891.5 38759.4 38825.4 38604.1 37403.1 35063.4 31764.6 27822.8 23771.4 19744.6 14903.5 7692.2 1000 1000 1000 1000.78 86906.7 137740 128783 1009.19 107187 140000 140000 140000 140000 140000 140000 140000 1.70141e+38 1.70141e+38 1.70141e+38 1.70141e+38 1.70141e+38 1.70141e+38 1.70141e+38 1.70141e+38 1.70141e+38
1000 1085.1 11725.5 17372.8 21572.4 25494.7 29520.1 33210.3 36084.7 37879.5 38530.4 38504.1 38519.2 38740.3 39018.2 39256.2 39422 39516 39535.7 39477.4 39348.5 39145.3 38880.2 38613.1 38480.9 38550.6 38334.5 37128.9 34768.8 31444.2 27510 23521.4 19567.1 14814.5 7736.76 1000 1000 1000 1001.4 107187 135930 135709 1005.38 107187 140000 86906.7 140000 140000 140000 140000 140000 1.70141e+38 1.70141e+38 1.70141e+38 1.70141e+38 1.70141e+38 1.70141e+38 1.70141e+38 1.70141e+38 1.70141e+38
1000 1085.11 11600.9 17079.7 21224 25108.4 29159.3 32929.8 35868.2 37688.6 38334.4 38292.7 38299.6 38519.2 38797.9 39037.1 39204.1 39299.5 39319.5 39260.2 39130 38925.5 38659.3 38392.3 38264.2 38346.6 38143.8 36929.9 34524.8 31121.9 27125.7 23150.3 19243.4 14577.3 7769.69 1000 1000 1000 1000.87 107187 133490 122027 1003.51 107187 140000 140000 140000 140000 140000 140000 140000 1.70141e+38 1.70141e+38 1.70141e+38 1.70141e+38 1.70141e+38 1.70141e+38 1.70141e+38 1.70141e+38 1.70141e+38
1000 1085.65 11275.9 16645.6 20813.3 24743 28919.2 32850.5 35892.3 37749 38381.8 38307.8 38292.7 38504.1 38781.4 39021.7 39190.7 39287.8 39308.5 39247.7 39115.6 38909.4 38643 38380 38266.2 38378 38202.3 36979.7 34506.2 30965.8 26811.2 22756.4 18818.9 14161.1 7657.07 1000 1000 1000 1001.34 107187 135930 132442 1003.32 119720 86906.7 140000 140000 140000 140000 140000 140000 1.70141e+38 1.70141e+38 1.70141e+38 1.70141e+38 1.70141e+38 1.70141e+38 1.70141e+38 1.70141e+38 1.70141e+38
1000 1084.82 10788.5 16217.9 20482.3 24461 28724.3 32787.2 35938.3 37856.8 38492.2 38381.8 38334.4 38530.4 38802.2 39041.4 39211 39309.3 39330.3 39268.6 39135.5 38929.4 38665.8 38412.3 38321.8 38472.2 38318.7 37063.6 34502.4 30836.4 26563.4 22451.3 18448.3 13677.9 7297.68 1000 1000 1000 1001.34 120129 133649 127020 1003.51 128128 140000 140000 140000 140000 140000 140000 140000 1.70141e+38 1.70141e+38 1.70141e+38 1.70141e+38 1.70141e+38 1.70141e+38 1.70141e+38 1.70141e+38 1.70141e+38
1000 1081.77 10348.6 15882.2 20112.7 23892.1 27904.5 31890.6 35118.3 37152.1 37856.8 37749 37688.6 37879.5 38149.5 38387.6 38556.4 38654.2 38674.8 38613.7 38481.3 38276.1 38013.8 37763.1 37681.7 37843.8 37658 36302.4 33632.9 29951.2 25859.7 21999.9 18118.5 13296 6861.32 1000 1000 1000 1000.49 1573.4 135883 127205 1009.6 105028 140000 119720 140000 140000 140000 140000 140000 1.70141e+38 1.70141e+38 1.70141e+38 1.70141e+38 1.70141e+38 1.70141e+38 1.70141e+38 1.70141e+38 1.70141e+38
1000 1100.32 9979.72 15380.4 19371.8 22723.5 26153.2 29766.9 32968.4 35118.3 35938.3 35892.3 35868.2 36084.7 36367.2 36608.3 36775.6 36871.2 36891.1 36831.7 36701.5 36496.2 36226.8 35957.2 35844.4 35962 35687.6 34203.8 31465.3 27963.8 24402.9 21072.6 17515.7 12872.1 6546.66 1000 1000 1000 1000.51 1572.13 129431 130942 1002.69 102865 54093.3 86906.7 140000 140000 140000 140000 140000 1.70141e+38 1.70141e+38 1.70141e+38 1.70141e+38 1.70141e+38 1.70141e+38 1.70141e+38 1.70141e+38 1.70141e+38
1000 1109.99 9375.1 14426.3 18151.7 21108.8 23917.5 26879.6 29766.9 31890.6 32787.2 32850.5 32929.8 33210.3 33518.8 33762.7 33923.4 34011.9 34030.1 33975.7 33853.1 33651.1 33369.2 33056.3 32857.9 32863.5 32491.9 30967.4 28371.5 25378.2 22503.7 19681.5 16431.1 12081.8 6140.88 1000 1000 1000 1000.81 1641.38 136319 128917 1002.05 119870 21279.8 140000 140000 140000 140000 140000 140000 1.70141e+38 1.70141e+38 1.70141e+38 1.70141e+38 1.70141e+38 1.70141e+38 1.70141e+38 1.70141e+38 1.70141e+38
1000 1024.18 8281.6 12949.7 16489.5 19229.9 21609.8 23917.5 26153.2 27904.5 28724.3 28919.2 29159.3 29520.1 29844 30071 30206.3 30274.9 30288.5 30247.4 30148.6 29970.2 29692.7 29336.2 29014.6 28849.7 28434.5 27126.9 25060.6 22764 20441.7 17930.9 14844.6 10779.6 5287.32 1000 1000 1000 1000.49 1407.32 122282 129148 1014.96 96132.3 13533.6 140000 140000 140000 140000 140000 140000 1.70141e+38 1.70141e+38 1.70141e+38 1.70141e+38 1.70141e+38 1.70141e+38 1.70141e+38 1.70141e+38 1.70141e+38
1000 1000 6617.34 10983.1 14371.8 17051.4 19229.9 21108.8 22723.5 23892.1 24461 24743 25108.4 25494.7 25780.7 25948.5 26030.2 26063.7 26069.7 26051 25997.6 25877.9 25653.2 25309.3 24912.2 24604.6 24244.4 23380.1 21956 20199.5 18188.1 15789.5 12775.9 8950.95 3719.62 1000 1000 1000 1000.83 125905 128009 107187 1009.19 86906.7 140000 140000 140000 140000 140000 140000 140000 1.70141e+38 1.70141e+38 1.70141e+38 1.70141e+38 1.70141e+38 1.70141e+38 1.70141e+38 1.70141e+38 1.70141e+38
1000 1000 4293.59 8502.69 11747.5 14371.8 16489.5 18151.7 19371.8 20112.7 20482.3 20813.3 21224 21572.4 21785.3 21882.3 21912.5 21917 21916.9 21916.1 21902.7 21845.3 21695.9 21413.6 21016.6 20634.9 20324.9 19802.3 18819.4 17374.9 15490.9 13126.2 10217.8 6561.77 1037.25 1000 1000 1000 1001.34 107187 106849 1015.2 106849 102399 86906.7 140000 140000 140000 140000 140000 140000 1.70141e+38 1.70141e+38 1.70141e+38 1.70141e+38 1.70141e+38 1.70141e+38 1.70141e+38 1.70141e+38 1.70141e+38
1000 1000 1000 5374.05 8502.69 10983.1 12949.7 14426.3 15380.4 15882.2 16217.9 16645.6 17079.7 17372.8 17513.1 17554.7 17554.2 17546 17543.6 17549.9 17557 17542.3 17459.3 17247.2 16874.3 16418.7 16047.8 15674.8 14968.7 13751.7 12026.3 9813.51 7033.02 3346.15 1000 1000 1000 1000 1006.42 109747 123540 107187 109747 1101.91 86906.7 140000 140000 140000 140000 140000 1.70141e+38 1.70141e+38 1.70141e+38 1.70141e+38 1.70141e+38 1.70141e+38 1.70141e+38 1.70141e+38 1.70141e+38 1.70141e+38
1000 1000 1000 1000 4293.59 6617.34 8281.6 9375.1 9979.72 10348.6 10788.5 11275.9 11600.9 11725.5 11737.2 11718.8 11705.1 11699.8 11698.9 11701.7 11710.7 11728.5 11739.2 11683.8 11466 11041.2 10551 10170.9 9727.63 8897.22 7522.99 5554.71 2422.77 1000 1000 1000 1000 1000 1002.67 107187 123505 126412 107187 86906.7 86906.7 140000 140000 140000 140000 140000 1.70141e+38 1.70141e+38 1.70141e+38 1.70141e+38 1.70141e+38 1.70141e+38 1.70141e+38 1.70141e+38 1.70141e+38 1.70141e+38
1000 1000 1000 1000 1000 1000 1024.18 1109.99 1100.32 1081.77 1084.82 1085.65 1085.11 1085.1 1085.1 1085.1 1085.1 1085.1 1085.1 1085.1 1085.1 1085.1 1085.1 1085.09 1085.28 1085.9 1082.37 1087.63 1112.3 1081.27 1000 1000 1000 1000 1000 1000 1000 122027 119720 15013 119870 1125.23 86906.7 33813.4 140000 140000 140000 140000 140000 140000 1.70141e+38 1.70141e+38 1.70141e+38 1.70141e+38 1.70141e+38 1.70141e+38 1.70141e+38 1.70141e+38 1.70141e+38 1.70141e+38
1000 1000 1000 1000 1000 1000 1000 1000 1000 1000 1000 1000 1000 1000 1000 1000 1000 1000 1000 1000 1000 1000 1000 1000 1000 1000 1000 1000 1000 1000 1000 1000 1000 1000 1000 1000 137591 117535 107187 107187 54093.3 140000 140000 140000 140000 140000 140000 1.70141e+38 1.70141e+38 1.70141e+38 1.70141e+38 1.70141e+38 1.70141e+38 1.70141e+38 1.70141e+38 1.70141e+38 1.70141e+38 1.70141e+38 1.70141e+38 1.70141e+38
107187 1000 1000 1000 1000 1000 1000 1000 1000 1000 1000 1000 1000 1000 1000 1000 1000 1000 1000 1000 1000 1000 1000 1000 1000 1000 1000 1000 1000 1000 1000 1000 1000 1000 1000 129095 121683 1002.05 107187 107187 1005.68 86906.7 140000 140000 140000 140000 140000 1.70141e+38 1.70141e+38 1.70141e+38 1.70141e+38 1.70141e+38 1.70141e+38 1.70141e+38 1.70141e+38 1.70141e+38 1.70141e+38 1.70141e+38 1.70141e+38 1.70141e+38
1.70141e+38 1038.92 117535 1000 1000 1000 1000 1000 1000 1000 1000 1000 1000 1000 1000 1000 1000 1000 1000 1000 1000 1000 1000 1000 1000 1000 1000 1000 1000 1000 1000 1000 1000 120107 119520 118013 107187 1008.7 86906.7 1005.68 140000 140000 140000 140000 140000 140000 140000 1.70141e+38 1.70141e+38 1.70141e+38 1.70141e+38 1.70141e+38 1.70141e+38 1.70141e+38 1.70141e+38 1.70141e+38 1.70141e+38 1.70141e+38 1.70141e+38 1.70141e+38
1.70141e+38 1.70141e+38 126412 118719 133187 133825 120985 130174 122846 120828 123352 124864 133961 128838 134190 136427 133691 131921 122665 122665 131213 129792 129792 131224 136277 134575 133594 128770 120140 107187 119798 107187 107187 105028 107187 86906.7 140000 140000 140000 140000 140000 140000 140000 140000 140000 1.70141e+38 1.70141e+38 1.70141e+38 1.70141e+38 1.70141e+38 1.70141e+38 1.70141e+38 1.70141e+38 1.70141e+38 1.70141e+38 1.70141e+38 1.70141e+38 1.70141e+38 1.70141e+38 1.70141e+38
1.70141e+38 1.70141e+38 1.70141e+38 1.70141e+38 1.70141e+38 1.70141e+38 1.70141e+38 1.70141e+38 1.70141e+38 1.70141e+38 1.70141e+38 1.70141e+38 1.70141e+38 1.70141e+38 1.70141e+38 1.70141e+38 1.70141e+38 1.70141e+38 1.70141e+38 1.70141e+38 1.70141e+38 1.70141e+38 1.70141e+38 1.70141e+38 1.70141e+38 1.70141e+38 1.70141e+38 1.70141e+38 1.70141e+38 1.70141e+38 1.70141e+38 1.70141e+38 1.70141e+38 1.70141e+38 1.70141e+38 1.70141e+38 1.70141e+38 1.70141e+38 1.70141e+38 1.70141e+38 1.70141e+38 1.70141e+38 1.70141e+38 1.70141e+38 1.70141e+38 1.70141e+38 1.70141e+38 1.70141e+38 1.70141e+38 1.70141e+38 1.70141e+38 1.70141e+38 1.70141e+38 1.70141e+38 1.70141e+38 1.70141e+38 1.70141e+38 1.70141e+38 1.70141e+38 1.70141e+38
1.70141e+38 1.70141e+38 1.70141e+38 1.70141e+38 1.70141e+38 1.70141e+38 1.70141e+38 1.70141e+38 1.70141e+38 1.70141e+38 1.70141e+38 1.70141e+38 1.70141e+38 1.70141e+38 1.70141e+38 1.70141e+38 1.70141e+38 1.70141e+38 1.70141e+38 1.70141e+38 1.70141e+38 1.70141e+38 1.70141e+38 1.70141e+38 1.70141e+38 1.70141e+38 1.70141e+38 1.70141e+38 1.70141e+38 1.70141e+38 1.70141e+38 1.70141e+38 1.70141e+38 1.70141e+38 1.70141e+38 1.70141e+38 1.70141e+38 1.70141e+38 1.70141e+38 1.70141e+38 1.70141e+38 1.70141e+38 1.70141e+38 1.70141e+38 1.70141e+38 1.70141e+38 1.70141e+38 1.70141e+38 1.70141e+38 1.70141e+38 1.70141e+38 1.70141e+38 1.70141e+38 1.70141e+38 1.70141e+38 1.70141e+38 1.70141e+38 1.70141e+38 1.70141e+38 1.70141e+38
1.70141e+38 1.70141e+38 1.70141e+38 1.70141e+38 1.70141e+38 1.70141e+38 1.70141e+38 1.70141e+38 1.70141e+38 1.70141e+38 1.70141e+38 1.70141e+38 1.70141e+38 1.70141e+38 1.70141e+38 1.70141e+38 1.70141e+38 1.70141e+38 1.70141e+38 1.70141e+38 1.70141e+38 1.70141e+38 1.70141e+38 1.70141e+38 1.70141e+38 1.70141e+38 1.70141e+38 1.70141e+38 1.70141e+38 1.70141e+38 1.70141e+38 1.70141e+38 1.70141e+38 1.70141e+38 1.70141e+38 1.70141e+38 1.70141e+38 1.70141e+38 1.70141e+38 1.70141e+38 1.70141e+38 1.70141e+38 1.70141e+38 1.70141e+38 1.70141e+38 1.70141e+38 1.70141e+38 1.70141e+38 1.70141e+38 1.70141e+38 1.70141e+38 1.70141e+38 1.70141e+38 1.70141e+38 1.70141e+38 1.70141e+38 1.70141e+38 1.70141e+38 1.70141e+38 1.70141e+38
1.70141e+38 1.70141e+38 1.70141e+38 1.70141e+38 1.70141e+38 1.70141e+38 1.70141e+38 1.70141e+38 1.70141e+38 1.70141e+38 1.70141e+38 1.70141e+38 1.70141e+38 1.70141e+38 1.70141e+38 1.70141e+38 1.70141e+38 1.70141e+38 1.70141e+38 1.70141e+38 1.70141e+38 1.70141e+38 1.70141e+38 1.70141e+38 1.70141e+38 1.70141e+38 1.70141e+38 1.70141e+38 1.70141e+38 1.70141e+38 1.70141e+38 1.70141e+38 1.70141e+38 1.70141e+38 1.70141e+38 1.70141e+38 1.70141e+38 1.70141e+38 1.70141e+38 1.70141e+38 1.70141e+38 1.70141e+38 1.70141e+38 1.70141e+38 1.70141e+38 1.70141e+38 1.70141e+38 1.70141e+38 1.70141e+38 1.70141e+38 1.70141e+38 1.70141e+38 1.70141e+38 1.70141e+38 1.70141e+38 1.70141e+38 1.70141e+38 1.70141e+38 1.70141e+38 1.70141e+38
1.70141e+38 1.70141e+38 1.70141e+38 1.70141e+38 1.70141e+38 1.70141e+38 1.70141e+38 1.70141e+38 1.70141e+38 1.70141e+38 1.70141e+38 1.70141e+38 1.70141e+38 1.70141e+38 1.70141e+38 1.70141e+38 1.70141e+38 1.70141e+38 1.70141e+38 1.70141e+38 1.70141e+38 1.70141e+38 1.70141e+38 1.70141e+38 1.70141e+38 1.70141e+38 1.70141e+38 1.70141e+38 1.70141e+38 1.70141e+38 1.70141e+38 1.70141e+38 1.70141e+38 1.70141e+38 1.70141e+38 1.70141e+38 1.70141e+38 1.70141e+38 1.70141e+38 1.70141e+38 1.70141e+38 1.70141e+38 1.70141e+38 1.70141e+38 1.70141e+38 1.70141e+38 1.70141e+38 1.70141e+38 1.70141e+38 1.70141e+38 1.70141e+38 1.70141e+38 1.70141e+38 1.70141e+38 1.70141e+38 1.70141e+38 1.70141e+38 1.70141e+38 1.70141e+38 1.70141e+38
1.70141e+38 1.70141e+38 1.70141e+38 1.70141e+38 1.70141e+38 1.70141e+38 1.70141e+38 1.70141e+38 1.70141e+38 1.70141e+38 1.70141e+38 1.70141e+38 1.70141e+38 1.70141e+38 1.70141e+38 1.70141e+38 1.70141e+38 1.70141e+38 1.70141e+38 1.70141e+38 1.70141e+38 1.70141e+38 1.70141e+38 1.70141e+38 1.70141e+38 1.70141e+38 1.70141e+38 1.70141e+38 1.70141e+38 1.70141e+38 1.70141e+38 1.70141e+38 1.70141e+38 1.70141e+38 1.70141e+38 1.70141e+38 1.70141e+38 1.70141e+38 1.70141e+38 1.70141e+38 1.70141e+38 1.70141e+38 1.70141e+38 1.70141e+38 1.70141e+38 1.70141e+38 1.70141e+38 1.70141e+38 1.70141e+38 1.70141e+38 1.70141e+38 1.70141e+38 1.70141e+38 1.70141e+38 1.70141e+38 1.70141e+38 1.70141e+38 1.70141e+38 1.70141e+38 1.70141e+38
1.70141e+38 1.70141e+38 1.70141e+38 1.70141e+38 1.70141e+38 1.70141e+38 1.70141e+38 1.70141e+38 1.70141e+38 1.70141e+38 1.70141e+38 1.70141e+38 1.70141e+38 1.70141e+38 1.70141e+38 1.70141e+38 1.70141e+38 1.70141e+38 1.70141e+38 1.70141e+38 1.70141e+38 1.70141e+38 1.70141e+38 1.70141e+38 1.70141e+38 1.70141e+38 1.70141e+38 1.70141e+38 1.70141e+38 1.70141e+38 1.70141e+38 1.70141e+38 1.70141e+38 1.70141e+38 1.70141e+38 1.70141e+38 1.70141e+38 1.70141e+38 1.70141e+38 1.70141e+38 1.70141e+38 1.70141e+38 1.70141e+38 1.70141e+38 1.70141e+38 1.70141e+38 1.70141e+38 1.70141e+38 1.70141e+38 1.70141e+38 1.70141e+38 1.70141e+38 1.70141e+38 1.70141e+38 1.70141e+38 1.70141e+38 1.70141e+38 1.70141e+38 1.70141e+38 1.70141e+38
1.70141e+38 1.70141e+38 1.70141e+38 1.70141e+38 1.70141e+38 1.70141e+38 1.70141e+38 1.70141e+38 1.70141e+38 1.70141e+38 1.70141e+38 1.70141e+38 1.70141e+38 1.70141e+38 1.70141e+38 1.70141e+38 1.70141e+38 1.70141e+38 1.70141e+38 1.70141e+38 1.70141e+38 1.70141e+38 1.70141e+38 1.70141e+38 1.70141e+38 1.70141e+38 1.70141e+38 1.70141e+38 1.70141e+38 1.70141e+38 1.70141e+38 1.70141e+38 1.70141e+38 1.70141e+38 1.70141e+38 1.70141e+38 1.70141e+38 1.70141e+38 1.70141e+38 1.70141e+38 1.70141e+38 1.70141e+38 1.70141e+38 1.70141e+38 1.70141e+38 1.70141e+38 1.70141e+38 1.70141e+38 1.70141e+38 1.70141e+38 1.70141e+38 1.70141e+38 1.70141e+38 1.70141e+38 1.70141e+38 1.70141e+38 1.70141e+38 1.70141e+38 1.70141e+38 1.70141e+38
1.70141e+38 1.70141e+38 1.70141e+38 1.70141e+38 1.70141e+38 1.70141e+38 1.70141e+38 1.70141e+38 1.70141e+38 1.70141e+38 1.70141e+38 1.70141e+38 1.70141e+38 1.70141e+38 1.70141e+38 1.70141e+38 1.70141e+38 1.70141e+38 1.70141e+38 1.70141e+38 1.70141e+38 1.70141e+38 1.70141e+38 1.70141e+38 1.70141e+38 1.70141e+38 1.70141e+38 1.70141e+38 1.70141e+38 1.70141e+38 1.70141e+38 1.70141e+38 1.70141e+38 1.70141e+38 1.70141e+38 1.70141e+38 1.70141e+38 1.70141e+38 1.70141e+38 1.70141e+38 1.70141e+38 1.70141e+38 1.70141e+38 1.70141e+38 1.70141e+38 1.70141e+38 1.70141e+38 1.70141e+38 1.70141e+38 1.70141e+38 1.70141e+38 1.70141e+38 1.70141e+38 1.70141e+38 1.70141e+38 1.70141e+38 1.70141e+38 1.70141e+38 1.70141e+38 1.70141e+38
