Code/Outputs/Output_20260211_114401/2.9_30_1000_rms_map_shift_20km.grd
DSAA
461 201
-4600000.0 4600000.0
-2000000.0 2000000.0
7.979361571218394 23697.89222063788
[rows 0 to 25 of 201, columns 118 to 176 of 461]
17576.1 17576 17575.9 17575.8 17575.7 17575.6 17575.4 17575.3 17575.2 17575.1 17574.9 17574.8 17574.7 17574.6 17574.5 17574.3 17574.2 17574.1 17574 17573.8 17573.7 17573.6 17573.5 17573.4 17573.3 17573.1 17573 17572.9 17572.8 17572.7 17572.6 17572.6 17572.5 17572.4 17572.4 17572.4 17572.3 17572.3 17572.3 17572.3 17572.4 17572.4 17572.4 17572.5 17572.6 17572.6 17572.7 17572.8 17572.9 17573 17573.1 17573.3 17573.4 17573.5 17573.6 17573.7 17573.8 17574 17574.1
15960 15959.9 15959.8 15959.7 15959.6 15959.4 15959.3 15959.2 15959 15958.9 15958.8 15958.6 15958.5 15958.4 15958.2 15958.1 15958 15957.8 15957.7 15957.6 15957.4 15957.3 15957.2 15957.1 15957 15956.8 15956.7 15956.6 15956.5 15956.4 15956.3 15956.2 15956.2 15956.1 15956.1 15956.1 15956 15956 15956 15956 15956.1 15956.1 15956.1 15956.2 15956.2 15956.3 15956.4 15956.5 15956.6 15956.7 15956.8 15957 15957.1 15957.2 15957.3 15957.4 15957.6 15957.7 15957.8
14130.7 14130.6 14130.4 14130.3 14130.2 14130 14129.9 14129.8 14129.6 14129.5 14129.4 14129.2 14129.1 14128.9 14128.8 14128.7 14128.5 14128.4 14128.2 14128.1 14128 14127.8 14127.7 14127.6 14127.4 14127.3 14127.2 14127.1 14127 14126.9 14126.8 14126.8 14126.7 14126.6 14126.6 14126.6 14126.5 14126.5 14126.5 14126.5 14126.6 14126.6 14126.6 14126.7 14126.8 14126.8 14126.9 14127 14127.1 14127.2 14127.3 14127.4 14127.6 14127.7 14127.8 14128 14128.1 14128.2 14128.4
12154.7 12154.5 12154.4 12154.3 12154.1 12154 12153.9 12153.7 12153.6 12153.4 12153.3 12153.1 12153 12152.9 12152.7 12152.6 12152.4 12152.3 12152.1 12152 12151.8 12151.7 12151.6 12151.4 12151.3 12151.2 12151.1 12151 12150.9 12150.8 12150.7 12150.7 12150.6 12150.6 12150.5 12150.5 12150.5 12150.5 12150.5 12150.5 12150.5 12150.5 12150.6 12150.6 12150.7 12150.7 12150.8 12150.9 12151 12151.1 12151.2 12151.3 12151.4 12151.6 12151.7 12151.8 12152 12152.1 12152.3
10110.8 10110.6 10110.5 10110.4 10110.2 10110.1 10109.9 10109.8 10109.6 10109.5 10109.4 10109.2 10109.1 10108.9 10108.8 10108.6 10108.5 10108.3 10108.2 10108 10107.9 10107.8 10107.6 10107.5 10107.4 10107.3 10107.2 10107.1 10107 10106.9 10106.9 10106.8 10106.7 10106.7 10106.7 10106.7 10106.6 10106.6 10106.6 10106.6 10106.7 10106.7 10106.7 10106.7 10106.8 10106.9 10106.9 10107 10107.1 10107.2 10107.3 10107.4 10107.5 10107.6 10107.8 10107.9 10108 10108.2 10108.3
8084.12 8083.99 8083.86 8083.72 8083.59 8083.45 8083.3 8083.15 8083.01 8082.86 8082.72 8082.57 8082.43 8082.28 8082.14 8081.99 8081.85 8081.7 8081.56 8081.41 8081.27 8081.12 8081 8080.89 8080.78 8080.69 8080.59 8080.51 8080.42 8080.36 8080.3 8080.24 8080.19 8080.16 8080.14 8080.11 8080.09 8080.09 8080.09 8080.09 8080.11 8080.14 8080.16 8080.19 8080.24 8080.3 8080.36 8080.42 8080.51 8080.59 8080.69 8080.78 8080.89 8081 8081.12 8081.27 8081.41 8081.56 8081.7
6159.92 6159.78 6159.65 6159.52 6159.39 6159.24 6159.1 6158.96 6158.81 6158.67 6158.53 6158.39 6158.24 6158.1 6157.96 6157.81 6157.67 6157.53 6157.38 6157.24 6157.11 6156.98 6156.87 6156.77 6156.67 6156.58 6156.5 6156.42 6156.34 6156.29 6156.24 6156.18 6156.14 6156.11 6156.09 6156.06 6156.04 6156.04 6156.04 6156.04 6156.06 6156.09 6156.11 6156.14 6156.18 6156.24 6156.29 6156.34 6156.42 6156.5 6156.58 6156.67 6156.77 6156.87 6156.98 6157.11 6157.24 6157.38 6157.53
4417 4416.88 4416.75 4416.62 4416.49 4416.35 4416.21 4416.07 4415.94 4415.8 4415.66 4415.52 4415.38 4415.24 4415.1 4414.97 4414.83 4414.69 4414.56 4414.43 4414.31 4414.19 4414.1 4414.01 4413.92 4413.84 4413.77 4413.7 4413.63 4413.58 4413.53 4413.49 4413.45 4413.42 4413.4 4413.38 4413.36 4413.36 4413.36 4413.36 4413.38 4413.4 4413.42 4413.45 4413.49 4413.53 4413.58 4413.63 4413.7 4413.77 4413.84 4413.92 4414.01 4414.1 4414.19 4414.31 4414.43 4414.56 4414.69
2921.95 2921.82 2921.7 2921.58 2921.46 2921.33 2921.2 2921.07 2920.94 2920.81 2920.67 2920.54 2920.41 2920.28 2920.15 2920.02 2919.89 2919.77 2919.65 2919.54 2919.44 2919.33 2919.25 2919.17 2919.09 2919.02 2918.96 2918.9 2918.84 2918.8 2918.75 2918.71 2918.68 2918.65 2918.64 2918.62 2918.6 2918.6 2918.6 2918.6 2918.62 2918.64 2918.65 2918.68 2918.71 2918.75 2918.8 2918.84 2918.9 2918.96 2919.02 2919.09 2919.17 2919.25 2919.33 2919.44 2919.54 2919.65 2919.77
1723.53 1723.42 1723.31 1723.2 1723.09 1722.97 1722.85 1722.74 1722.62 1722.5 1722.38 1722.26 1722.14 1722.02 1721.9 1721.79 1721.68 1721.58 1721.48 1721.39 1721.3 1721.21 1721.13 1721.07 1721 1720.95 1720.89 1720.84 1720.79 1720.75 1720.71 1720.68 1720.65 1720.63 1720.61 1720.6 1720.58 1720.58 1720.58 1720.58 1720.6 1720.61 1720.63 1720.65 1720.68 1720.71 1720.75 1720.79 1720.84 1720.89 1720.95 1721 1721.07 1721.13 1721.21 1721.3 1721.39 1721.48 1721.58
848.17 848.081 847.991 847.901 847.811 847.715 847.618 847.521 847.424 847.326 847.228 847.129 847.03 846.931 846.837 846.75 846.662 846.579 846.503 846.427 846.356 846.285 846.227 846.174 846.121 846.075 846.028 845.987 845.946 845.917 845.888 845.858 845.835 845.817 845.806 845.794 845.782 845.783 845.783 845.782 845.794 845.806 845.817 845.835 845.858 845.888 845.917 845.946 845.987 846.028 846.075 846.121 846.174 846.227 846.285 846.356 846.427 846.503 846.579
296.22 296.184 296.147 296.109 296.069 296.026 295.981 295.935 295.887 295.838 295.787 295.735 295.682 295.63 295.579 295.531 295.482 295.434 295.39 295.344 295.302 295.259 295.222 295.188 295.154 295.124 295.093 295.066 295.039 295.019 295 294.98 294.964 294.952 294.944 294.936 294.928 294.928 294.928 294.928 294.936 294.944 294.952 294.964 294.98 295 295.019 295.039 295.066 295.093 295.124 295.154 295.188 295.222 295.259 295.302 295.344 295.39 295.434
47.1012 47.415 47.7164 48.0058 48.2826 48.5688 48.8425 49.1049 49.3542 49.5917 49.8191 50.0361 50.2272 50.3944 50.5397 50.664 50.7838 50.8856 50.9712 51.0561 51.1269 51.1962 51.241 51.2767 51.3125 51.3393 51.3675 51.3888 51.4125 51.4191 51.4293 51.4442 51.4532 51.4575 51.4559 51.4594 51.469 51.4635 51.4635 51.469 51.4594 51.4559 51.4575 51.4532 51.4442 51.4293 51.4191 51.4125 51.3888 51.3675 51.3392 51.3125 51.2767 51.241 51.1962 51.1269 51.0561 50.9712 50.8856
1.70141e+38 1.70141e+38 1.70141e+38 1.70141e+38 1.70141e+38 1.70141e+38 1.70141e+38 1.70141e+38 1.70141e+38 1.70141e+38 1.70141e+38 1.70141e+38 1.70141e+38 1.70141e+38 1.70141e+38 1.70141e+38 1.70141e+38 1.70141e+38 1.70141e+38 1.70141e+38 1.70141e+38 1.70141e+38 1.70141e+38 1.70141e+38 1.70141e+38 1.70141e+38 1.70141e+38 1.70141e+38 1.70141e+38 1.70141e+38 1.70141e+38 1.70141e+38 1.70141e+38 1.70141e+38 1.70141e+38 1.70141e+38 1.70141e+38 1.70141e+38 1.70141e+38 1.70141e+38 1.70141e+38 1.70141e+38 1.70141e+38 1.70141e+38 1.70141e+38 1.70141e+38 1.70141e+38 1.70141e+38 1.70141e+38 1.70141e+38 1.70141e+38 1.70141e+38 1.70141e+38 1.70141e+38 1.70141e+38 1.70141e+38 1.70141e+38 1.70141e+38 1.70141e+38
1.70141e+38 1.70141e+38 1.70141e+38 1.70141e+38 1.70141e+38 1.70141e+38 1.70141e+38 1.70141e+38 1.70141e+38 1.70141e+38 1.70141e+38 1.70141e+38 1.70141e+38 1.70141e+38 1.70141e+38 1.70141e+38 1.70141e+38 1.70141e+38 1.70141e+38 1.70141e+38 1.70141e+38 1.70141e+38 1.70141e+38 1.70141e+38 1.70141e+38 1.70141e+38 1.70141e+38 1.70141e+38 1.70141e+38 1.70141e+38 1.70141e+38 1.70141e+38 1.70141e+38 1.70141e+38 1.70141e+38 1.70141e+38 1.70141e+38 1.70141e+38 1.70141e+38 1.70141e+38 1.70141e+38 1.70141e+38 1.70141e+38 1.70141e+38 1.70141e+38 1.70141e+38 1.70141e+38 1.70141e+38 1.70141e+38 1.70141e+38 1.70141e+38 1.70141e+38 1.70141e+38 1.70141e+38 1.70141e+38 1.70141e+38 1.70141e+38 1.70141e+38 1.70141e+38
1.70141e+38 1.70141e+38 1.70141e+38 1.70141e+38 1.70141e+38 1.70141e+38 1.70141e+38 1.70141e+38 1.70141e+38 1.70141e+38 1.70141e+38 1.70141e+38 1.70141e+38 1.70141e+38 1.70141e+38 1.70141e+38 1.70141e+38 1.70141e+38 1.70141e+38 1.70141e+38 1.70141e+38 1.70141e+38 1.70141e+38 1.70141e+38 1.70141e+38 1.70141e+38 1.70141e+38 1.70141e+38 1.70141e+38 1.70141e+38 1.70141e+38 1.70141e+38 1.70141e+38 1.70141e+38 1.70141e+38 1.70141e+38 1.70141e+38 1.70141e+38 1.70141e+38 1.70141e+38 1.70141e+38 1.70141e+38 1.70141e+38 1.70141e+38 1.70141e+38 1.70141e+38 1.70141e+38 1.70141e+38 1.70141e+38 1.70141e+38 1.70141e+38 1.70141e+38 1.70141e+38 1.70141e+38 1.70141e+38 1.70141e+38 1.70141e+38 1.70141e+38 1.70141e+38
1.70141e+38 1.70141e+38 1.70141e+38 1.70141e+38 1.70141e+38 1.70141e+38 1.70141e+38 1.70141e+38 1.70141e+38 1.70141e+38 1.70141e+38 1.70141e+38 1.70141e+38 1.70141e+38 1.70141e+38 1.70141e+38 1.70141e+38 1.70141e+38 1.70141e+38 1.70141e+38 1.70141e+38 1.70141e+38 1.70141e+38 1.70141e+38 1.70141e+38 1.70141e+38 1.70141e+38 1.70141e+38 1.70141e+38 1.70141e+38 1.70141e+38 1.70141e+38 1.70141e+38 1.70141e+38 1.70141e+38 1.70141e+38 1.70141e+38 1.70141e+38 1.70141e+38 1.70141e+38 1.70141e+38 1.70141e+38 1.70141e+38 1.70141e+38 1.70141e+38 1.70141e+38 1.70141e+38 1.70141e+38 1.70141e+38 1.70141e+38 1.70141e+38 1.70141e+38 1.70141e+38 1.70141e+38 1.70141e+38 1.70141e+38 1.70141e+38 1.70141e+38 1.70141e+38
1.70141e+38 1.70141e+38 1.70141e+38 1.70141e+38 1.70141e+38 1.70141e+38 1.70141e+38 1.70141e+38 1.70141e+38 1.70141e+38 1.70141e+38 1.70141e+38 1.70141e+38 1.70141e+38 1.70141e+38 1.70141e+38 1.70141e+38 1.70141e+38 1.70141e+38 1.70141e+38 1.70141e+38 1.70141e+38 1.70141e+38 1.70141e+38 1.70141e+38 1.70141e+38 1.70141e+38 1.70141e+38 1.70141e+38 1.70141e+38 1.70141e+38 1.70141e+38 1.70141e+38 1.70141e+38 1.70141e+38 1.70141e+38 1.70141e+38 1.70141e+38 1.70141e+38 1.70141e+38 1.70141e+38 1.70141e+38 1.70141e+38 1.70141e+38 1.70141e+38 1.70141e+38 1.70141e+38 1.70141e+38 1.70141e+38 1.70141e+38 1.70141e+38 1.70141e+38 1.70141e+38 1.70141e+38 1.70141e+38 1.70141e+38 1.70141e+38 1.70141e+38 1.70141e+38
1.70141e+38 1.70141e+38 1.70141e+38 1.70141e+38 1.70141e+38 1.70141e+38 1.70141e+38 1.70141e+38 1.70141e+38 1.70141e+38 1.70141e+38 1.70141e+38 1.70141e+38 1.70141e+38 1.70141e+38 1.70141e+38 1.70141e+38 1.70141e+38 1.70141e+38 1.70141e+38 1.70141e+38 1.70141e+38 1.70141e+38 1.70141e+38 1.70141e+38 1.70141e+38 1.70141e+38 1.70141e+38 1.70141e+38 1.70141e+38 1.70141e+38 1.70141e+38 1.70141e+38 1.70141e+38 1.70141e+38 1.70141e+38 1.70141e+38 1.70141e+38 1.70141e+38 1.70141e+38 1.70141e+38 1.70141e+38 1.70141e+38 1.70141e+38 1.70141e+38 1.70141e+38 1.70141e+38 1.70141e+38 1.70141e+38 1.70141e+38 1.70141e+38 1.70141e+38 1.70141e+38 1.70141e+38 1.70141e+38 1.70141e+38 1.70141e+38 1.70141e+38 1.70141e+38
1.70141e+38 1.70141e+38 1.70141e+38 1.70141e+38 1.70141e+38 1.70141e+38 1.70141e+38 1.70141e+38 1.70141e+38 1.70141e+38 1.70141e+38 1.70141e+38 1.70141e+38 1.70141e+38 1.70141e+38 1.70141e+38 1.70141e+38 1.70141e+38 1.70141e+38 1.70141e+38 1.70141e+38 1.70141e+38 1.70141e+38 1.70141e+38 1.70141e+38 1.70141e+38 1.70141e+38 1.70141e+38 1.70141e+38 1.70141e+38 1.70141e+38 1.70141e+38 1.70141e+38 1.70141e+38 1.70141e+38 1.70141e+38 1.70141e+38 1.70141e+38 1.70141e+38 1.70141e+38 1.70141e+38 1.70141e+38 1.70141e+38 1.70141e+38 1.70141e+38 1.70141e+38 1.70141e+38 1.70141e+38 1.70141e+38 1.70141e+38 1.70141e+38 1.70141e+38 1.70141e+38 1.70141e+38 1.70141e+38 1.70141e+38 1.70141e+38 1.70141e+38 1.70141e+38
1.70141e+38 1.70141e+38 1.70141e+38 1.70141e+38 1.70141e+38 1.70141e+38 1.70141e+38 1.70141e+38 1.70141e+38 1.70141e+38 1.70141e+38 1.70141e+38 1.70141e+38 1.70141e+38 1.70141e+38 1.70141e+38 1.70141e+38 1.70141e+38 1.70141e+38 1.70141e+38 1.70141e+38 1.70141e+38 1.70141e+38 1.70141e+38 1.70141e+38 1.70141e+38 1.70141e+38 1.70141e+38 1.70141e+38 1.70141e+38 1.70141e+38 1.70141e+38 1.70141e+38 1.70141e+38 1.70141e+38 1.70141e+38 1.70141e+38 1.70141e+38 1.70141e+38 1.70141e+38 1.70141e+38 1.70141e+38 1.70141e+38 1.70141e+38 1.70141e+38 1.70141e+38 1.70141e+38 1.70141e+38 1.70141e+38 1.70141e+38 1.70141e+38 1.70141e+38 1.70141e+38 1.70141e+38 1.70141e+38 1.70141e+38 1.70141e+38 1.70141e+38 1.70141e+38
1.70141e+38 1.70141e+38 1.70141e+38 1.70141e+38 1.70141e+38 1.70141e+38 1.70141e+38 1.70141e+38 1.70141e+38 1.70141e+38 1.70141e+38 1.70141e+38 1.70141e+38 1.70141e+38 1.70141e+38 1.70141e+38 1.70141e+38 1.70141e+38 1.70141e+38 1.70141e+38 1.70141e+38 1.70141e+38 1.70141e+38 1.70141e+38 1.70141e+38 1.70141e+38 1.70141e+38 1.70141e+38 1.70141e+38 1.70141e+38 1.70141e+38 1.70141e+38 1.70141e+38 1.70141e+38 1.70141e+38 1.70141e+38 1.70141e+38 1.70141e+38 1.70141e+38 1.70141e+38 1.70141e+38 1.70141e+38 1.70141e+38 1.70141e+38 1.70141e+38 1.70141e+38 1.70141e+38 1.70141e+38 1.70141e+38 1.70141e+38 1.70141e+38 1.70141e+38 1.70141e+38 1.70141e+38 1.70141e+38 1.70141e+38 1.70141e+38 1.70141e+38 1.70141e+38
1.70141e+38 1.70141e+38 1.70141e+38 1.70141e+38 1.70141e+38 1.70141e+38 1.70141e+38 1.70141e+38 1.70141e+38 1.70141e+38 1.70141e+38 1.70141e+38 1.70141e+38 1.70141e+38 1.70141e+38 1.70141e+38 1.70141e+38 1.70141e+38 1.70141e+38 1.70141e+38 1.70141e+38 1.70141e+38 1.70141e+38 1.70141e+38 1.70141e+38 1.70141e+38 1.70141e+38 1.70141e+38 1.70141e+38 1.70141e+38 1.70141e+38 1.70141e+38 1.70141e+38 1.70141e+38 1.70141e+38 1.70141e+38 1.70141e+38 1.70141e+38 1.70141e+38 1.70141e+38 1.70141e+38 1.70141e+38 1.70141e+38 1.70141e+38 1.70141e+38 1.70141e+38 1.70141e+38 1.70141e+38 1.70141e+38 1.70141e+38 1.70141e+38 1.70141e+38 1.70141e+38 1.70141e+38 1.70141e+38 1.70141e+38 1.70141e+38 1.70141e+38 1.70141e+38
1.70141e+38 1.70141e+38 1.70141e+38 1.70141e+38 1.70141e+38 1.70141e+38 1.70141e+38 1.70141e+38 1.70141e+38 1.70141e+38 1.70141e+38 1.70141e+38 1.70141e+38 1.70141e+38 1.70141e+38 1.70141e+38 1.70141e+38 1.70141e+38 1.70141e+38 1.70141e+38 1.70141e+38 1.70141e+38 1.70141e+38 1.70141e+38 1.70141e+38 1.70141e+38 1.70141e+38 1.70141e+38 1.70141e+38 1.70141e+38 1.70141e+38 1.70141e+38 1.70141e+38 1.70141e+38 1.70141e+38 1.70141e+38 1.70141e+38 1.70141e+38 1.70141e+38 1.70141e+38 1.70141e+38 1.70141e+38 1.70141e+38 1.70141e+38 1.70141e+38 1.70141e+38 1.70141e+38 1.70141e+38 1.70141e+38 1.70141e+38 1.70141e+38 1.70141e+38 1.70141e+38 1.70141e+38 1.70141e+38 1.70141e+38 1.70141e+38 1.70141e+38 1.70141e+38
1.70141e+38 1.70141e+38 1.70141e+38 1.70141e+38 1.70141e+38 1.70141e+38 1.70141e+38 1.70141e+38 1.70141e+38 1.70141e+38 1.70141e+38 1.70141e+38 1.70141e+38 1.70141e+38 1.70141e+38 1.70141e+38 1.70141e+38 1.70141e+38 1.70141e+38 1.70141e+38 1.70141e+38 1.70141e+38 1.70141e+38 1.70141e+38 1.70141e+38 1.70141e+38 1.70141e+38 1.70141e+38 1.70141e+38 1.70141e+38 1.70141e+38 1.70141e+38 1.70141e+38 1.70141e+38 1.70141e+38 1.70141e+38 1.70141e+38 1.70141e+38 1.70141e+38 1.70141e+38 1.70141e+38 1.70141e+38 1.70141e+38 1.70141e+38 1.70141e+38 1.70141e+38 1.70141e+38 1.70141e+38 1.70141e+38 1.70141e+38 1.70141e+38 1.70141e+38 1.70141e+38 1.70141e+38 1.70141e+38 1.70141e+38 1.70141e+38 1.70141e+38 1.70141e+38
1.70141e+38 1.70141e+38 1.70141e+38 1.70141e+38 1.70141e+38 1.70141e+38 1.70141e+38 1.70141e+38 1.70141e+38 1.70141e+38 1.70141e+38 1.70141e+38 1.70141e+38 1.70141e+38 1.70141e+38 1.70141e+38 1.70141e+38 1.70141e+38 1.70141e+38 1.70141e+38 1.70141e+38 1.70141e+38 1.70141e+38 1.70141e+38 1.70141e+38 1.70141e+38 1.70141e+38 1.70141e+38 1.70141e+38 1.70141e+38 1.70141e+38 1.70141e+38 1.70141e+38 1.70141e+38 1.70141e+38 1.70141e+38 1.70141e+38 1.70141e+38 1.70141e+38 1.70141e+38 1.70141e+38 1.70141e+38 1.70141e+38 1.70141e+38 1.70141e+38 1.70141e+38 1.70141e+38 1.70141e+38 1.70141e+38 1.70141e+38 1.70141e+38 1.70141e+38 1.70141e+38 1.70141e+38 1.70141e+38 1.70141e+38 1.70141e+38 1.70141e+38 1.70141e+38
