Code/Outputs/Output_20260211_114401/2.9_30_1000_topography.grd
DSAA
511 251
-5100000.0 5100000.0
-2500000.0 2500000.0
-2.8078689595645e-08 20000.000008417
[rows 120 to 143 of 251, columns 0 to 54 of 511]
-3.16306e-57 4.28473e-57 -1.49041e-56 1.30404e-57 2.65243e-57 -6.64222e-58 -4.55959e-58 2.42894e-58 8.19562e-59 -7.33567e-59 6.66911e-62 2.03897e-59 -7.9548e-60 -2.96682e-60 1.76773e-60 6.08094e-61 -4.1511e-61 -5.20096e-62 1.4355e-61 -5.03222e-62 -2.05538e-62 1.20767e-62 3.99991e-63 -2.96153e-63 -2.30501e-64 9.48522e-64 -3.43907e-64 -1.36763e-64 8.16652e-65 2.2425e-65 -1.07272e-65 -6.01215e-66 2.30274e-66 1.07922e-66 -1.2072e-66 3.48975e-67 1.6651e-67 -9.74305e-68 -2.96478e-68 2.49786e-68 5.04706e-70 -7.23978e-69 2.75158e-69 1.05256e-69 -6.33737e-70 -1.76738e-70 7.90986e-71 4.76037e-71 -1.76998e-71 -8.29006e-72 9.21289e-72 -2.69684e-72 -1.26196e-72 7.40603e-73 2.26159e-73
-1.94301e-57 2.75297e-57 -7.97108e-57 1.00366e-57 2.20559e-57 -9.84204e-59 -5.9478e-58 4.53249e-59 1.53069e-58 -2.43759e-59 -1.96566e-59 8.55302e-60 1.59008e-60 -2.71312e-60 -1.44313e-61 6.76062e-61 1.3303e-62 -9.46619e-62 1.60913e-62 9.67932e-63 -4.76796e-63 -2.41311e-63 1.58728e-63 4.61033e-64 -1.72606e-64 -7.89943e-65 2.35009e-65 2.48504e-65 -1.03899e-65 -4.71817e-66 1.33557e-66 1.35423e-66 -3.71849e-67 -1.62172e-67 1.03999e-67 9.74945e-69 -3.30018e-68 1.07763e-69 7.75293e-69 -4.22315e-70 -1.14407e-69 3.36596e-70 1.08904e-70 -1.01691e-70 -2.09455e-71 3.03381e-71 -4.03958e-73 -7.31077e-72 8.94429e-73 9.41864e-73 -3.65679e-73 -8.26957e-74 1.14307e-73 1.08646e-74 -2.94035e-74
-2.03136e-57 2.87816e-57 -8.33355e-57 1.0493e-57 2.30508e-57 -1.03912e-58 -6.219e-58 4.65541e-59 1.60458e-58 -2.52784e-59 -2.05454e-59 8.87868e-60 1.66318e-60 -2.81527e-60 -1.51229e-61 7.01151e-61 1.40522e-62 -9.82761e-62 1.66774e-62 1.00565e-62 -4.93337e-63 -2.49848e-63 1.64022e-63 4.77116e-64 -1.78755e-64 -8.15995e-65 2.43491e-65 2.5673e-65 -1.07545e-65 -4.86342e-66 1.39062e-66 1.39286e-66 -3.86457e-67 -1.6732e-67 1.08303e-67 1.03326e-68 -3.44955e-68 1.10854e-69 8.09916e-69 -4.3979e-70 -1.1941e-69 3.50976e-70 1.13652e-70 -1.06062e-70 -2.1951e-71 3.16516e-71 -4.50912e-73 -7.60852e-72 9.40482e-73 9.82843e-73 -3.82643e-73 -8.46514e-74 1.19109e-73 1.13218e-74 -3.07589e-74
-1.34931e-56 1.82779e-56 -5.16904e-56 1.07761e-56 1.35452e-56 -7.2965e-58 -3.79279e-57 2.86853e-58 9.7392e-58 -1.51482e-58 -1.27477e-58 5.42685e-59 1.05081e-59 -1.72705e-59 -9.90706e-61 4.30266e-60 1.05509e-61 -6.03638e-61 9.85556e-62 6.21185e-62 -2.91121e-62 -1.56586e-62 9.85597e-63 3.00285e-63 -1.05645e-63 -5.28139e-64 1.46294e-64 1.65934e-64 -6.60834e-65 -3.20776e-65 8.65533e-66 9.13448e-66 -2.45039e-66 -1.09733e-66 6.92834e-67 6.92151e-68 -2.20602e-67 6.14276e-69 5.1959e-68 -2.62725e-69 -7.63825e-69 2.19883e-69 7.29485e-70 -6.63782e-70 -1.42522e-70 1.99051e-70 -2.18509e-72 -4.78819e-71 5.78257e-72 6.17386e-72 -2.37391e-72 -5.33488e-73 7.38391e-73 7.22712e-74 -1.90918e-73
-3.1739e-57 4.18199e-57 -1.18005e-56 2.45886e-57 3.09531e-57 -1.6765e-58 -8.64948e-58 6.66517e-59 2.21739e-58 -3.48637e-59 -2.90872e-59 1.2504e-59 2.44404e-60 -3.99825e-60 -2.26104e-61 9.93679e-61 2.33248e-62 -1.39487e-61 2.30462e-62 1.43392e-62 -6.79626e-63 -3.59157e-63 2.28675e-63 6.87191e-64 -2.46612e-64 -1.1977e-64 3.39787e-65 3.77096e-65 -1.51564e-65 -7.28316e-66 1.98154e-66 2.07294e-66 -5.59109e-67 -2.49251e-67 1.57631e-67 1.52395e-68 -4.99909e-68 1.48774e-69 1.17709e-68 -6.11932e-70 -1.73314e-69 5.02883e-70 1.65333e-70 -1.51874e-70 -3.21119e-71 4.54168e-71 -5.82605e-73 -1.09138e-71 1.33804e-72 1.40963e-72 -5.4648e-73 -1.21591e-73 1.69992e-73 1.62631e-74 -4.38884e-74
-9.41674e-57 1.36046e-56 -3.94838e-56 4.97895e-57 1.09065e-56 -4.93342e-58 -2.94348e-57 2.20795e-58 7.59313e-58 -1.197e-58 -9.72535e-59 4.20439e-59 7.87315e-60 -1.33315e-59 -7.15212e-61 3.32006e-60 6.63784e-62 -4.65375e-61 7.90167e-62 4.7619e-62 -2.33744e-62 -1.18291e-62 7.76993e-63 2.25879e-63 -8.46914e-64 -3.86188e-64 1.15339e-64 1.21715e-64 -5.06658e-65 -2.32057e-65 6.53526e-66 6.64223e-66 -1.82193e-66 -7.96888e-67 5.11633e-67 4.9493e-68 -1.62952e-67 5.02896e-69 3.82951e-68 -2.03699e-69 -5.64128e-69 1.64799e-69 5.37476e-70 -4.97685e-70 -1.03939e-70 1.48618e-70 -2.02106e-72 -3.57278e-71 4.39893e-72 4.61409e-72 -1.7986e-72 -4.05221e-73 5.62111e-73 5.2999e-74 -1.44531e-73
-9.25117e-57 1.31076e-56 -3.79525e-56 4.7787e-57 1.05014e-56 -4.68608e-58 -2.83192e-57 2.15805e-58 7.28805e-58 -1.1606e-58 -9.35905e-59 4.07233e-59 7.57083e-60 -1.29179e-59 -6.87116e-61 3.21892e-60 6.33395e-62 -4.50712e-61 7.66153e-62 4.60859e-62 -2.27016e-62 -1.14895e-62 7.55747e-63 2.19511e-63 -8.21826e-64 -3.76114e-64 1.11894e-64 1.1832e-64 -4.94692e-65 -2.24645e-65 6.35903e-66 6.44788e-66 -1.77048e-66 -7.72148e-67 4.96276e-67 4.78133e-68 -1.57949e-67 5.12636e-69 3.70282e-68 -2.0298e-69 -5.4707e-69 1.61397e-69 5.20799e-70 -4.8776e-70 -1.00342e-70 1.45572e-70 -1.96816e-72 -3.50662e-71 4.29619e-72 4.51929e-72 -1.75612e-72 -3.96774e-73 5.48922e-73 5.20728e-74 -1.41186e-73
-9.85004e-57 1.29786e-56 -3.66221e-56 7.63092e-57 9.60946e-57 -5.16095e-58 -2.68984e-57 2.0303e-58 6.90829e-58 -1.0738e-58 -9.03962e-59 3.85901e-59 7.60428e-60 -1.23418e-59 -7.15623e-61 3.07002e-60 7.56151e-62 -4.30642e-61 7.02768e-62 4.43214e-62 -2.0747e-62 -1.11786e-62 7.02869e-63 2.14308e-63 -7.5283e-64 -3.77265e-64 1.04281e-64 1.18524e-64 -4.71363e-65 -2.29242e-65 6.17721e-66 6.52647e-66 -1.74966e-66 -7.84098e-67 4.94826e-67 4.94826e-68 -1.57553e-67 4.37217e-69 3.71116e-68 -1.87347e-69 -5.45522e-69 1.56967e-69 5.21035e-70 -4.74101e-70 -1.02149e-70 1.42184e-70 -1.69345e-72 -3.41229e-71 4.16401e-72 4.411e-72 -1.7065e-72 -3.81014e-73 5.3103e-73 5.15767e-74 -1.37333e-73
-1.34397e-56 1.82056e-56 -5.14857e-56 1.07334e-56 1.34869e-56 -7.32656e-58 -3.77001e-57 2.9109e-58 9.66304e-58 -1.52032e-58 -1.26796e-58 5.43574e-59 1.044e-59 -1.72961e-59 -9.67126e-61 4.30505e-60 1.00523e-61 -6.04423e-61 9.99289e-62 6.21261e-62 -2.94857e-62 -1.55515e-62 9.91388e-63 2.97637e-63 -1.06999e-63 -5.18218e-64 1.47373e-64 1.63173e-64 -6.56884e-65 -3.14453e-65 8.6464e-66 8.92781e-66 -2.435e-66 -1.07715e-66 6.87908e-67 6.76092e-68 -2.18774e-67 6.67413e-69 5.13722e-68 -2.73198e-69 -7.57677e-69 2.21493e-69 7.22237e-70 -6.68863e-70 -1.39639e-70 1.99726e-70 -2.72065e-72 -4.80149e-71 5.91283e-72 6.20086e-72 -2.40925e-72 -5.34375e-73 7.49935e-73 7.17057e-74 -1.93736e-73
-1.33576e-56 1.89259e-56 -5.47989e-56 6.89986e-57 1.51575e-56 -6.83291e-58 -4.08943e-57 3.06126e-58 1.05512e-57 -1.66223e-58 -1.351e-58 5.83835e-59 1.09366e-59 -1.85124e-59 -9.94435e-61 4.61055e-60 9.24032e-62 -6.46234e-61 1.09666e-61 6.61282e-62 -3.24404e-62 -1.64292e-62 1.07856e-62 3.13737e-63 -1.17544e-63 -5.36574e-64 1.60113e-64 1.69109e-64 -7.03519e-65 -3.21956e-65 9.14311e-66 9.18909e-66 -2.54623e-66 -1.10641e-66 7.15183e-67 6.85826e-68 -2.27523e-67 7.46521e-69 5.33327e-68 -2.94293e-69 -7.87912e-69 2.32883e-69 7.49722e-70 -7.03813e-70 -1.44257e-70 2.09789e-70 -3.10364e-72 -5.04499e-71 6.25507e-72 6.51574e-72 -2.54052e-72 -5.60803e-73 7.90875e-73 7.4787e-74 -2.04167e-73
-1.30971e-57 1.77416e-57 -6.17129e-57 5.39961e-58 1.09828e-57 -2.75032e-58 -1.88797e-58 1.00574e-58 3.39353e-59 -3.03745e-59 2.76136e-62 8.45021e-60 -3.2856e-60 -1.23567e-60 7.27746e-61 2.53678e-61 -1.71983e-61 -2.14654e-62 5.93898e-62 -2.08241e-62 -8.4788e-63 5.01851e-63 1.64674e-63 -1.22566e-63 -9.59074e-65 3.93031e-64 -1.42469e-64 -5.65309e-65 3.40124e-65 9.29925e-66 -4.36613e-66 -2.51087e-66 9.44846e-67 4.46825e-67 -4.95458e-67 1.44786e-67 6.79169e-68 -3.99771e-68 -1.21315e-68 1.02156e-68 2.07004e-70 -2.96135e-69 1.12522e-69 4.30573e-70 -2.59228e-70 -7.22943e-71 3.23642e-71 1.9471e-71 -7.24137e-72 -3.39069e-72 3.76876e-72 -1.10326e-72 -5.15404e-73 3.03881e-73 9.22021e-74
1.92461e-57 -2.53591e-57 8.80316e-57 -7.68486e-58 -1.56937e-57 3.91397e-58 2.69968e-58 -1.43653e-58 -4.84802e-59 4.34181e-59 -5.07281e-62 -1.20727e-59 4.69545e-60 1.75926e-60 -1.04651e-60 -3.60157e-61 2.46005e-61 3.07696e-62 -8.50434e-62 2.98183e-62 1.21769e-62 -7.15484e-63 -2.36993e-63 1.75442e-63 1.36689e-64 -5.61981e-64 2.03746e-64 8.10284e-65 -4.83845e-65 -1.32858e-65 6.35581e-66 3.56196e-66 -1.3643e-66 -6.3941e-67 7.15237e-67 -2.06759e-67 -9.88444e-68 5.75174e-68 1.76377e-68 -1.47897e-68 -2.96781e-70 4.28378e-69 -1.62823e-69 -6.24616e-70 3.72783e-70 1.05353e-70 -4.68725e-71 -2.82442e-71 1.05497e-71 4.89961e-72 -5.48472e-72 1.58665e-72 7.55506e-73 -4.40512e-73 -1.35009e-73
-4.13161e-57 5.96904e-57 -2.12801e-56 5.08394e-58 3.95169e-57 -9.38682e-58 -6.67647e-58 3.55107e-58 1.17484e-58 -1.07457e-58 1.15839e-60 2.93234e-59 -1.1514e-59 -4.28099e-60 2.54844e-60 8.80596e-61 -5.97128e-61 -7.71548e-62 2.07744e-61 -7.26396e-62 -2.96554e-62 1.75449e-62 5.75037e-63 -4.29012e-63 -3.30018e-64 1.37264e-63 -4.98063e-64 -1.98016e-64 1.18216e-64 3.27166e-65 -1.52683e-65 -8.79617e-66 3.32327e-66 1.5592e-66 -1.74085e-66 5.02773e-67 2.40325e-67 -1.39919e-67 -4.28821e-68 3.59656e-68 7.24717e-70 -1.04194e-68 3.96e-69 1.51446e-69 -9.11987e-70 -2.54313e-70 1.13793e-70 6.8503e-71 -2.5463e-71 -1.19307e-71 1.32936e-71 -3.83897e-72 -1.8272e-72 1.07127e-72 3.25543e-73
3.46953e-58 -4.91585e-58 1.74882e-57 -4.13369e-59 -3.24929e-58 7.73797e-59 5.46525e-59 -2.94143e-59 -9.58106e-60 8.84313e-60 -9.42373e-62 -2.41355e-60 9.50576e-61 3.5207e-61 -2.09834e-61 -7.24899e-62 4.91331e-62 6.35026e-63 -1.70942e-62 5.97671e-63 2.44016e-63 -1.44367e-63 -4.73151e-64 3.53017e-64 2.71482e-65 -1.12945e-64 4.09829e-65 1.62934e-65 -9.72722e-66 -2.69205e-66 1.25631e-66 7.23783e-67 -2.73451e-67 -1.28296e-67 1.43243e-67 -4.13699e-68 -1.97363e-68 1.15548e-68 3.51399e-69 -2.96128e-69 -6.00798e-71 8.58471e-70 -3.26247e-70 -1.2521e-70 7.47128e-71 2.09646e-71 -9.56302e-72 -5.60346e-72 2.12273e-72 9.83635e-73 -1.10078e-72 3.23069e-73 1.50739e-73 -8.88327e-74 -2.69887e-74
-6.39911e-58 8.43158e-58 -2.92696e-57 2.55516e-58 5.21799e-58 -1.30136e-58 -8.97614e-59 4.77633e-59 1.61192e-59 -1.44361e-59 1.68613e-62 4.01049e-60 -1.56508e-60 -5.83568e-61 3.4772e-61 1.19628e-61 -8.16447e-62 -1.02399e-62 2.82394e-62 -9.89859e-63 -4.03336e-63 2.38649e-63 7.8307e-64 -5.83095e-64 -4.54394e-65 1.86876e-64 -6.77569e-65 -2.6954e-65 1.60917e-65 4.45189e-66 -2.07922e-66 -1.19699e-66 4.52318e-67 2.12252e-67 -2.36309e-67 6.91575e-68 3.24506e-68 -1.90154e-68 -5.81085e-69 4.86885e-69 1.00412e-70 -1.41187e-69 5.36274e-70 2.0587e-70 -1.22857e-70 -3.4466e-71 1.57268e-71 9.21249e-72 -3.48984e-72 -1.6175e-72 1.80994e-72 -5.31179e-73 -2.4826e-73 1.45621e-73 4.45284e-74
-3.19201e-58 4.1172e-57 -9.46591e-57 2.53734e-58 1.79557e-57 -4.9552e-58 -2.92935e-58 1.61503e-58 5.36944e-59 -4.5912e-59 -1.04969e-60 1.33675e-59 -5.08948e-60 -1.93977e-60 1.15262e-60 3.9261e-61 -2.73352e-61 -3.11844e-62 9.28868e-62 -3.28122e-62 -1.33211e-62 7.82859e-63 2.60253e-63 -1.91513e-63 -1.55074e-64 6.16586e-64 -2.2303e-64 -8.88552e-65 5.30589e-65 1.45542e-65 -6.9787e-66 -3.90255e-66 1.49561e-66 7.01305e-67 -7.8437e-67 2.26725e-67 1.082e-67 -6.33067e-68 -1.92641e-68 1.62318e-68 3.26951e-70 -4.70405e-69 1.78794e-69 6.83906e-70 -4.11775e-70 -1.14048e-70 5.22521e-71 3.0633e-71 -1.154e-71 -5.3957e-72 6.00928e-72 -1.76063e-72 -8.24024e-73 4.83323e-73 1.47684e-73
1.79191e-57 -2.33963e-56 5.37076e-56 -1.42682e-57 -1.01987e-56 2.81237e-57 1.66373e-57 -9.17212e-58 -3.04868e-58 2.60798e-58 5.90805e-60 -7.59803e-59 2.882e-59 1.10444e-59 -6.55016e-60 -2.23221e-60 1.55535e-60 1.76995e-61 -5.28283e-61 1.86664e-61 7.5764e-62 -4.45261e-62 -1.48038e-62 1.08915e-62 8.83067e-64 -3.50718e-63 1.26851e-63 5.05404e-64 -3.01797e-64 -8.33916e-65 3.90327e-65 2.24274e-65 -8.47646e-66 -3.98192e-66 4.44364e-66 -1.28309e-66 -6.1352e-67 3.57163e-67 1.09457e-67 -9.18209e-68 -1.8399e-69 2.65954e-68 -1.01088e-68 -3.87802e-69 2.31443e-69 6.49418e-70 -2.96102e-70 -1.7359e-70 6.57346e-71 3.04731e-71 -3.40936e-71 1.00054e-71 4.66857e-72 -2.75128e-72 -8.35848e-73
-1.27971e-58 4.42475e-57 -9.9071e-57 9.29394e-58 1.80909e-57 -5.3168e-58 -3.00883e-58 1.64475e-58 5.68191e-59 -4.67196e-59 -1.71372e-60 1.3938e-59 -5.24129e-60 -2.01651e-60 1.19766e-60 4.05719e-61 -2.85117e-61 -3.10939e-62 9.61223e-62 -3.40733e-62 -1.37959e-62 8.10813e-63 2.70005e-63 -1.9814e-63 -1.63253e-64 6.39418e-64 -2.31044e-64 -9.1872e-65 5.52853e-65 1.50931e-65 -7.10687e-66 -4.07638e-66 1.53453e-66 7.26577e-67 -8.07531e-67 2.32813e-67 1.1148e-67 -6.489e-68 -1.98744e-68 1.66901e-68 3.26264e-70 -4.82983e-69 1.83661e-69 7.04333e-70 -4.2035e-70 -1.18822e-70 5.28413e-71 3.18539e-71 -1.18971e-71 -5.52454e-72 6.18463e-72 -1.78917e-72 -8.519e-73 4.96724e-73 1.52238e-73
1.59392e-58 -5.51109e-57 1.23394e-56 -1.15757e-57 -2.25459e-57 6.6075e-58 3.73721e-58 -2.06626e-58 -7.023e-59 5.83234e-59 2.14894e-60 -1.74192e-59 6.55036e-60 2.52156e-60 -1.49707e-60 -5.07203e-61 3.56528e-61 3.87889e-62 -1.20144e-61 4.25965e-62 1.71999e-62 -1.01827e-62 -3.3586e-63 2.47868e-63 2.04764e-64 -8.0059e-64 2.89262e-64 1.15069e-64 -6.92284e-65 -1.89019e-65 8.90358e-66 5.10452e-66 -1.92244e-66 -9.0973e-67 1.0086e-66 -2.94704e-67 -1.38502e-67 8.11432e-68 2.47811e-68 -2.07885e-68 -4.17134e-70 6.02202e-69 -2.28849e-69 -8.75399e-70 5.27119e-70 1.45986e-70 -6.68839e-71 -3.92118e-71 1.47707e-71 6.9069e-72 -7.7136e-72 2.22994e-72 1.06134e-72 -6.21936e-73 -1.89118e-73
9.96096e-59 -3.55871e-57 7.97832e-57 -7.49729e-58 -1.45641e-57 4.27101e-58 2.42446e-58 -1.32386e-58 -4.57647e-59 3.76224e-59 1.38326e-60 -1.12382e-59 4.20741e-60 1.62884e-60 -9.65389e-61 -3.2717e-61 2.30153e-61 2.50055e-62 -7.75417e-62 2.74966e-62 1.11296e-62 -6.54125e-63 -2.17861e-63 1.59829e-63 1.3192e-64 -5.15908e-64 1.86395e-64 7.41242e-65 -4.46052e-65 -1.20904e-65 5.82819e-66 3.25617e-66 -1.24238e-66 -5.87225e-67 6.54057e-67 -1.88759e-67 -9.03855e-68 5.25853e-68 1.61153e-68 -1.35292e-68 -2.64017e-70 3.91467e-69 -1.48866e-69 -5.69042e-70 3.42682e-70 9.4921e-71 -4.34552e-71 -2.54971e-71 9.60054e-72 4.49052e-72 -4.99997e-72 1.46482e-72 6.84471e-73 -4.03343e-73 -1.2245e-73
2.17998e-59 -2.84647e-58 6.53422e-58 -1.73593e-59 -1.24007e-58 3.42969e-59 2.02131e-59 -1.11542e-59 -3.70662e-60 3.16984e-60 7.20737e-62 -9.23638e-61 3.50308e-61 1.34708e-61 -7.91354e-62 -2.73036e-62 1.88854e-62 2.14558e-63 -6.40849e-63 2.26436e-63 9.18661e-64 -5.4005e-64 -1.79537e-64 1.32063e-64 1.07319e-65 -4.25398e-65 1.5384e-65 6.13014e-66 -3.66052e-66 -1.01141e-66 4.73479e-67 2.72009e-67 -1.02812e-67 -4.82971e-68 5.3748e-68 -1.57267e-68 -7.36962e-69 4.338e-69 1.31713e-69 -1.10816e-69 -2.28747e-71 3.21463e-70 -1.22106e-70 -4.68848e-71 2.79754e-71 7.8489e-72 -3.58208e-72 -2.09781e-72 7.94897e-73 3.6829e-73 -4.12191e-73 1.20978e-73 5.65393e-74 -3.31639e-74 -1.01413e-74
1.59345e-59 -9.15807e-59 2.10551e-58 -5.64852e-60 -3.9937e-59 1.10211e-59 6.51524e-60 -3.59218e-60 -1.19423e-60 1.02116e-60 2.33521e-62 -2.97622e-61 1.12868e-61 4.32607e-62 -2.56563e-62 -8.7426e-63 6.09261e-63 6.9279e-64 -2.0691e-63 7.31141e-64 2.95995e-64 -1.7521e-64 -5.77011e-65 4.26953e-65 3.46842e-66 -1.37589e-65 4.97629e-66 1.98341e-66 -1.18412e-66 -3.27231e-67 1.53216e-67 8.79968e-68 -3.32728e-68 -1.56216e-68 1.739e-68 -5.08881e-69 -2.38832e-69 1.39939e-69 4.27637e-70 -3.5835e-70 -7.3666e-72 1.03901e-70 -3.94674e-71 -1.51023e-71 9.09371e-72 2.53553e-72 -1.1352e-72 -6.82954e-73 2.5394e-73 1.18957e-73 -1.32566e-73 3.82845e-74 1.82218e-74 -1.06831e-74 -3.24652e-75
6.86228e-60 -6.88254e-59 1.506e-58 -1.42352e-59 -2.74025e-59 7.99001e-60 4.56355e-60 -2.49103e-60 -8.60379e-61 7.0934e-61 2.53232e-62 -2.11485e-61 7.92604e-62 3.07583e-62 -1.80624e-62 -6.19899e-63 4.32563e-63 4.71185e-64 -1.45709e-63 5.1652e-64 2.08495e-64 -1.23469e-64 -4.07166e-65 3.00476e-65 2.48559e-66 -9.70708e-66 3.50696e-66 1.3952e-66 -8.39378e-67 -2.27548e-67 1.09728e-67 6.12756e-68 -2.33905e-68 -1.10491e-68 1.22768e-68 -3.59044e-69 -1.68769e-69 9.88203e-70 3.01986e-70 -2.53254e-70 -5.07251e-72 7.33543e-71 -2.78773e-71 -1.06969e-71 6.3837e-72 1.79127e-72 -8.16867e-73 -4.78785e-73 1.81336e-73 8.40448e-74 -9.40418e-74 2.75995e-74 1.28777e-74 -7.58908e-75 -2.30563e-75
-2.10835e-61 1.23074e-60 -2.92219e-60 1.48233e-61 6.2812e-61 -1.60369e-61 -1.07093e-61 5.0336e-62 1.50537e-62 -1.51306e-62 8.57306e-65 4.57995e-63 -1.81975e-63 -9.09394e-64 3.82063e-64 1.15089e-64 -1.04499e-64 -8.09269e-66 3.59748e-65 -1.39238e-65 -7.34741e-66 3.05585e-66 9.16587e-67 -8.64353e-67 -4.14901e-68 2.84669e-67 -1.11088e-67 -5.76637e-68 2.44783e-68 8.77288e-69 -2.8867e-69 -1.38096e-69 6.24766e-70 3.21677e-70 -3.74802e-70 1.30193e-70 8.05713e-71 -3.33756e-71 -9.5592e-72 1.01139e-71 -1.75944e-73 -2.98332e-72 1.19086e-72 5.92343e-73 -2.51349e-73 -9.06268e-74 2.77966e-74 1.44903e-74 -6.09028e-75 -3.36734e-75 3.81905e-75 -1.31789e-75 -8.20369e-76 3.40115e-76 9.70606e-77
