Code/Outputs/Output_20260211_114401/2.9_30_1000_topography.grd
DSAA
511 251
-5100000.0 5100000.0
-2500000.0 2500000.0
-2.8078689595645e-08 20000.000008417
[rows 120 to 143 of 251, columns 330 to 384 of 511]
-2.70337e-51 2.8591e-51 6.43142e-52 -8.20334e-52 2.68645e-52 6.40882e-53 -2.76036e-53 -6.10318e-53 3.25324e-53 2.51566e-54 5.16851e-55 -1.92601e-54 7.59773e-55 -6.47851e-56 1.00344e-55 -2.44034e-55 8.34451e-56 2.5072e-56 5.06552e-57 -1.11041e-56 4.39253e-57 1.8508e-58 -2.21259e-59 -1.09177e-57 4.82439e-58 7.8329e-59 1.5848e-59 -4.20826e-59 1.7925e-59 4.43747e-61 4.20418e-60 -2.31156e-60 -2.81524e-61 -3.99608e-62 1.84119e-61 -8.05526e-62 7.7704e-63 -6.20557e-63 2.19049e-62 -8.22039e-63 -2.0684e-63 -4.05694e-64 9.61289e-64 -3.71572e-64 -7.00425e-66 -1.39068e-65 1.01049e-64 -4.08485e-65 -8.39715e-66 -1.70146e-66 4.151e-66 -1.70318e-66 -2.58338e-68 -1.86698e-69 4.24895e-67
4.12739e-52 -1.0014e-52 -4.93252e-53 1.22686e-53 7.27734e-54 -3.97749e-54 -1.38216e-54 5.72409e-55 1.95824e-55 -6.97194e-56 -4.42767e-56 4.0232e-56 3.10792e-57 -9.07632e-57 -1.68245e-57 2.25218e-57 8.75958e-59 -4.05955e-58 -5.34407e-60 1.20686e-58 -1.34693e-59 -2.43206e-59 2.10427e-60 5.15729e-60 -5.23525e-61 -9.61693e-61 2.03319e-61 1.74007e-61 -8.29915e-62 -4.48357e-62 1.87572e-62 3.48422e-63 -2.84945e-63 -1.15467e-63 1.55697e-63 2.33166e-65 -3.29636e-64 -4.34376e-65 8.4509e-65 -2.54026e-67 -1.56082e-65 6.31511e-67 4.22721e-66 -8.47024e-67 -8.97386e-67 2.32312e-67 1.79473e-67 -5.27452e-68 -3.46221e-68 1.38267e-68 4.64453e-69 -4.51946e-69 -1.033e-69 1.54138e-69 1.08027e-70
1.32466e-52 -3.13739e-53 -1.58286e-53 3.78181e-54 2.35602e-54 -1.24423e-54 -4.46958e-55 1.76926e-55 6.39071e-56 -2.11016e-56 -1.45004e-56 1.26461e-56 1.08858e-57 -2.88196e-57 -5.64561e-58 7.15358e-58 3.32417e-59 -1.28496e-58 -2.92859e-60 3.86828e-59 -3.90513e-60 -7.69272e-60 5.26681e-61 1.65152e-60 -1.41407e-61 -3.07814e-61 5.93565e-62 5.75204e-62 -2.50918e-62 -1.45983e-62 5.61607e-63 1.22954e-63 -8.33905e-64 -3.91141e-64 4.79151e-64 1.42588e-65 -1.02812e-64 -1.56128e-65 2.63964e-65 2.8087e-67 -4.84957e-66 1.13932e-67 1.34306e-66 -2.52923e-67 -2.91119e-67 6.67813e-68 5.86563e-68 -1.56618e-68 -1.12293e-68 4.13821e-69 1.64943e-69 -1.3801e-69 -3.58569e-70 4.59818e-70 4.43377e-71
7.28809e-52 -1.772e-52 -8.71487e-53 2.17467e-53 1.28514e-53 -7.041e-54 -2.44089e-54 1.01423e-54 3.45727e-55 -1.2372e-55 -7.81183e-56 7.11795e-56 5.44885e-57 -1.60566e-56 -2.95905e-57 3.9822e-57 1.52305e-58 -7.17882e-58 -8.83836e-60 2.12866e-58 -2.44016e-59 -4.28791e-59 3.88809e-60 9.11694e-60 -9.64356e-61 -1.70345e-60 3.67014e-61 3.06395e-61 -1.47816e-61 -7.7665e-62 3.32385e-62 5.84459e-63 -5.05354e-63 -1.96501e-63 2.73044e-63 2.53946e-65 -5.81421e-64 -7.22469e-65 1.4838e-64 -1.07386e-66 -2.7408e-65 1.25436e-66 7.37546e-66 -1.52423e-66 -1.58215e-66 4.20078e-67 3.13728e-67 -9.42367e-68 -6.04479e-68 2.46748e-68 7.94335e-69 -7.96453e-69 -1.79429e-69 2.69869e-69 1.83612e-70
7.05532e-52 -1.53902e-52 -8.41279e-53 1.74357e-53 1.29535e-53 -5.96552e-54 -2.49305e-54 8.22064e-55 3.65268e-55 -9.09227e-56 -8.43503e-56 6.38132e-56 8.03472e-57 -1.45806e-56 -3.69113e-57 3.70647e-57 2.98526e-58 -6.61327e-58 -4.49891e-59 2.10293e-58 -1.39233e-59 -4.21288e-59 1.26627e-61 9.24192e-60 -2.53533e-61 -1.6994e-60 2.16611e-61 3.53099e-61 -1.13598e-61 -9.11493e-62 2.5082e-62 9.8131e-63 -3.38965e-63 -2.79962e-63 2.45852e-63 2.40548e-64 -5.42611e-64 -1.32141e-64 1.42098e-64 9.73827e-66 -2.56633e-65 -1.30679e-66 7.78804e-66 -1.0282e-66 -1.69951e-66 2.47751e-67 3.55479e-67 -6.89105e-68 -6.70344e-68 1.89531e-68 1.2097e-68 -6.87765e-69 -2.57481e-69 2.2327e-69 3.89644e-70
7.17784e-52 -1.54861e-52 -8.55652e-53 1.73875e-53 1.31338e-53 -6.11877e-54 -2.51891e-54 8.34024e-55 3.7081e-55 -9.10771e-56 -8.54778e-56 6.44222e-56 8.10384e-57 -1.48297e-56 -3.73406e-57 3.75855e-57 3.02432e-58 -6.69785e-58 -4.55186e-59 2.13439e-58 -1.35755e-59 -4.2938e-59 -2.6412e-61 9.42184e-60 -1.875e-61 -1.72934e-60 2.02919e-61 3.66743e-61 -1.11526e-61 -9.45186e-62 2.43937e-62 1.05382e-62 -3.21077e-63 -2.96177e-63 2.4598e-63 2.77089e-64 -5.42386e-64 -1.43587e-64 1.43178e-64 1.15242e-65 -2.58005e-65 -1.72306e-66 7.97541e-66 -9.69721e-67 -1.74113e-66 2.36036e-67 3.64978e-67 -6.75808e-68 -6.85989e-68 1.87919e-68 1.25758e-68 -6.89909e-69 -2.67369e-69 2.23151e-69 4.10478e-70
7.68693e-52 -1.82238e-52 -9.18538e-53 2.19813e-53 1.36675e-53 -7.22729e-54 -2.59252e-54 1.02812e-54 3.70559e-55 -1.22718e-55 -8.40642e-56 7.34311e-56 6.29144e-57 -1.67368e-56 -3.27485e-57 4.15432e-57 1.9239e-58 -7.463e-58 -1.69042e-59 2.24652e-58 -2.30998e-59 -4.54059e-59 2.9049e-60 9.72594e-60 -7.98904e-61 -1.80853e-60 3.38931e-61 3.43611e-61 -1.45139e-61 -8.70033e-62 3.22499e-62 7.61904e-63 -4.73609e-63 -2.37736e-63 2.78657e-63 1.07481e-64 -5.95967e-64 -9.8928e-65 1.54084e-64 2.8825e-66 -2.82857e-65 3.63336e-67 7.94249e-66 -1.42817e-66 -1.72629e-66 3.73374e-67 3.49608e-67 -8.91967e-68 -6.67418e-68 2.36942e-68 1.01846e-68 -7.94385e-69 -2.20474e-69 2.63548e-69 2.82999e-70
1.40776e-52 -3.37511e-53 -1.68275e-53 4.10254e-54 2.49412e-54 -1.3404e-54 -4.74693e-55 1.91997e-55 6.75773e-56 -2.31679e-56 -1.53132e-56 1.36233e-56 1.12252e-57 -3.07681e-57 -5.91227e-58 7.6524e-58 3.30448e-59 -1.37777e-58 -2.574e-60 4.12492e-59 -4.39227e-60 -8.34157e-60 5.88674e-61 1.78233e-60 -1.57016e-61 -3.31819e-61 6.43953e-62 6.23386e-62 -2.72937e-62 -1.60261e-62 6.11043e-63 1.37549e-63 -9.07406e-64 -4.33969e-64 5.23845e-64 1.68542e-65 -1.12642e-64 -1.75089e-65 2.89246e-65 3.78951e-67 -5.31006e-66 1.07795e-67 1.47692e-66 -2.74323e-67 -3.20386e-67 7.22097e-68 6.46604e-68 -1.70296e-68 -1.23683e-68 4.50656e-69 1.84308e-69 -1.50353e-69 -4.06764e-70 5.0069e-70 5.04485e-71
4.4914e-52 -1.07943e-52 -5.36896e-53 1.31431e-53 8.00855e-54 -4.20628e-54 -1.53174e-54 6.0677e-55 2.17545e-55 -7.35076e-56 -4.9481e-56 4.35565e-56 3.65082e-57 -9.92534e-57 -1.91234e-57 2.45928e-57 1.10068e-58 -4.41906e-58 -9.02658e-60 1.32597e-58 -1.36773e-59 -2.64841e-59 1.73992e-60 5.70212e-60 -4.80995e-61 -1.06369e-60 2.01018e-61 2.01463e-61 -8.59071e-62 -5.09923e-62 1.90733e-62 4.43306e-63 -2.80528e-63 -1.38795e-63 1.64215e-63 6.05854e-65 -3.50958e-64 -5.74603e-65 9.06985e-65 1.56364e-66 -1.66573e-65 2.44715e-67 4.66641e-66 -8.45813e-67 -1.01374e-66 2.21498e-67 2.05131e-67 -5.27425e-68 -3.91792e-68 1.39978e-68 5.9444e-69 -4.69832e-69 -1.30816e-69 1.56017e-69 1.66086e-70
2.9331e-53 -6.3979e-54 -3.49745e-54 7.24785e-55 5.35015e-55 -2.52897e-55 -1.02489e-55 3.46539e-56 1.50406e-56 -3.82858e-57 -3.46133e-57 2.65139e-57 3.21043e-58 -6.09616e-58 -1.49493e-58 1.54131e-58 1.17976e-59 -2.74918e-59 -1.72405e-60 8.68892e-60 -5.97936e-61 -1.72034e-60 1.38031e-62 3.78988e-61 -1.24271e-62 -6.9958e-62 9.29001e-63 1.4422e-62 -4.72576e-63 -3.66673e-63 1.03752e-63 3.86959e-64 -1.40785e-64 -1.11192e-64 1.00157e-64 9.31059e-66 -2.18918e-65 -5.23903e-66 5.75226e-66 3.71755e-67 -1.04164e-66 -4.79693e-68 3.14296e-67 -4.25091e-68 -6.85077e-68 1.03213e-68 1.43032e-68 -2.83135e-69 -2.69995e-69 7.76447e-70 4.82126e-70 -2.7897e-70 -1.02029e-70 8.95586e-71 1.55878e-71
8.42232e-51 -8.71579e-51 -1.96173e-51 2.49356e-51 -8.23644e-52 -2.06946e-52 8.61837e-53 1.85628e-52 -9.93391e-53 -7.48619e-54 -1.546e-54 5.81454e-54 -2.29285e-54 2.06251e-55 -2.97791e-55 7.37453e-55 -2.5345e-55 -7.58501e-56 -1.50957e-56 3.3448e-56 -1.33175e-56 -5.45034e-58 8.59388e-59 3.28732e-57 -1.45769e-57 -2.34488e-58 -4.74084e-59 1.26756e-58 -5.35255e-59 -1.34544e-60 -1.26843e-59 6.96766e-60 8.48608e-61 1.20859e-61 -5.54831e-61 2.42594e-61 -2.26648e-62 1.97303e-62 -6.62093e-62 2.4616e-62 6.27249e-63 1.25428e-63 -2.91998e-63 1.12779e-63 2.48245e-65 3.97035e-65 -3.0585e-64 1.24172e-64 2.52435e-65 5.11631e-66 -1.25247e-65 5.14442e-66 7.43117e-68 7.27607e-69 -1.28376e-66
-2.94754e-52 3.10927e-52 6.99467e-53 -8.91812e-53 2.91999e-53 6.97249e-54 -3.00348e-54 -6.63305e-54 3.53641e-54 2.73155e-55 5.61253e-56 -2.09263e-55 8.19135e-56 -8.11129e-57 1.06766e-56 -2.6403e-56 9.07963e-57 2.71715e-57 5.40226e-58 -1.19836e-57 4.81227e-58 2.4379e-59 -3.87977e-60 -1.18033e-58 5.2475e-59 8.36045e-60 1.69314e-60 -4.53539e-60 1.91564e-60 4.72577e-62 4.54979e-61 -2.49599e-61 -3.05064e-62 -4.35462e-63 1.99103e-62 -8.7022e-63 8.33033e-64 -6.6869e-64 2.3671e-63 -8.8867e-64 -2.23376e-64 -4.38174e-65 1.03844e-64 -4.01387e-65 -6.54847e-67 -1.35012e-66 1.08863e-65 -4.43545e-66 -9.01363e-67 -1.79096e-67 4.43997e-67 -1.85987e-67 -4.65499e-69 -2.64792e-70 4.57623e-68
1.84369e-50 -1.91798e-50 -4.31648e-51 5.4913e-51 -1.7962e-51 -4.31065e-52 1.85812e-52 4.07787e-52 -2.17658e-52 -1.67088e-53 -3.43471e-54 1.28453e-53 -5.0678e-54 4.49585e-55 -6.50185e-55 1.62488e-54 -5.59843e-55 -1.66701e-55 -3.31733e-56 7.36037e-56 -2.93226e-56 -1.11856e-57 2.97691e-58 7.21543e-57 -3.22525e-57 -5.12149e-58 -1.00986e-58 2.76424e-58 -1.17577e-58 -2.64501e-60 -2.76798e-59 1.51477e-59 1.87269e-60 2.67574e-61 -1.216e-60 5.27719e-61 -5.52897e-62 4.11502e-62 -1.4407e-61 5.40342e-62 1.36302e-62 2.67079e-63 -6.33093e-63 2.42805e-63 2.00786e-65 9.5158e-65 -6.63952e-64 2.67796e-64 5.54567e-65 1.12207e-65 -2.73091e-65 1.13666e-65 3.06251e-67 2.52181e-68 -2.81109e-66
-7.43607e-51 7.69505e-51 1.73198e-51 -2.20153e-51 7.19818e-52 1.74416e-52 -7.25737e-53 -1.63799e-52 8.69443e-53 6.76201e-54 1.43695e-54 -5.19061e-54 2.04582e-54 -1.73117e-55 2.56385e-55 -6.53645e-55 2.26368e-55 6.6685e-56 1.32724e-56 -2.95232e-56 1.17738e-56 4.70175e-58 -7.15533e-59 -2.90666e-57 1.28801e-57 2.07656e-58 4.19766e-59 -1.11879e-58 4.80691e-59 1.68902e-60 1.10881e-59 -6.22677e-60 -7.31263e-61 -9.02429e-62 4.78433e-61 -2.10322e-61 2.25464e-62 -1.76278e-62 5.76207e-62 -2.13342e-62 -5.53557e-63 -1.08529e-63 2.54983e-63 -9.76912e-64 -8.11671e-66 -3.25585e-65 2.65491e-64 -1.08352e-64 -2.19604e-65 -4.35728e-66 1.08468e-65 -4.51691e-66 -1.03265e-67 7.07804e-69 1.11325e-66
1.23198e-50 -1.30856e-50 -2.94315e-51 3.75658e-51 -1.24313e-51 -3.11772e-52 1.25196e-52 2.81181e-52 -1.49262e-52 -1.15575e-53 -2.46459e-54 8.89153e-54 -3.47497e-54 3.21957e-55 -4.6098e-55 1.12151e-54 -3.83811e-55 -1.15222e-55 -2.32636e-56 5.10477e-56 -2.0204e-56 -8.46817e-58 1.02706e-58 5.01946e-57 -2.21836e-57 -3.60053e-58 -7.28432e-59 1.93946e-58 -8.23962e-59 -3.0774e-60 -1.91721e-59 1.07955e-59 1.25295e-60 1.54105e-61 -8.24286e-61 3.62463e-61 -3.92033e-62 3.06773e-62 -9.94517e-62 3.67644e-62 9.57229e-63 1.87681e-63 -4.4049e-63 1.70132e-63 3.26012e-65 5.30783e-65 -4.59344e-64 1.88033e-64 3.77536e-65 7.50125e-66 -1.87025e-65 7.73108e-66 1.17769e-67 3.26049e-68 -1.92382e-66
-7.55384e-52 7.81693e-52 1.75942e-52 -2.23639e-52 7.38699e-53 1.85604e-53 -7.72958e-54 -1.66484e-53 8.9094e-54 6.71407e-55 1.38655e-55 -5.21486e-55 2.04048e-55 -2.05724e-56 2.70237e-56 -6.60314e-56 2.26319e-56 6.81835e-57 1.35579e-57 -3.00339e-57 1.19352e-57 4.64217e-59 -1.22976e-59 -2.93934e-58 1.31413e-58 2.08515e-59 4.1118e-60 -1.1257e-59 4.78827e-60 1.07566e-61 1.12743e-60 -6.16927e-61 -7.62879e-62 -1.0902e-62 4.95306e-62 -2.16461e-62 2.05364e-63 -1.64567e-63 5.8784e-63 -2.21037e-63 -5.53658e-64 -1.08598e-64 2.57651e-64 -9.96008e-65 -1.59405e-66 -3.3748e-66 2.70251e-65 -1.10057e-65 -2.23928e-66 -4.44932e-67 1.10444e-66 -4.55924e-67 -6.20862e-69 2.21289e-71 1.13067e-67
2.06692e-52 -2.15436e-52 -4.84881e-53 6.17028e-53 -2.01879e-53 -4.87692e-54 2.02888e-54 4.59486e-54 -2.4375e-54 -1.90188e-55 -4.04024e-56 1.45726e-55 -5.74339e-56 4.68422e-57 -7.43175e-57 1.83923e-56 -6.31839e-57 -1.88017e-57 -3.79937e-58 8.34745e-58 -3.30472e-58 -1.37351e-59 1.58028e-60 8.21587e-59 -3.62873e-59 -5.90056e-60 -1.19375e-60 3.16834e-60 -1.35929e-60 -4.90483e-62 -3.13287e-61 1.76283e-61 2.05701e-62 2.52786e-63 -1.35002e-62 5.93767e-63 -6.24107e-64 5.26017e-64 -1.6328e-63 5.98339e-64 1.57538e-64 3.14816e-65 -7.26528e-65 2.80415e-65 6.90242e-67 9.23895e-67 -7.57291e-66 3.08794e-66 6.20783e-67 1.25836e-67 -3.09154e-67 1.28096e-67 3.00872e-69 2.60677e-71 -3.17966e-68
1.30518e-52 -1.37261e-52 -3.08754e-53 3.9348e-53 -1.30102e-53 -3.2517e-54 1.35265e-54 2.93441e-54 -1.56828e-54 -1.19046e-55 -2.45718e-56 9.20806e-56 -3.60253e-56 3.60879e-57 -4.74978e-57 1.16468e-56 -3.9957e-57 -1.20144e-57 -2.38897e-58 5.29477e-58 -2.12122e-58 -1.08644e-59 1.6824e-60 5.21062e-59 -2.31558e-59 -3.69268e-60 -7.48047e-61 1.99742e-60 -8.52227e-61 -1.99634e-62 -2.00491e-61 1.09889e-61 1.35081e-62 1.92659e-63 -8.79419e-63 3.84432e-63 -3.66857e-64 2.93855e-64 -1.04469e-63 3.92505e-64 9.84942e-65 1.93194e-65 -4.58111e-65 1.75646e-65 9.82897e-68 6.26351e-67 -4.79401e-66 1.94781e-66 3.993e-67 7.92302e-68 -1.96487e-67 8.11092e-68 1.12497e-69 -3.04958e-71 -2.00963e-68
2.7835e-52 -2.92116e-52 -6.57326e-53 8.37387e-53 -2.74107e-53 -6.60571e-54 2.74681e-54 6.24062e-54 -3.3087e-54 -2.58941e-55 -5.4993e-56 1.9807e-55 -7.74565e-56 7.35111e-57 -9.86312e-57 2.48783e-56 -8.59949e-57 -2.54598e-57 -5.06268e-58 1.12643e-57 -4.51903e-58 -2.16055e-59 5.13075e-60 1.10691e-58 -4.95616e-59 -7.81448e-60 -1.54341e-60 4.21753e-60 -1.81275e-60 -3.78612e-62 -4.23447e-61 2.31269e-61 2.88387e-62 4.12458e-63 -1.86529e-62 8.09378e-63 -8.42719e-64 6.26357e-64 -2.20715e-63 8.28738e-64 2.08523e-64 4.08575e-65 -9.69262e-65 3.74807e-65 6.96645e-67 1.40317e-66 -1.01898e-65 4.11912e-66 8.46829e-67 1.71579e-67 -4.18609e-67 1.71762e-67 3.03392e-69 8.56867e-70 -4.29829e-68
-9.59452e-53 9.94734e-53 2.23884e-53 -2.84664e-53 9.40409e-54 2.37824e-54 -9.56693e-55 -2.12493e-54 1.13023e-54 8.65799e-56 1.84816e-56 -6.70152e-56 2.63991e-56 -2.18513e-57 3.4574e-57 -8.48023e-57 2.90601e-57 8.69102e-58 1.75632e-58 -3.85192e-58 1.53926e-58 7.57793e-60 -1.60988e-60 -3.78712e-59 1.69167e-59 2.68366e-60 5.30501e-61 -1.44859e-60 6.20022e-61 2.11939e-62 1.43664e-61 -8.04845e-62 -9.52018e-63 -1.1817e-63 6.20721e-63 -2.708e-63 3.14795e-64 -2.30955e-64 7.45371e-64 -2.75541e-64 -7.18279e-65 -1.4069e-65 3.30469e-65 -1.27686e-65 -2.74112e-67 -4.46575e-67 3.45574e-66 -1.40358e-66 -2.85087e-67 -5.77708e-68 1.4149e-67 -5.81259e-68 -8.34644e-70 -8.26839e-71 1.45038e-68
-1.5136e-52 1.60051e-52 3.59977e-53 -4.59154e-53 1.51881e-53 3.81604e-54 -1.53257e-54 -3.43495e-54 1.82406e-54 1.4096e-55 3.00656e-56 -1.08565e-55 4.27611e-56 -3.50645e-57 5.56983e-57 -1.37202e-56 4.7071e-57 1.40441e-57 2.83813e-58 -6.23094e-58 2.46609e-58 1.02943e-59 -1.19399e-60 -6.13099e-59 2.70818e-59 4.40216e-60 8.90628e-61 -2.36405e-60 1.01426e-60 3.65754e-62 2.3378e-61 -1.31538e-61 -1.53514e-62 -1.88679e-63 1.00744e-62 -4.43084e-63 4.77972e-64 -3.73241e-64 1.21455e-63 -4.49322e-64 -1.16802e-64 -2.28995e-65 5.37738e-65 -2.06015e-65 -1.74251e-67 -6.83934e-67 5.59742e-66 -2.28499e-66 -4.62819e-67 -9.18299e-68 2.28261e-67 -9.50054e-68 -1.18146e-69 8.31314e-71 2.34143e-68
4.70717e-54 -4.88461e-54 -1.09938e-54 1.39803e-54 -4.61888e-55 -1.16766e-55 4.69701e-56 1.0437e-55 -5.55094e-56 -4.25395e-57 -9.08023e-58 3.29192e-57 -1.29677e-57 1.07292e-58 -1.6979e-58 4.16541e-58 -1.42748e-58 -4.2687e-59 -8.62637e-60 1.89281e-59 -7.48985e-60 -2.95242e-61 6.54721e-62 1.8562e-60 -8.26786e-61 -1.32537e-61 -2.61571e-62 7.12645e-62 -3.04919e-62 -1.05892e-63 -7.04822e-63 3.95467e-63 4.65816e-64 5.75987e-65 -3.04347e-64 1.32838e-64 -1.55128e-65 1.13673e-65 -3.65728e-65 1.35123e-65 3.52689e-66 6.90796e-67 -1.62208e-66 6.21625e-67 5.31221e-69 2.04652e-68 -1.68758e-67 6.89282e-68 1.39426e-68 2.76624e-69 -6.89116e-69 2.87032e-69 7.23382e-71 6.75883e-72 -7.09668e-70
6.88753e-54 -7.18936e-54 -1.61783e-54 2.05927e-54 -6.80637e-55 -1.7048e-55 7.09688e-56 1.53451e-55 -8.20614e-56 -6.20844e-57 -1.28173e-57 4.81132e-57 -1.88248e-57 1.83822e-58 -2.57004e-58 6.10531e-58 -2.07576e-58 -6.31613e-59 -1.275e-59 2.78774e-59 -1.10394e-59 -4.69303e-61 6.24017e-62 2.73805e-60 -1.21154e-60 -1.95957e-61 -3.96409e-62 1.05429e-61 -4.52616e-62 -1.61201e-63 -1.04395e-62 5.86804e-63 6.8697e-64 8.46199e-65 -4.50141e-64 1.9655e-64 -2.25284e-65 1.77636e-65 -5.43196e-65 1.98626e-65 5.26066e-66 1.05023e-66 -2.4224e-66 9.35199e-67 2.09403e-68 2.68655e-68 -2.5158e-67 1.03483e-67 2.05179e-68 4.07727e-69 -1.01894e-68 4.24815e-69 5.80635e-71 1.51979e-71 -1.05124e-69
-8.80764e-54 3.43784e-54 1.35282e-54 -7.90388e-55 -2.83969e-56 2.9202e-55 -9.40267e-57 -8.45373e-56 4.31529e-56 7.89115e-57 2.10008e-57 -2.90733e-57 1.89541e-57 -3.17701e-60 -4.81396e-58 -3.52797e-58 1.79696e-58 1.39197e-59 -6.82198e-61 -7.41219e-60 9.60164e-60 -1.4126e-60 -2.64165e-60 -7.87783e-61 5.74537e-61 -3.96511e-62 -3.38563e-62 -2.01765e-64 2.80067e-62 -1.46447e-62 2.08437e-63 3.81898e-63 -9.32325e-64 -3.37945e-64 2.18233e-64 3.14516e-65 -8.86606e-65 -1.57424e-66 2.11777e-65 -1.1179e-65 -2.13911e-66 -6.12456e-67 7.6557e-67 -4.79276e-67 -1.82303e-68 1.21656e-67 9.30732e-68 -4.75007e-68 -3.89929e-69 6.52928e-71 2.05523e-69 -2.46245e-69 3.50408e-70 6.82598e-70 2.15822e-70
