Code/Outputs/Output_20260211_114401/2.9_30_1000_topography_anomaly.grd
DSAA
511 251
-5100000.0 5100000.0
-2500000.0 2500000.0
-43.45592193841184 19956.544086506667
[rows 0 to 27 of 251, columns 0 to 62 of 511]
-0 -0 -0 -0 -0 -0 -0 -0 -0 -0 -0 -0 -0 -0 -0 -0 -0 -0 -0 -0 -0 -0 -0 -0 -0 -0 -0 -0 -0 -0 -0 -0 -0 -0 -0 -0 -0 -0 -0 -0 -0 -0 -0 -0 -0 -0 -0 -0 -0 -0 -0 -0 -0 -0 -0 -0 -0 -0 -0 -0 -0 -0 -0
-0 -0.00258697 -0.0103087 -0.023048 -0.040612 -0.0627342 -0.0890794 -0.119248 -0.152783 -0.189176 -0.227875 -0.268294 -0.30982 -0.351823 -0.393666 -0.434716 -0.47435 -0.511968 -0.546998 -0.578911 -0.607221 -0.631501 -0.651382 -0.666562 -0.676812 -0.681976 -0.682624 -0.682624 -0.682624 -0.682624 -0.682624 -0.682624 -0.682624 -0.682624 -0.682624 -0.682624 -0.682624 -0.682624 -0.682624 -0.682624 -0.682624 -0.682624 -0.682624 -0.682624 -0.682624 -0.682624 -0.682624 -0.682624 -0.682624 -0.682624 -0.682624 -0.682624 -0.682624 -0.682624 -0.682624 -0.682624 -0.682624 -0.682624 -0.682624 -0.682624 -0.682624 -0.682624 -0.682624
-0 -0.0101853 -0.0405869 -0.0907439 -0.159896 -0.246995 -0.35072 -0.4695 -0.601533 -0.744818 -0.897183 -1.05632 -1.21981 -1.38518 -1.54993 -1.71155 -1.8676 -2.0157 -2.15362 -2.27927 -2.39073 -2.48633 -2.5646 -2.62437 -2.66472 -2.68505 -2.6876 -2.6876 -2.6876 -2.6876 -2.6876 -2.6876 -2.6876 -2.6876 -2.6876 -2.6876 -2.6876 -2.6876 -2.6876 -2.6876 -2.6876 -2.6876 -2.6876 -2.6876 -2.6876 -2.6876 -2.6876 -2.6876 -2.6876 -2.6876 -2.6876 -2.6876 -2.6876 -2.6876 -2.6876 -2.6876 -2.6876 -2.6876 -2.6876 -2.6876 -2.6876 -2.6876 -2.6876
-0 -0.0223177 -0.0889323 -0.198834 -0.350357 -0.541204 -0.768483 -1.02875 -1.31805 -1.63201 -1.96587 -2.31456 -2.6728 -3.03515 -3.39614 -3.75027 -4.0922 -4.41672 -4.71892 -4.99423 -5.23847 -5.44793 -5.61944 -5.7504 -5.83882 -5.88337 -5.88896 -5.88896 -5.88896 -5.88896 -5.88896 -5.88896 -5.88896 -5.88896 -5.88896 -5.88896 -5.88896 -5.88896 -5.88896 -5.88896 -5.88896 -5.88896 -5.88896 -5.88896 -5.88896 -5.88896 -5.88896 -5.88896 -5.88896 -5.88896 -5.88896 -5.88896 -5.88896 -5.88896 -5.88896 -5.88896 -5.88896 -5.88896 -5.88896 -5.88896 -5.88896 -5.88896 -5.88896
-0 -0.0382216 -0.152307 -0.340527 -0.600028 -0.926876 -1.31612 -1.76185 -2.25732 -2.79501 -3.36678 -3.96395 -4.57748 -5.19806 -5.81629 -6.42279 -7.00837 -7.56415 -8.08172 -8.55321 -8.97149 -9.33022 -9.62395 -9.84823 -9.99967 -10.076 -10.0855 -10.0855 -10.0855 -10.0855 -10.0855 -10.0855 -10.0855 -10.0855 -10.0855 -10.0855 -10.0855 -10.0855 -10.0855 -10.0855 -10.0855 -10.0855 -10.0855 -10.0855 -10.0855 -10.0855 -10.0855 -10.0855 -10.0855 -10.0855 -10.0855 -10.0855 -10.0855 -10.0855 -10.0855 -10.0855 -10.0855 -10.0855 -10.0855 -10.0855 -10.0855 -10.0855 -10.0855
-0 -0.0568979 -0.226729 -0.506919 -0.893221 -1.37978 -1.95921 -2.62275 -3.36032 -4.16075 -5.0119 -5.90087 -6.81418 -7.738 -8.65831 -9.56117 -10.4329 -11.2602 -12.0307 -12.7326 -13.3552 -13.8893 -14.3265 -14.6604 -14.8858 -14.9994 -15.0137 -15.0137 -15.0137 -15.0137 -15.0137 -15.0137 -15.0137 -15.0137 -15.0137 -15.0137 -15.0137 -15.0137 -15.0137 -15.0137 -15.0137 -15.0137 -15.0137 -15.0137 -15.0137 -15.0137 -15.0137 -15.0137 -15.0137 -15.0137 -15.0137 -15.0137 -15.0137 -15.0137 -15.0137 -15.0137 -15.0137 -15.0137 -15.0137 -15.0137 -15.0137 -15.0137 -15.0137
-0 -0.077173 -0.307522 -0.687556 -1.21151 -1.87145 -2.65737 -3.55734 -4.55774 -5.6434 -6.79785 -8.0036 -9.24237 -10.4954 -11.7436 -12.9682 -14.1506 -15.2727 -16.3177 -17.2697 -18.1143 -18.8386 -19.4317 -19.8845 -20.1903 -20.3443 -20.3637 -20.3637 -20.3637 -20.3637 -20.3637 -20.3637 -20.3637 -20.3637 -20.3637 -20.3637 -20.3637 -20.3637 -20.3637 -20.3637 -20.3637 -20.3637 -20.3637 -20.3637 -20.3637 -20.3637 -20.3637 -20.3637 -20.3637 -20.3637 -20.3637 -20.3637 -20.3637 -20.3637 -20.3637 -20.3637 -20.3637 -20.3637 -20.3637 -20.3637 -20.3637 -20.3637 -20.3637
-0 -0.0977731 -0.38961 -0.871087 -1.53491 -2.371 -3.3667 -4.50691 -5.77435 -7.1498 -8.61241 -10.14 -11.7095 -13.2969 -14.8784 -16.4299 -17.9278 -19.3495 -20.6735 -21.8796 -22.9496 -23.8672 -24.6186 -25.1923 -25.5797 -25.7749 -25.7994 -25.7994 -25.7994 -25.7994 -25.7994 -25.7994 -25.7994 -25.7994 -25.7994 -25.7994 -25.7994 -25.7994 -25.7994 -25.7994 -25.7994 -25.7994 -25.7994 -25.7994 -25.7994 -25.7994 -25.7994 -25.7994 -25.7994 -25.7994 -25.7994 -25.7994 -25.7994 -25.7994 -25.7994 -25.7994 -25.7994 -25.7994 -25.7994 -25.7994 -25.7994 -25.7994 -25.7994
-0 -0.117404 -0.467835 -1.04598 -1.84308 -2.84704 -4.04266 -5.4118 -6.9337 -8.58531 -10.3416 -12.1759 -14.0604 -15.9666 -17.8656 -19.7286 -21.5273 -23.2345 -24.8242 -26.2725 -27.5573 -28.6592 -29.5614 -30.2504 -30.7155 -30.9499 -30.9793 -30.9793 -30.9793 -30.9793 -30.9793 -30.9793 -30.9793 -30.9793 -30.9793 -30.9793 -30.9793 -30.9793 -30.9793 -30.9793 -30.9793 -30.9793 -30.9793 -30.9793 -30.9793 -30.9793 -30.9793 -30.9793 -30.9793 -30.9793 -30.9793 -30.9793 -30.9793 -30.9793 -30.9793 -30.9793 -30.9793 -30.9793 -30.9793 -30.9793 -30.9793 -30.9793 -30.9793
-0 -0.134831 -0.537281 -1.20125 -2.11667 -3.26966 -4.64276 -6.21513 -7.96295 -9.85973 -11.8767 -13.9833 -16.1476 -18.3368 -20.5176 -22.6571 -24.7228 -26.6834 -28.5092 -30.1724 -31.648 -32.9134 -33.9496 -34.7408 -35.275 -35.5441 -35.5779 -35.5779 -35.5779 -35.5779 -35.5779 -35.5779 -35.5779 -35.5779 -35.5779 -35.5779 -35.5779 -35.5779 -35.5779 -35.5779 -35.5779 -35.5779 -35.5779 -35.5779 -35.5779 -35.5779 -35.5779 -35.5779 -35.5779 -35.5779 -35.5779 -35.5779 -35.5779 -35.5779 -35.5779 -35.5779 -35.5779 -35.5779 -35.5779 -35.5779 -35.5779 -35.5779 -35.5779
-0 -0.148961 -0.593585 -1.32713 -2.33848 -3.61231 -5.12929 -6.86644 -8.79743 -10.893 -13.1213 -15.4487 -17.8398 -20.2583 -22.6678 -25.0315 -27.3136 -29.4797 -31.4968 -33.3343 -34.9645 -36.3625 -37.5073 -38.3814 -38.9716 -39.269 -39.3063 -39.3063 -39.3063 -39.3063 -39.3063 -39.3063 -39.3063 -39.3063 -39.3063 -39.3063 -39.3063 -39.3063 -39.3063 -39.3063 -39.3063 -39.3063 -39.3063 -39.3063 -39.3063 -39.3063 -39.3063 -39.3063 -39.3063 -39.3063 -39.3063 -39.3063 -39.3063 -39.3063 -39.3063 -39.3063 -39.3063 -39.3063 -39.3063 -39.3063 -39.3063 -39.3063 -39.3063
-0 -0.158904 -0.633209 -1.41572 -2.49459 -3.85344 -5.47169 -7.32481 -9.38469 -11.6201 -13.9972 -16.4799 -19.0306 -21.6107 -24.1809 -26.7024 -29.1369 -31.4476 -33.5993 -35.5595 -37.2985 -38.7899 -40.0111 -40.9435 -41.5731 -41.8903 -41.9301 -41.9301 -41.9301 -41.9301 -41.9301 -41.9301 -41.9301 -41.9301 -41.9301 -41.9301 -41.9301 -41.9301 -41.9301 -41.9301 -41.9301 -41.9301 -41.9301 -41.9301 -41.9301 -41.9301 -41.9301 -41.9301 -41.9301 -41.9301 -41.9301 -41.9301 -41.9301 -41.9301 -41.9301 -41.9301 -41.9301 -41.9301 -41.9301 -41.9301 -41.9301 -41.9301 -41.9301
-0 -0.164038 -0.653664 -1.46146 -2.57517 -3.97792 -5.64845 -7.56142 -9.68785 -11.9955 -14.4494 -17.0123 -19.6454 -22.3088 -24.962 -27.565 -30.0782 -32.4634 -34.6847 -36.7082 -38.5034 -40.0429 -41.3036 -42.2661 -42.9161 -43.2435 -43.2846 -43.2846 -43.2846 -43.2846 -43.2846 -43.2846 -43.2846 -43.2846 -43.2846 -43.2846 -43.2846 -43.2846 -43.2846 -43.2846 -43.2846 -43.2846 -43.2846 -43.2846 -43.2846 -43.2846 -43.2846 -43.2846 -43.2846 -43.2846 -43.2846 -43.2846 -43.2846 -43.2846 -43.2846 -43.2846 -43.2846 -43.2846 -43.2846 -43.2846 -43.2846 -43.2846 -43.2846
-0 -0.164687 -0.656251 -1.46724 -2.58536 -3.99367 -5.6708 -7.59135 -9.7262 -12.043 -14.5066 -17.0796 -19.7232 -22.3971 -25.0608 -27.6741 -30.1972 -32.5919 -34.822 -36.8535 -38.6558 -40.2014 -41.4671 -42.4334 -43.086 -43.4147 -43.4559 -43.4559 -43.4559 -43.4559 -43.4559 -43.4559 -43.4559 -43.4559 -43.4559 -43.4559 -43.4559 -43.4559 -43.4559 -43.4559 -43.4559 -43.4559 -43.4559 -43.4559 -43.4559 -43.4559 -43.4559 -43.4559 -43.4559 -43.4559 -43.4559 -43.4559 -43.4559 -43.4559 -43.4559 -43.4559 -43.4559 -43.4559 -43.4559 -43.4559 -43.4559 -43.4559 -43.4559
-0 -0.164687 -0.656251 -1.46724 -2.58536 -3.99367 -5.6708 -7.59135 -9.7262 -12.043 -14.5066 -17.0796 -19.7232 -22.3971 -25.0608 -27.6741 -30.1972 -32.5919 -34.822 -36.8535 -38.6558 -40.2014 -41.4671 -42.4334 -43.086 -43.4147 -43.4559 -43.4559 -43.4559 -43.4559 -43.4559 -43.4559 -43.4559 -43.4559 -43.4559 -43.4559 -43.4559 -43.4559 -43.4559 -43.4559 -43.4559 -43.4559 -43.4559 -43.4559 -43.4559 -43.4559 -43.4559 -43.4559 -43.4559 -43.4559 -43.4559 -43.4559 -43.4559 -43.4559 -43.4559 -43.4559 -43.4559 -43.4559 -43.4559 -43.4559 -43.4559 -43.4559 -43.4559
-0 -0.164687 -0.656251 -1.46724 -2.58536 -3.99367 -5.6708 -7.59135 -9.7262 -12.043 -14.5066 -17.0796 -19.7232 -22.3971 -25.0608 -27.6741 -30.1972 -32.5919 -34.822 -36.8535 -38.6558 -40.2014 -41.4671 -42.4334 -43.086 -43.4147 -43.4559 -43.4559 -43.4559 -43.4559 -43.4559 -43.4559 -43.4559 -43.4559 -43.4559 -43.4559 -43.4559 -43.4559 -43.4559 -43.4559 -43.4559 -43.4559 -43.4559 -43.4559 -43.4559 -43.4559 -43.4559 -43.4559 -43.4559 -43.4559 -43.4559 -43.4559 -43.4559 -43.4559 -43.4559 -43.4559 -43.4559 -43.4559 -43.4559 -43.4559 -43.4559 -43.4559 -43.4559
-0 -0.164687 -0.656251 -1.46724 -2.58536 -3.99367 -5.6708 -7.59135 -9.7262 -12.043 -14.5066 -17.0796 -19.7232 -22.3971 -25.0608 -27.6741 -30.1972 -32.5919 -34.822 -36.8535 -38.6558 -40.2014 -41.4671 -42.4334 -43.086 -43.4147 -43.4559 -43.4559 -43.4559 -43.4559 -43.4559 -43.4559 -43.4559 -43.4559 -43.4559 -43.4559 -43.4559 -43.4559 -43.4559 -43.4559 -43.4559 -43.4559 -43.4559 -43.4559 -43.4559 -43.4559 -43.4559 -43.4559 -43.4559 -43.4559 -43.4559 -43.4559 -43.4559 -43.4559 -43.4559 -43.4559 -43.4559 -43.4559 -43.4559 -43.4559 -43.4559 -43.4559 -43.4559
-0 -0.164687 -0.656251 -1.46724 -2.58536 -3.99367 -5.6708 -7.59135 -9.7262 -12.043 -14.5066 -17.0796 -19.7232 -22.3971 -25.0608 -27.6741 -30.1972 -32.5919 -34.822 -36.8535 -38.6558 -40.2014 -41.4671 -42.4334 -43.086 -43.4147 -43.4559 -43.4559 -43.4559 -43.4559 -43.4559 -43.4559 -43.4559 -43.4559 -43.4559 -43.4559 -43.4559 -43.4559 -43.4559 -43.4559 -43.4559 -43.4559 -43.4559 -43.4559 -43.4559 -43.4559 -43.4559 -43.4559 -43.4559 -43.4559 -43.4559 -43.4559 -43.4559 -43.4559 -43.4559 -43.4559 -43.4559 -43.4559 -43.4559 -43.4559 -43.4559 -43.4559 -43.4559
-0 -0.164687 -0.656251 -1.46724 -2.58536 -3.99367 -5.6708 -7.59135 -9.7262 -12.043 -14.5066 -17.0796 -19.7232 -22.3971 -25.0608 -27.6741 -30.1972 -32.5919 -34.822 -36.8535 -38.6558 -40.2014 -41.4671 -42.4334 -43.086 -43.4147 -43.4559 -43.4559 -43.4559 -43.4559 -43.4559 -43.4559 -43.4559 -43.4559 -43.4559 -43.4559 -43.4559 -43.4559 -43.4559 -43.4559 -43.4559 -43.4559 -43.4559 -43.4559 -43.4559 -43.4559 -43.4559 -43.4559 -43.4559 -43.4559 -43.4559 -43.4559 -43.4559 -43.4559 -43.4559 -43.4559 -43.4559 -43.4559 -43.4559 -43.4559 -43.4559 -43.4559 -43.4559
-0 -0.164687 -0.656251 -1.46724 -2.58536 -3.99367 -5.6708 -7.59135 -9.7262 -12.043 -14.5066 -17.0796 -19.7232 -22.3971 -25.0608 -27.6741 -30.1972 -32.5919 -34.822 -36.8535 -38.6558 -40.2014 -41.4671 -42.4334 -43.086 -43.4147 -43.4559 -43.4559 -43.4559 -43.4559 -43.4559 -43.4559 -43.4559 -43.4559 -43.4559 -43.4559 -43.4559 -43.4559 -43.4559 -43.4559 -43.4559 -43.4559 -43.4559 -43.4559 -43.4559 -43.4559 -43.4559 -43.4559 -43.4559 -43.4559 -43.4559 -43.4559 -43.4559 -43.4559 -43.4559 -43.4559 -43.4559 -43.4559 -43.4559 -43.4559 -43.4559 -43.4559 -43.4559
-0 -0.164687 -0.656251 -1.46724 -2.58536 -3.99367 -5.6708 -7.59135 -9.7262 -12.043 -14.5066 -17.0796 -19.7232 -22.3971 -25.0608 -27.6741 -30.1972 -32.5919 -34.822 -36.8535 -38.6558 -40.2014 -41.4671 -42.4334 -43.086 -43.4147 -43.4559 -43.4559 -43.4559 -43.4559 -43.4559 -43.4559 -43.4559 -43.4559 -43.4559 -43.4559 -43.4559 -43.4559 -43.4559 -43.4559 -43.4559 -43.4559 -43.4559 -43.4559 -43.4559 -43.4559 -43.4559 -43.4559 -43.4559 -43.4559 -43.4559 -43.4559 -43.4559 -43.4559 -43.4559 -43.4559 -43.4559 -43.4559 -43.4559 -43.4559 -43.4559 -43.4559 -43.4559
-0 -0.164687 -0.656251 -1.46724 -2.58536 -3.99367 -5.6708 -7.59135 -9.7262 -12.043 -14.5066 -17.0796 -19.7232 -22.3971 -25.0608 -27.6741 -30.1972 -32.5919 -34.822 -36.8535 -38.6558 -40.2014 -41.4671 -42.4334 -43.086 -43.4147 -43.4559 -43.4559 -43.4559 -43.4559 -43.4559 -43.4559 -43.4559 -43.4559 -43.4559 -43.4559 -43.4559 -43.4559 -43.4559 -43.4559 -43.4559 -43.4559 -43.4559 -43.4559 -43.4559 -43.4559 -43.4559 -43.4559 -43.4559 -43.4559 -43.4559 -43.4559 -43.4559 -43.4559 -43.4559 -43.4559 -43.4559 -43.4559 -43.4559 -43.4559 -43.4559 -43.4559 -43.4559
-0 -0.164687 -0.656251 -1.46724 -2.58536 -3.99367 -5.6708 -7.59135 -9.7262 -12.043 -14.5066 -17.0796 -19.7232 -22.3971 -25.0608 -27.6741 -30.1972 -32.5919 -34.822 -36.8535 -38.6558 -40.2014 -41.4671 -42.4334 -43.086 -43.4147 -43.4559 -43.4559 -43.4559 -43.4559 -43.4559 -43.4559 -43.4559 -43.4559 -43.4559 -43.4559 -43.4559 -43.4559 -43.4559 -43.4559 -43.4559 -43.4559 -43.4559 -43.4559 -43.4559 -43.4559 -43.4559 -43.4559 -43.4559 -43.4559 -43.4559 -43.4559 -43.4559 -43.4559 -43.4559 -43.4559 -43.4559 -43.4559 -43.4559 -43.4559 -43.4559 -43.4559 -43.4559
-0 -0.164687 -0.656251 -1.46724 -2.58536 -3.99367 -5.6708 -7.59135 -9.7262 -12.043 -14.5066 -17.0796 -19.7232 -22.3971 -25.0608 -27.6741 -30.1972 -32.5919 -34.822 -36.8535 -38.6558 -40.2014 -41.4671 -42.4334 -43.086 -43.4147 -43.4559 -43.4559 -43.4559 -43.4559 -43.4559 -43.4559 -43.4559 -43.4559 -43.4559 -43.4559 -43.4559 -43.4559 -43.4559 -43.4559 -43.4559 -43.4559 -43.4559 -43.4559 -43.4559 -43.4559 -43.4559 -43.4559 -43.4559 -43.4559 -43.4559 -43.4559 -43.4559 -43.4559 -43.4559 -43.4559 -43.4559 -43.4559 -43.4559 -43.4559 -43.4559 -43.4559 -43.4559
-0 -0.164687 -0.656251 -1.46724 -2.58536 -3.99367 -5.6708 -7.59135 -9.7262 -12.043 -14.5066 -17.0796 -19.7232 -22.3971 -25.0608 -27.6741 -30.1972 -32.5919 -34.822 -36.8535 -38.6558 -40.2014 -41.4671 -42.4334 -43.086 -43.4147 -43.4559 -43.4559 -43.4559 -43.4559 -43.4559 -43.4559 -43.4559 -43.4559 -43.4559 -43.4559 -43.4559 -43.4559 -43.4559 -43.4559 -43.4559 -43.4559 -43.4559 -43.4559 -43.4559 -43.4559 -43.4559 -43.4559 -43.4559 -43.4559 -43.4559 -43.4559 -43.4559 -43.4559 -43.4559 -43.4559 -43.4559 -43.4559 -43.4559 -43.4559 -43.4559 -43.4559 -43.4559
-0 -0.164687 -0.656251 -1.46724 -2.58536 -3.99367 -5.6708 -7.59135 -9.7262 -12.043 -14.5066 -17.0796 -19.7232 -22.3971 -25.0608 -27.6741 -30.1972 -32.5919 -34.822 -36.8535 -38.6558 -40.2014 -41.4671 -42.4334 -43.086 -43.4147 -43.4559 -43.4559 -43.4559 -43.4559 -43.4559 -43.4559 -43.4559 -43.4559 -43.4559 -43.4559 -43.4559 -43.4559 -43.4559 -43.4559 -43.4559 -43.4559 -43.4559 -43.4559 -43.4559 -43.4559 -43.4559 -43.4559 -43.4559 -43.4559 -43.4559 -43.4559 -43.4559 -43.4559 -43.4559 -43.4559 -43.4559 -43.4559 -43.4559 -43.4559 -43.4559 -43.4559 -43.4559
-0 -0.164687 -0.656251 -1.46724 -2.58536 -3.99367 -5.6708 -7.59135 -9.7262 -12.043 -14.5066 -17.0796 -19.7232 -22.3971 -25.0608 -27.6741 -30.1972 -32.5919 -34.822 -36.8535 -38.6558 -40.2014 -41.4671 -42.4334 -43.086 -43.4147 -43.4559 -43.4559 -43.4559 -43.4559 -43.4559 -43.4559 -43.4559 -43.4559 -43.4559 -43.4559 -43.4559 -43.4559 -43.4559 -43.4559 -43.4559 -43.4559 -43.4559 -43.4559 -43.4559 -43.4559 -43.4559 -43.4559 -43.4559 -43.4559 -43.4559 -43.4559 -43.4559 -43.4559 -43.4559 -43.4559 -43.4559 -43.4559 -43.4559 -43.4559 -43.4559 -43.4559 -43.4559
-0 -0.164687 -0.656251 -1.46724 -2.58536 -3.99367 -5.6708 -7.59135 -9.7262 -12.043 -14.5066 -17.0796 -19.7232 -22.3971 -25.0608 -27.6741 -30.1972 -32.5919 -34.822 -36.8535 -38.6558 -40.2014 -41.4671 -42.4334 -43.086 -43.4147 -43.4559 -43.4559 -43.4559 -43.4559 -43.4559 -43.4559 -43.4559 -43.4559 -43.4559 -43.4559 -43.4559 -43.4559 -43.4559 -43.4559 -43.4559 -43.4559 -43.4559 -43.4559 -43.4559 -43.4559 -43.4559 -43.4559 -43.4559 -43.4559 -43.4559 -43.4559 -43.4559 -43.4559 -43.4559 -43.4559 -43.4559 -43.4559 -43.4559 -43.4559 -43.4559 -43.4559 -43.4559
