Code/Outputs/Output_20260211_114401/2.9_30_1000_rms_map_shift_20km.grd
DSAA
461 201
-4600000.0 4600000.0
-2000000.0 2000000.0
7.979361571218394 23697.89222063788
[rows 104 to 129 of 201, columns 118 to 176 of 461]
2978.4 3381.67 3683.17 3890.85 4140.09 4376.1 4543.37 4709.57 4892.64 5091.26 5296.52 5494.98 5671.73 5812.98 5907.93 5949.82 5935.21 5862.37 5729.56 5533.91 5271.16 4937.56 4534.56 4075.25 3587.34 3106.42 2662.32 2270.84 1936.36 1657.96 1432.6 1255.75 1121.32 1022.09 950.36 898.864 862.879 844.852 844.852 862.879 898.864 950.36 1022.09 1121.32 1255.75 1432.6 1657.96 1936.36 2270.84 2662.32 3106.42 3587.34 4075.25 4534.56 4937.56 5271.16 5533.91 5729.56 5862.37
2978.68 3382.07 3683.74 3891.59 4140.94 4376.97 4543.96 4709.53 4891.7 5089.3 5293.58 5491.21 5667.44 5808.54 5903.75 5946.21 5932.39 5860.45 5728.58 5533.85 5272.01 4939.35 4537.42 4079.55 3593.71 3115.74 2675.64 2289.29 1961.07 1690.03 1472.9 1304.71 1178.75 1087.24 1022.09 975.917 943.946 928.044 928.044 943.946 975.917 1022.09 1087.24 1178.75 1304.71 1472.9 1690.03 1961.07 2289.29 2675.64 3115.74 3593.71 4079.55 4537.42 4939.35 5272.01 5533.85 5728.58 5860.45
2978.98 3382.5 3684.31 3892.29 4141.67 4377.56 4543.91 4708.41 4889.34 5085.71 5288.89 5485.74 5661.61 5802.88 5898.75 5942.27 5929.75 5859.24 5728.86 5535.6 5275.22 4944.09 4543.94 4088.38 3605.78 3132.3 2698.14 2319.23 1999.93 1739.09 1533.05 1376.14 1260.89 1178.75 1121.32 1081.2 1053.68 1040.1 1040.1 1053.68 1081.2 1121.32 1178.75 1260.89 1376.14 1533.05 1739.09 1999.93 2319.23 2698.14 3132.3 3605.78 4088.38 4543.94 4944.09 5275.22 5535.6 5728.86 5859.24
2979.17 3382.77 3684.66 3892.66 4141.89 4377.34 4542.49 4705.42 4884.79 5079.78 5281.94 5478.25 5654.21 5796.25 5893.49 5938.84 5928.42 5860.18 5732.09 5541.14 5283.09 4954.43 4557.17 4105.33 3627.75 3161.04 2735.58 2367.32 2060.44 1813.35 1621.66 1478.73 1376.14 1304.71 1255.75 1222.07 1199.18 1187.97 1187.97 1199.18 1222.07 1255.75 1304.71 1376.14 1478.73 1621.66 1813.35 2060.44 2367.32 2735.58 3161.04 3627.75 4105.33 4557.17 4954.43 5283.09 5541.14 5732.09 5860.18
2979.03 3382.61 3684.44 3892.24 4141.03 4375.55 4538.7 4699.49 4877.07 5070.76 5272.25 5468.64 5645.52 5789.33 5889.06 5937.39 5930.26 5865.43 5740.84 5553.4 5298.95 4974.19 4581.49 4135.42 3665.46 3208.69 2795.67 2442.17 2151.9 1922.47 1748.34 1621.66 1533.05 1472.9 1432.6 1405.31 1386.92 1377.97 1377.97 1386.92 1405.31 1432.6 1472.9 1533.05 1621.66 1748.34 1922.47 2151.9 2442.17 2795.67 3208.69 3665.46 4135.42 4581.49 4974.19 5298.95 5553.4 5740.84 5865.43
2978.19 3381.58 3683.09 3890.34 4138.23 4371.04 4531.24 4689.38 4865.14 5057.95 5259.56 5457.12 5636.28 5783.37 5887.2 5940.18 5937.97 5878.2 5758.71 5576.47 5327.42 5008.56 4622.78 4185.36 3726.53 3283.88 2887.93 2553.93 2284.69 2076.53 1922.47 1813.35 1739.09 1690.03 1657.96 1636.62 1622.35 1615.46 1615.46 1622.35 1636.62 1657.96 1690.03 1739.09 1813.35 1922.47 2076.53 2284.69 2553.93 2887.93 3283.88 3726.53 4185.36 4622.78 5008.56 5327.42 5576.47 5758.71 5878.2
2976.16 3379.09 3679.91 3886.06 4132.38 4362.37 4518.57 4673.74 4848.05 5040.89 5243.98 5444.46 5627.88 5780.43 5890.58 5950.41 5955.31 5902.74 5790.5 5615.69 5374.44 5064.17 4688.44 4263.44 3820.19 3396.64 3022.93 2713.26 2468.95 2284.69 2151.9 2060.44 1999.93 1961.07 1936.36 1920.26 1909.58 1904.47 1904.47 1909.58 1920.26 1936.36 1961.07 1999.93 2060.44 2151.9 2284.69 2468.95 2713.26 3022.93 3396.64 3820.19 4263.44 4688.44 5064.17 5374.44 5615.69 5790.5 5902.74
2972.34 3374.4 3673.97 3878.24 4122.07 4347.72 4499.02 4651.31 4825.11 5019.62 5226.35 5432.28 5622.77 5783.67 5903.04 5972.54 5987.28 5944.6 5842.31 5677.68 5447.24 5148.94 4787.2 4379.18 3956.68 3557.66 3211.27 2930.01 2713.26 2553.93 2442.17 2367.32 2319.23 2289.29 2270.84 2259.13 2251.46 2247.83 2247.83 2251.46 2259.13 2270.84 2289.29 2319.23 2367.32 2442.17 2553.93 2713.26 2930.01 3211.27 3557.66 3956.68 4379.18 4787.2 5148.94 5447.24 5677.68 5842.31 5944.6
2965.97 3366.62 3664.16 3865.49 4105.56 4325.08 4470.99 4621.18 4796.28 4995.04 5208.53 5423.41 5624.6 5797.47 5929.57 6012.07 6039.86 6010.2 5921.02 5769.86 5553.72 5271.37 4928.14 4542.2 4145.85 3776.49 3461.55 3211.27 3022.93 2887.93 2795.67 2735.58 2698.14 2675.64 2662.32 2654.14 2648.86 2646.42 2646.42 2648.86 2654.14 2662.32 2675.64 2698.14 2735.58 2795.67 2887.93 3022.93 3211.27 3461.55 3776.49 4145.85 4542.2 4928.14 5271.37 5553.72 5769.86 5921.02 6010.2
2956.15 3354.66 3649.16 3846.14 4080.8 4292.42 4433.3 4583.21 4762.58 4969.31 5193.73 5421.81 5637.87 5826.65 5975.11 6074.05 6118.17 6104.83 6032.15 5898.03 5700.07 5437.88 5117.87 4758.98 4393.55 4057.7 3776.49 3557.66 3396.64 3283.88 3208.69 3161.04 3132.3 3115.74 3106.42 3100.96 3097.5 3095.97 3095.97 3097.5 3100.96 3106.42 3115.74 3132.3 3161.04 3208.69 3283.88 3396.64 3557.66 3776.49 4057.7 4393.55 4758.98 5117.87 5437.88 5700.07 5898.03 6032.15 6104.83
2941.87 3337.3 3627.43 3818.26 4045.45 4248.11 4385.63 4538.51 4726.46 4945.84 5185.72 5431.08 5665.48 5873.11 6040.53 6158.36 6221.41 6227.22 6174.2 6060.61 5884.61 5646.58 5353.82 5025.82 4694.33 4393.55 4145.85 3956.68 3820.19 3726.53 3665.46 3627.75 3605.78 3593.71 3587.34 3583.84 3581.71 3580.82 3580.82 3581.71 3583.84 3587.34 3593.71 3605.78 3627.75 3665.46 3726.53 3820.19 3956.68 4145.85 4393.55 4694.33 5025.82 5353.82 5646.58 5884.61 6060.61 6174.2 6227.22
2922 3313.18 3597.33 3779.8 3997.21 4191.62 4329.22 4489.86 4691.46 4927.83 5186.29 5450.73 5704.24 5930.88 6117.33 6254.45 6337.37 6363.96 6332.88 6242.65 6091.73 5881 5618.21 5322.88 5025.82 4758.98 4542.2 4379.18 4263.44 4185.36 4135.42 4105.33 4088.38 4079.55 4075.25 4073.1 4071.85 4071.39 4071.39 4071.85 4073.1 4075.25 4079.55 4088.38 4105.33 4135.42 4185.36 4263.44 4379.18 4542.2 4758.98 5025.82 5322.88 5618.21 5881 6091.73 6242.65 6332.88 6363.96
2895.4 3280.93 3557.14 3728.89 3934.76 4124.24 4267.2 4440.99 4660.21 4915.27 5191.8 5473.13 5742.62 5985.06 6187.83 6342.39 6444.31 6491.77 6483.6 6418.33 6294.43 6112.78 5881.03 5618.21 5353.82 5117.87 4928.14 4787.2 4688.44 4622.78 4581.49 4557.17 4543.94 4537.42 4534.56 4533.32 4532.66 4532.48 4532.48 4532.66 4533.32 4534.56 4537.42 4543.94 4557.17 4581.49 4622.78 4688.44 4787.2 4928.14 5117.87 5353.82 5618.21 5881.03 6112.78 6294.43 6418.33 6483.6 6491.77
2860.87 3239.14 3505.39 3664.57 3859.12 4049.39 4203.51 4394.29 4631.72 4903 5192.92 5485.36 5764.97 6017.96 6232.93 6401.99 6521 6588.26 6602.6 6562.46 6466.05 6313.82 6112.78 5881 5646.58 5437.88 5271.37 5148.94 5064.17 5008.56 4974.19 4954.43 4944.09 4939.35 4937.56 4937 4936.76 4936.78 4936.78 4936.76 4937 4937.56 4939.35 4944.09 4954.43 4974.19 5008.56 5064.17 5148.94 5271.37 5437.88 5646.58 5881 6112.78 6313.82 6466.05 6562.46 6602.6 6588.26
2817.37 3186.69 3441.35 3587.77 3774.37 3971.49 4140.83 4348.79 4600.81 4882.37 5178.69 5475.22 5758.56 6016.85 6240.01 6420.7 6554.72 6640.16 6675.71 6659.62 6589.8 6466.05 6294.43 6091.73 5884.61 5700.07 5553.72 5447.24 5374.44 5327.42 5298.95 5283.09 5275.22 5272.01 5271.16 5271.17 5271.3 5271.49 5271.49 5271.3 5271.17 5271.16 5272.01 5275.22 5283.09 5298.95 5327.42 5374.44 5447.24 5553.72 5700.07 5884.61 6091.73 6294.43 6466.05 6589.8 6659.62 6675.71 6640.16
2763.97 3122.87 3365.42 3501.41 3685.91 3893.65 4078.56 4300.05 4560.51 4845.33 5141.21 5435.67 5717.52 5976.82 6204.84 6394.67 6541.77 6643.66 6698.65 6704.77 6659.62 6562.46 6418.33 6242.65 6060.61 5898.03 5769.86 5677.68 5615.69 5576.47 5553.4 5541.14 5535.6 5533.85 5533.91 5534.49 5534.99 5535.35 5535.35 5534.99 5534.49 5533.91 5533.85 5535.6 5541.14 5553.4 5576.47 5615.69 5677.68 5769.86 5898.03 6060.61 6242.65 6418.33 6562.46 6659.62 6704.77 6698.65 6643.66
2700.07 3047.66 3279.3 3409.48 3597.43 3816.08 4013.43 4242.7 4505.14 4787.18 5077.36 5365.35 5641.96 5898.98 6128.96 6325.49 6483.63 6600.11 6672.58 6698.65 6675.71 6602.6 6483.6 6332.88 6174.2 6032.15 5921.02 5842.31 5790.5 5758.71 5740.84 5732.09 5728.86 5728.58 5729.56 5730.74 5731.62 5732.15 5732.15 5731.62 5730.74 5729.56 5728.58 5728.86 5732.09 5740.84 5758.71 5790.5 5842.31 5921.02 6032.15 6174.2 6332.88 6483.6 6602.6 6675.71 6698.65 6672.58 6600.11
2625.49 2961.82 3185.43 3315.16 3509.02 3736.48 3941.48 4172.76 4431.87 4706.81 4987.85 5266.52 5535.31 5787.44 6016.61 6217.04 6383.68 6512.45 6600.11 6643.66 6640.16 6588.26 6491.77 6363.96 6227.22 6104.83 6010.2 5944.6 5902.74 5878.2 5865.43 5860.18 5859.24 5860.45 5862.37 5864.15 5865.41 5866.11 5866.11 5865.41 5864.15 5862.37 5860.45 5859.24 5860.18 5865.43 5878.2 5902.74 5944.6 6010.2 6104.83 6227.22 6363.96 6491.77 6588.26 6640.16 6643.66 6600.11 6512.45
2540.45 2866.51 3086.03 3219.76 3417.92 3651.75 3859.73 4088.36 4340.38 4605.48 4875.32 5142.93 5402.08 5647.14 5872.78 6073.93 6245.74 6383.68 6483.63 6541.77 6554.72 6521 6444.31 6337.37 6221.41 6118.17 6039.86 5987.28 5955.31 5937.97 5930.26 5928.42 5929.75 5932.39 5935.21 5937.55 5939.17 5940.03 5940.03 5939.17 5937.55 5935.21 5932.39 5929.75 5928.42 5930.26 5937.97 5955.31 5987.28 6039.86 6118.17 6221.41 6337.37 6444.31 6521 6554.72 6541.77 6483.63 6383.68
2445.48 2762.9 2982.39 3122.86 3320.76 3559.36 3766.86 3989.57 4231.97 4485.55 4743.02 4998.45 5246.62 5482.74 5702.28 5900.81 6073.93 6217.04 6325.49 6394.67 6420.7 6401.99 6342.39 6254.45 6158.36 6074.05 6012.07 5972.54 5950.41 5940.18 5937.39 5938.84 5942.27 5946.21 5949.82 5952.63 5954.53 5955.51 5955.51 5954.53 5952.63 5949.82 5946.21 5942.27 5938.84 5937.39 5940.18 5950.41 5972.54 6012.07 6074.05 6158.36 6254.45 6342.39 6401.99 6420.7 6394.67 6325.49 6217.04
2341.2 2651.77 2874.75 3023.29 3215.39 3457.87 3662.82 3877.62 4108.73 4349.71 4594.1 4836.61 5072.73 5298.33 5509.46 5702.28 5872.78 6016.61 6128.96 6204.84 6240.01 6232.93 6187.83 6117.33 6040.53 5975.11 5929.57 5903.04 5890.58 5887.2 5889.06 5893.49 5898.75 5903.75 5907.93 5911.04 5913.09 5914.13 5914.13 5913.09 5911.04 5907.93 5903.75 5898.75 5893.49 5889.06 5887.2 5890.58 5903.04 5929.57 5975.11 6040.53 6117.33 6187.83 6232.93 6240.01 6204.84 6128.96 6016.61
2228.26 2533.39 2762.56 2919.99 3101.88 3346.62 3548.43 3754.39 3973.19 4200.75 4431.5 4660.53 4883.76 5097.52 5298.33 5482.74 5647.14 5787.44 5898.98 5976.82 6016.85 6017.96 5985.06 5930.88 5873.11 5826.65 5797.47 5783.67 5780.43 5783.37 5789.33 5796.25 5802.88 5808.54 5812.98 5816.14 5818.17 5819.17 5819.17 5818.17 5816.14 5812.98 5808.54 5802.88 5796.25 5789.33 5783.37 5780.43 5783.67 5797.47 5826.65 5873.11 5930.88 5985.06 6017.96 6016.85 5976.82 5898.98 5787.44
2107.2 2407.48 2644.58 2812.16 2982.58 3224.92 3424.67 3621.9 3828.01 4041.48 4258.05 4473.15 4682.85 4883.76 5072.73 5246.62 5402.08 5535.31 5641.96 5717.52 5758.56 5764.97 5742.62 5704.24 5665.48 5637.87 5624.6 5622.77 5627.88 5636.28 5645.52 5654.21 5661.61 5667.44 5671.73 5674.66 5676.46 5677.33 5677.33 5676.46 5674.66 5671.73 5667.44 5661.61 5654.21 5645.52 5636.28 5627.88 5622.77 5624.6 5637.87 5665.48 5704.24 5742.62 5764.97 5758.56 5717.52 5641.96 5535.31
1978.68 2273.57 2519.18 2698.95 2860.5 3089.18 3292.27 3481.93 3675.82 3874.93 4076.77 4277.46 4473.15 4660.53 4836.61 4998.45 5142.93 5266.52 5365.35 5435.67 5475.22 5485.36 5473.13 5450.73 5431.08 5421.81 5423.41 5432.28 5444.46 5457.12 5468.64 5478.25 5485.74 5491.21 5494.98 5497.38 5498.77 5499.41 5499.41 5498.77 5497.38 5494.98 5491.21 5485.74 5478.25 5468.64 5457.12 5444.46 5432.28 5423.41 5421.81 5431.08 5450.73 5473.13 5485.36 5475.22 5435.67 5365.35 5266.52
1843.5 2131.18 2384.42 2578.72 2737.7 2930.69 3150.93 3335.66 3518.8 3704.1 3890.97 4076.77 4258.05 4431.5 4594.1 4743.02 4875.32 4987.85 5077.36 5141.21 5178.69 5192.92 5191.8 5186.29 5185.72 5193.73 5208.53 5226.35 5243.98 5259.56 5272.25 5281.94 5288.89 5293.58 5296.52 5298.22 5299.09 5299.45 5299.45 5299.09 5298.22 5296.52 5293.58 5288.89 5281.94 5272.25 5259.56 5243.98 5226.35 5208.53 5193.73 5185.72 5186.29 5191.8 5192.92 5178.69 5141.21 5077.36 4987.85
1702.91 1980.41 2238.44 2448.6 2613.66 2779.04 2996.5 3183.03 3358.26 3531.51 3704.1 3874.93 4041.48 4200.75 4349.71 4485.55 4605.48 4706.81 4787.18 4845.33 4882.37 4903 4915.27 4927.83 4945.84 4969.31 4995.04 5019.62 5040.89 5057.95 5070.76 5079.78 5085.71 5089.3 5091.26 5092.17 5092.5 5092.58 5092.58 5092.5 5092.17 5091.26 5089.3 5085.71 5079.78 5070.76 5057.95 5040.89 5019.62 4995.04 4969.31 4945.84 4927.83 4915.27 4903 4882.37 4845.33 4787.18 4706.81
