Code/Outputs/Output_20260211_114401/2.9_30_1000_moho_undulation.grd
DSAA
511 251
-5100000.0 5100000.0
-2500000.0 2500000.0
-111047.000018452 -0.0
[rows 124 to 154 of 251, columns 140 to 209 of 511]
-60100 -60100 -60100 -60100 -60100 -60100 -60100 -60100 -60100 -60100 -60100 -60100 -60100 -60208 -60631 -61161 -61810 -62595 -63531 -64634 -65921 -67404 -69098 -71013 -73155 -75525 -78117 -80916 -83896 -87014 -90213 -93424 -96568 -99561 -102324 -104786 -106883 -108566 -109795 -110544 -110795 -110544 -109795 -108566 -106883 -104786 -102324 -99561 -96568 -93424 -90213 -87014 -83896 -80916 -78117 -75525 -73155 -71013 -69098 -67404 -65921 -64634 -63531 -62595 -61810 -61161 -60631 -60208 -60100 -60100
-60100 -60100 -60100 -60100 -60100 -60100 -60100 -60100 -60100 -60100 -60100 -60100 -60100 -60215 -60641 -61172 -61825 -62613 -63554 -64663 -65955 -67446 -69149 -71073 -73225 -75608 -78214 -81028 -84023 -87158 -90375 -93602 -96761 -99768 -102543 -105015 -107121 -108810 -110044 -110795 -111047 -110795 -110044 -108810 -107121 -105015 -102543 -99768 -96761 -93602 -90375 -87158 -84023 -81028 -78214 -75608 -73225 -71073 -69149 -67446 -65955 -64663 -63554 -62613 -61825 -61172 -60641 -60215 -60100 -60100
-60100 -60100 -60100 -60100 -60100 -60100 -60100 -60100 -60100 -60100 -60100 -60100 -60100 -60208 -60631 -61161 -61810 -62595 -63531 -64634 -65921 -67404 -69098 -71013 -73155 -75525 -78117 -80916 -83896 -87014 -90213 -93424 -96568 -99561 -102324 -104786 -106883 -108566 -109795 -110544 -110795 -110544 -109795 -108566 -106883 -104786 -102324 -99561 -96568 -93424 -90213 -87014 -83896 -80916 -78117 -75525 -73155 -71013 -69098 -67404 -65921 -64634 -63531 -62595 -61810 -61161 -60631 -60208 -60100 -60100
-60100 -60100 -60100 -60100 -60100 -60100 -60100 -60100 -60100 -60100 -60100 -60100 -60100 -60187 -60604 -61126 -61766 -62539 -63462 -64550 -65818 -67280 -68949 -70836 -72945 -75278 -77830 -80585 -83517 -86585 -89734 -92897 -95994 -98946 -101673 -104103 -106176 -107839 -109055 -109795 -110044 -109795 -109055 -107839 -106176 -104103 -101673 -98946 -95994 -92897 -89734 -86585 -83517 -80585 -77830 -75278 -72945 -70836 -68949 -67280 -65818 -64550 -63462 -62539 -61766 -61126 -60604 -60187 -60100 -60100
-60100 -60100 -60100 -60100 -60100 -60100 -60100 -60100 -60100 -60100 -60100 -60100 -60100 -60153 -60560 -61069 -61693 -62448 -63350 -64412 -65649 -67077 -68706 -70545 -72602 -74876 -77362 -80044 -82898 -85885 -88952 -92034 -95056 -97939 -100605 -102984 -105015 -106646 -107839 -108566 -108810 -108566 -107839 -106646 -105015 -102984 -100605 -97939 -95056 -92034 -88952 -85885 -82898 -80044 -77362 -74876 -72602 -70545 -68706 -67077 -65649 -64412 -63350 -62448 -61693 -61069 -60560 -60153 -60100 -60100
-60100 -60100 -60100 -60100 -60100 -60100 -60100 -60100 -60100 -60100 -60100 -60100 -60100 -60107 -60500 -60991 -61595 -62325 -63196 -64224 -65421 -66800 -68374 -70151 -72137 -74330 -76727 -79311 -82060 -84937 -87892 -90864 -93781 -96568 -99150 -101457 -103429 -105015 -106176 -106883 -107121 -106883 -106176 -105015 -103429 -101457 -99150 -96568 -93781 -90864 -87892 -84937 -82060 -79311 -76727 -74330 -72137 -70151 -68374 -66800 -65421 -64224 -63196 -62325 -61595 -60991 -60500 -60107 -60100 -60100
-60100 -60100 -60100 -60100 -60100 -60100 -60100 -60100 -60100 -60100 -60100 -60100 -60100 -60051 -60425 -60895 -61473 -62172 -63007 -63991 -65137 -66458 -67965 -69665 -71562 -73657 -75944 -78408 -81028 -83769 -86585 -89419 -92205 -94871 -97346 -99561 -101457 -102984 -104103 -104786 -105015 -104786 -104103 -102984 -101457 -99561 -97346 -94871 -92205 -89419 -86585 -83769 -81028 -78408 -75944 -73657 -71562 -69665 -67965 -66458 -65137 -63991 -63007 -62172 -61473 -60895 -60425 -60051 -60100 -60100
-60100 -60100 -60100 -60100 -60100 -60100 -60100 -60100 -60100 -60100 -60100 -60100 -60100 -60100 -60339 -60783 -61331 -61994 -62786 -63720 -64807 -66060 -67488 -69098 -70894 -72876 -75036 -77362 -79832 -82416 -85070 -87744 -90375 -92897 -95242 -97346 -99150 -100605 -101673 -102324 -102543 -102324 -101673 -100605 -99150 -97346 -95242 -92897 -90375 -87744 -85070 -82416 -79832 -77362 -75036 -72876 -70894 -69098 -67488 -66060 -64807 -63720 -62786 -61994 -61331 -60783 -60339 -60100 -60100 -60100
-60100 -60100 -60100 -60100 -60100 -60100 -60100 -60100 -60100 -60100 -60100 -60100 -60100 -60100 -60243 -60659 -61172 -61795 -62539 -63417 -64439 -65616 -66957 -68468 -70151 -72007 -74027 -76201 -78507 -80916 -83392 -85885 -88342 -90700 -92897 -94871 -96568 -97939 -98946 -99561 -99768 -99561 -98946 -97939 -96568 -94871 -92897 -90700 -88342 -85885 -83392 -80916 -78507 -76201 -74027 -72007 -70151 -68468 -66957 -65616 -64439 -63417 -62539 -61795 -61172 -60659 -60243 -60100 -60100 -60100
-60100 -60100 -60100 -60100 -60100 -60100 -60100 -60100 -60100 -60100 -60100 -60100 -60100 -60100 -60140 -60525 -61002 -61581 -62273 -63090 -64042 -65137 -66385 -67789 -69352 -71073 -72945 -74956 -77087 -79311 -81595 -83896 -86163 -88342 -90375 -92205 -93781 -95056 -95994 -96568 -96761 -96568 -95994 -95056 -93781 -92205 -90375 -88342 -86163 -83896 -81595 -79311 -77087 -74956 -72945 -71073 -69352 -67789 -66385 -65137 -64042 -63090 -62273 -61581 -61002 -60525 -60140 -60100 -60100 -60100
-60100 -60100 -60100 -60100 -60100 -60100 -60100 -60100 -60100 -60100 -60100 -60100 -60100 -60100 -60032 -60385 -60823 -61356 -61994 -62747 -63624 -64634 -65784 -67077 -68515 -70096 -71814 -73657 -75608 -77641 -79727 -81827 -83896 -85885 -87744 -89419 -90864 -92034 -92897 -93424 -93602 -93424 -92897 -92034 -90864 -89419 -87744 -85885 -83896 -81827 -79727 -77641 -75608 -73657 -71814 -70096 -68515 -67077 -65784 -64634 -63624 -62747 -61994 -61356 -60823 -60385 -60032 -60100 -60100 -60100
-60100 -60100 -60100 -60100 -60100 -60100 -60100 -60100 -60100 -60100 -60100 -60100 -60100 -60100 -60100 -60243 -60641 -61126 -61707 -62395 -63196 -64119 -65168 -66348 -67659 -69098 -70661 -72334 -74103 -75944 -77830 -79727 -81595 -83392 -85070 -86585 -87892 -88952 -89734 -90213 -90375 -90213 -89734 -88952 -87892 -86585 -85070 -83392 -81595 -79727 -77830 -75944 -74103 -72334 -70661 -69098 -67659 -66348 -65168 -64119 -63196 -62395 -61707 -61126 -60641 -60243 -60100 -60100 -60100 -60100
-60100 -60100 -60100 -60100 -60100 -60100 -60100 -60100 -60100 -60100 -60100 -60100 -60100 -60100 -60100 -60101 -60458 -60895 -61420 -62041 -62766 -63601 -64550 -65616 -66800 -68099 -69507 -71013 -72602 -74254 -75944 -77641 -79311 -80916 -82416 -83769 -84937 -85885 -86585 -87014 -87158 -87014 -86585 -85885 -84937 -83769 -82416 -80916 -79311 -77641 -75944 -74254 -72602 -71013 -69507 -68099 -66800 -65616 -64550 -63601 -62766 -62041 -61420 -60895 -60458 -60101 -60100 -60100 -60100 -60100
-60100 -60100 -60100 -60100 -60100 -60100 -60100 -60100 -60100 -60100 -60100 -60100 -60100 -60100 -60100 -60100 -60279 -60668 -61137 -61693 -62342 -63090 -63940 -64896 -65955 -67117 -68374 -69718 -71133 -72602 -74103 -75608 -77087 -78507 -79832 -81028 -82060 -82898 -83517 -83896 -84023 -83896 -83517 -82898 -82060 -81028 -79832 -78507 -77087 -75608 -74103 -72602 -71133 -69718 -68374 -67117 -65955 -64896 -63940 -63090 -62342 -61693 -61137 -60668 -60279 -60100 -60100 -60100 -60100 -60100
-60100 -60100 -60100 -60100 -60100 -60100 -60100 -60100 -60100 -60100 -60100 -60100 -60100 -60100 -60100 -60100 -60107 -60450 -60864 -61356 -61931 -62595 -63350 -64197 -65137 -66167 -67280 -68468 -69718 -71013 -72334 -73657 -74956 -76201 -77362 -78408 -79311 -80044 -80585 -80916 -81028 -80916 -80585 -80044 -79311 -78408 -77362 -76201 -74956 -73657 -72334 -71013 -69718 -68468 -67280 -66167 -65137 -64197 -63350 -62595 -61931 -61356 -60864 -60450 -60107 -60100 -60100 -60100 -60100 -60100
-60100 -60100 -60100 -60100 -60100 -60100 -60100 -60100 -60100 -60100 -60100 -60100 -60100 -60100 -60100 -60100 -60100 -60243 -60604 -61035 -61540 -62122 -62786 -63531 -64357 -65262 -66239 -67280 -68374 -69507 -70661 -71814 -72945 -74027 -75036 -75944 -76727 -77362 -77830 -78117 -78214 -78117 -77830 -77362 -76727 -75944 -75036 -74027 -72945 -71814 -70661 -69507 -68374 -67280 -66239 -65262 -64357 -63531 -62786 -62122 -61540 -61035 -60604 -60243 -60100 -60100 -60100 -60100 -60100 -60100
-60100 -60100 -60100 -60100 -60100 -60100 -60100 -60100 -60100 -60100 -60100 -60100 -60100 -60100 -60100 -60100 -60100 -60051 -60362 -60734 -61172 -61679 -62256 -62905 -63624 -64412 -65262 -66167 -67117 -68099 -69098 -70096 -71073 -72007 -72876 -73657 -74330 -74876 -75278 -75525 -75608 -75525 -75278 -74876 -74330 -73657 -72876 -72007 -71073 -70096 -69098 -68099 -67117 -66167 -65262 -64412 -63624 -62905 -62256 -61679 -61172 -60734 -60362 -60051 -60100 -60100 -60100 -60100 -60100 -60100
-60100 -60100 -60100 -60100 -60100 -60100 -60100 -60100 -60100 -60100 -60100 -60100 -60100 -60100 -60100 -60100 -60100 -60100 -60140 -60458 -60833 -61269 -61766 -62325 -62945 -63624 -64357 -65137 -65955 -66800 -67659 -68515 -69352 -70151 -70894 -71562 -72137 -72602 -72945 -73155 -73225 -73155 -72945 -72602 -72137 -71562 -70894 -70151 -69352 -68515 -67659 -66800 -65955 -65137 -64357 -63624 -62945 -62325 -61766 -61269 -60833 -60458 -60140 -60100 -60100 -60100 -60100 -60100 -60100 -60100
-60100 -60100 -60100 -60100 -60100 -60100 -60100 -60100 -60100 -60100 -60100 -60100 -60100 -60100 -60100 -60100 -60100 -60100 -60100 -60208 -60525 -60895 -61318 -61795 -62325 -62905 -63531 -64197 -64896 -65616 -66348 -67077 -67789 -68468 -69098 -69665 -70151 -70545 -70836 -71013 -71073 -71013 -70836 -70545 -70151 -69665 -69098 -68468 -67789 -67077 -66348 -65616 -64896 -64197 -63531 -62905 -62325 -61795 -61318 -60895 -60525 -60208 -60100 -60100 -60100 -60100 -60100 -60100 -60100 -60100
-60100 -60100 -60100 -60100 -60100 -60100 -60100 -60100 -60100 -60100 -60100 -60100 -60100 -60100 -60100 -60100 -60100 -60100 -60100 -60100 -60250 -60560 -60916 -61318 -61766 -62256 -62786 -63350 -63940 -64550 -65168 -65784 -66385 -66957 -67488 -67965 -68374 -68706 -68949 -69098 -69149 -69098 -68949 -68706 -68374 -67965 -67488 -66957 -66385 -65784 -65168 -64550 -63940 -63350 -62786 -62256 -61766 -61318 -60916 -60560 -60250 -60100 -60100 -60100 -60100 -60100 -60100 -60100 -60100 -60100
-60100 -60100 -60100 -60100 -60100 -60100 -60100 -60100 -60100 -60100 -60100 -60100 -60100 -60100 -60100 -60100 -60100 -60100 -60100 -60100 -60009 -60264 -60560 -60895 -61269 -61679 -62122 -62595 -63090 -63601 -64119 -64634 -65137 -65616 -66060 -66458 -66800 -67077 -67280 -67404 -67446 -67404 -67280 -67077 -66800 -66458 -66060 -65616 -65137 -64634 -64119 -63601 -63090 -62595 -62122 -61679 -61269 -60895 -60560 -60264 -60009 -60100 -60100 -60100 -60100 -60100 -60100 -60100 -60100 -60100
-60100 -60100 -60100 -60100 -60100 -60100 -60100 -60100 -60100 -60100 -60100 -60100 -60100 -60100 -60100 -60100 -60100 -60100 -60100 -60100 -60100 -60009 -60250 -60525 -60833 -61172 -61540 -61931 -62342 -62766 -63196 -63624 -64042 -64439 -64807 -65137 -65421 -65649 -65818 -65921 -65955 -65921 -65818 -65649 -65421 -65137 -64807 -64439 -64042 -63624 -63196 -62766 -62342 -61931 -61540 -61172 -60833 -60525 -60250 -60009 -60100 -60100 -60100 -60100 -60100 -60100 -60100 -60100 -60100 -60100
-60100 -60100 -60100 -60100 -60100 -60100 -60100 -60100 -60100 -60100 -60100 -60100 -60100 -60100 -60100 -60100 -60100 -60100 -60100 -60100 -60100 -60100 -60100 -60208 -60458 -60734 -61035 -61356 -61693 -62041 -62395 -62747 -63090 -63417 -63720 -63991 -64224 -64412 -64550 -64634 -64663 -64634 -64550 -64412 -64224 -63991 -63720 -63417 -63090 -62747 -62395 -62041 -61693 -61356 -61035 -60734 -60458 -60208 -60100 -60100 -60100 -60100 -60100 -60100 -60100 -60100 -60100 -60100 -60100 -60100
-60100 -60100 -60100 -60100 -60100 -60100 -60100 -60100 -60100 -60100 -60100 -60100 -60100 -60100 -60100 -60100 -60100 -60100 -60100 -60100 -60100 -60100 -60100 -60100 -60140 -60362 -60604 -60864 -61137 -61420 -61707 -61994 -62273 -62539 -62786 -63007 -63196 -63350 -63462 -63531 -63554 -63531 -63462 -63350 -63196 -63007 -62786 -62539 -62273 -61994 -61707 -61420 -61137 -60864 -60604 -60362 -60140 -60100 -60100 -60100 -60100 -60100 -60100 -60100 -60100 -60100 -60100 -60100 -60100 -60100
-60100 -60100 -60100 -60100 -60100 -60100 -60100 -60100 -60100 -60100 -60100 -60100 -60100 -60100 -60100 -60100 -60100 -60100 -60100 -60100 -60100 -60100 -60100 -60100 -60100 -60051 -60243 -60450 -60668 -60895 -61126 -61356 -61581 -61795 -61994 -62172 -62325 -62448 -62539 -62595 -62613 -62595 -62539 -62448 -62325 -62172 -61994 -61795 -61581 -61356 -61126 -60895 -60668 -60450 -60243 -60051 -60100 -60100 -60100 -60100 -60100 -60100 -60100 -60100 -60100 -60100 -60100 -60100 -60100 -60100
-60100 -60100 -60100 -60100 -60100 -60100 -60100 -60100 -60100 -60100 -60100 -60100 -60100 -60100 -60100 -60100 -60100 -60100 -60100 -60100 -60100 -60100 -60100 -60100 -60100 -60100 -60100 -60107 -60279 -60458 -60641 -60823 -61002 -61172 -61331 -61473 -61595 -61693 -61766 -61810 -61825 -61810 -61766 -61693 -61595 -61473 -61331 -61172 -61002 -60823 -60641 -60458 -60279 -60107 -60100 -60100 -60100 -60100 -60100 -60100 -60100 -60100 -60100 -60100 -60100 -60100 -60100 -60100 -60100 -60100
-60100 -60100 -60100 -60100 -60100 -60100 -60100 -60100 -60100 -60100 -60100 -60100 -60100 -60100 -60100 -60100 -60100 -60100 -60100 -60100 -60100 -60100 -60100 -60100 -60100 -60100 -60100 -60100 -60100 -60101 -60243 -60385 -60525 -60659 -60783 -60895 -60991 -61069 -61126 -61161 -61172 -61161 -61126 -61069 -60991 -60895 -60783 -60659 -60525 -60385 -60243 -60101 -60100 -60100 -60100 -60100 -60100 -60100 -60100 -60100 -60100 -60100 -60100 -60100 -60100 -60100 -60100 -60100 -60100 -60100
-60100 -60100 -60100 -60100 -60100 -60100 -60100 -60100 -60100 -60100 -60100 -60100 -60100 -60100 -60100 -60100 -60100 -60100 -60100 -60100 -60100 -60100 -60100 -60100 -60100 -60100 -60100 -60100 -60100 -60100 -60100 -60032 -60140 -60243 -60339 -60425 -60500 -60560 -60604 -60631 -60641 -60631 -60604 -60560 -60500 -60425 -60339 -60243 -60140 -60032 -60100 -60100 -60100 -60100 -60100 -60100 -60100 -60100 -60100 -60100 -60100 -60100 -60100 -60100 -60100 -60100 -60100 -60100 -60100 -60100
-60100 -60100 -60100 -60100 -60100 -60100 -60100 -60100 -60100 -60100 -60100 -60100 -60100 -60100 -60100 -60100 -60100 -60100 -60100 -60100 -60100 -60100 -60100 -60100 -60100 -60100 -60100 -60100 -60100 -60100 -60100 -60100 -60100 -60100 -60100 -60051 -60107 -60153 -60187 -60208 -60215 -60208 -60187 -60153 -60107 -60051 -60100 -60100 -60100 -60100 -60100 -60100 -60100 -60100 -60100 -60100 -60100 -60100 -60100 -60100 -60100 -60100 -60100 -60100 -60100 -60100 -60100 -60100 -60100 -60100
-60100 -60100 -60100 -60100 -60100 -60100 -60100 -60100 -60100 -60100 -60100 -60100 -60100 -60100 -60100 -60100 -60100 -60100 -60100 -60100 -60100 -60100 -60100 -60100 -60100 -60100 -60100 -60100 -60100 -60100 -60100 -60100 -60100 -60100 -60100 -60100 -60100 -60100 -60100 -60100 -60100 -60100 -60100 -60100 -60100 -60100 -60100 -60100 -60100 -60100 -60100 -60100 -60100 -60100 -60100 -60100 -60100 -60100 -60100 -60100 -60100 -60100 -60100 -60100 -60100 -60100 -60100 -60100 -60100 -60100
-60100 -60100 -60100 -60100 -60100 -60100 -60100 -60100 -60100 -60100 -60100 -60100 -60100 -60100 -60100 -60100 -60100 -60100 -60100 -60100 -60100 -60100 -60100 -60100 -60100 -60100 -60100 -60100 -60100 -60100 -60100 -60100 -60100 -60100 -60100 -60100 -60100 -60100 -60100 -60100 -60100 -60100 -60100 -60100 -60100 -60100 -60100 -60100 -60100 -60100 -60100 -60100 -60100 -60100 -60100 -60100 -60100 -60100 -60100 -60100 -60100 -60100 -60100 -60100 -60100 -60100 -60100 -60100 -60100 -60100
