Code/Outputs/Output_20260211_114401/2.9_30_1000_moho_undulation.grd
DSAA
511 251
-5100000.0 5100000.0
-2500000.0 2500000.0
-111047.000018452 -0.0
[rows 0 to 30 of 251, columns 0 to 69 of 511]
-0 -0 -0 -0 -0 -0 -0 -0 -0 -0 -0 -0 -0 -0 -0 -0 -0 -0 -0 -0 -0 -0 -0 -0 -0 -0 -0 -0 -0 -0 -0 -0 -0 -0 -0 -0 -0 -0 -0 -0 -0 -0 -0 -0 -0 -0 -0 -0 -0 -0 -0 -0 -0 -0 -0 -0 -0 -0 -0 -0 -0 -0 -0 -0 -0 -0 -0 -0 -0 -0
-0 -3.57781 -14.257 -31.8757 -56.1668 -86.762 -123.198 -164.921 -211.301 -261.633 -315.154 -371.053 -428.484 -486.574 -544.445 -601.217 -656.032 -708.057 -756.504 -800.64 -839.794 -873.373 -900.868 -921.863 -936.039 -943.181 -944.076 -944.076 -944.076 -944.076 -944.076 -944.076 -944.076 -944.076 -944.076 -944.076 -944.076 -944.076 -944.076 -944.076 -944.076 -944.076 -944.076 -944.076 -944.076 -944.076 -944.076 -944.076 -944.076 -944.076 -944.076 -944.076 -944.076 -944.076 -944.076 -944.076 -944.076 -944.076 -944.076 -944.076 -944.076 -944.076 -944.076 -944.076 -944.076 -944.076 -944.076 -944.076 -944.076 -944.076
-0 -14.0864 -56.1322 -125.5 -221.138 -341.597 -485.05 -649.323 -831.926 -1030.09 -1240.81 -1460.9 -1687.01 -1915.72 -2143.57 -2367.09 -2582.91 -2787.74 -2978.48 -3152.25 -3306.41 -3438.61 -3546.87 -3629.53 -3685.34 -3713.46 -3716.98 -3716.98 -3716.98 -3716.98 -3716.98 -3716.98 -3716.98 -3716.98 -3716.98 -3716.98 -3716.98 -3716.98 -3716.98 -3716.98 -3716.98 -3716.98 -3716.98 -3716.98 -3716.98 -3716.98 -3716.98 -3716.98 -3716.98 -3716.98 -3716.98 -3716.98 -3716.98 -3716.98 -3716.98 -3716.98 -3716.98 -3716.98 -3716.98 -3716.98 -3716.98 -3716.98 -3716.98 -3716.98 -3716.98 -3716.98 -3716.98 -3716.98 -3716.98 -3716.98
-0 -30.8656 -122.994 -274.99 -484.548 -748.491 -1062.82 -1422.77 -1822.88 -2257.09 -2718.82 -3201.06 -3696.51 -4197.65 -4696.89 -5186.67 -5659.55 -6108.37 -6526.32 -6907.08 -7244.85 -7534.54 -7771.74 -7952.86 -8075.16 -8136.77 -8144.49 -8144.49 -8144.49 -8144.49 -8144.49 -8144.49 -8144.49 -8144.49 -8144.49 -8144.49 -8144.49 -8144.49 -8144.49 -8144.49 -8144.49 -8144.49 -8144.49 -8144.49 -8144.49 -8144.49 -8144.49 -8144.49 -8144.49 -8144.49 -8144.49 -8144.49 -8144.49 -8144.49 -8144.49 -8144.49 -8144.49 -8144.49 -8144.49 -8144.49 -8144.49 -8144.49 -8144.49 -8144.49 -8144.49 -8144.49 -8144.49 -8144.49 -8144.49 -8144.49
-0 -52.8609 -210.642 -470.952 -829.845 -1281.88 -1820.2 -2436.66 -3121.9 -3865.53 -4656.29 -5482.19 -6330.7 -7188.97 -8043.99 -8882.78 -9692.65 -10461.3 -11177.1 -11829.2 -12407.7 -12903.8 -13310 -13620.2 -13829.7 -13935.2 -13948.4 -13948.4 -13948.4 -13948.4 -13948.4 -13948.4 -13948.4 -13948.4 -13948.4 -13948.4 -13948.4 -13948.4 -13948.4 -13948.4 -13948.4 -13948.4 -13948.4 -13948.4 -13948.4 -13948.4 -13948.4 -13948.4 -13948.4 -13948.4 -13948.4 -13948.4 -13948.4 -13948.4 -13948.4 -13948.4 -13948.4 -13948.4 -13948.4 -13948.4 -13948.4 -13948.4 -13948.4 -13948.4 -13948.4 -13948.4 -13948.4 -13948.4 -13948.4 -13948.4
-0 -78.6904 -313.569 -701.075 -1235.33 -1908.25 -2709.61 -3627.29 -4647.36 -5754.36 -6931.51 -8160.96 -9424.09 -10701.7 -11974.5 -13223.2 -14428.8 -15573 -16638.6 -17609.3 -18470.4 -19209 -19813.7 -20275.5 -20587.3 -20744.3 -20764 -20764 -20764 -20764 -20764 -20764 -20764 -20764 -20764 -20764 -20764 -20764 -20764 -20764 -20764 -20764 -20764 -20764 -20764 -20764 -20764 -20764 -20764 -20764 -20764 -20764 -20764 -20764 -20764 -20764 -20764 -20764 -20764 -20764 -20764 -20764 -20764 -20764 -20764 -20764 -20764 -20764 -20764 -20764
-0 -106.731 -425.307 -950.897 -1675.54 -2588.24 -3675.16 -4919.84 -6303.41 -7804.88 -9401.49 -11069.1 -12782.3 -14515.2 -16241.6 -17935.2 -19570.4 -21122.4 -22567.6 -23884.2 -25052.3 -26054 -26874.2 -27500.5 -27923.4 -28136.4 -28163.1 -28163.1 -28163.1 -28163.1 -28163.1 -28163.1 -28163.1 -28163.1 -28163.1 -28163.1 -28163.1 -28163.1 -28163.1 -28163.1 -28163.1 -28163.1 -28163.1 -28163.1 -28163.1 -28163.1 -28163.1 -28163.1 -28163.1 -28163.1 -28163.1 -28163.1 -28163.1 -28163.1 -28163.1 -28163.1 -28163.1 -28163.1 -28163.1 -28163.1 -28163.1 -28163.1 -28163.1 -28163.1 -28163.1 -28163.1 -28163.1 -28163.1 -28163.1 -28163.1
-0 -135.221 -538.835 -1204.72 -2122.79 -3279.12 -4656.19 -6233.11 -7985.99 -9888.25 -11911.1 -14023.8 -16194.3 -18389.8 -20577 -22722.7 -24794.3 -26760.6 -28591.6 -30259.7 -31739.5 -33008.6 -34047.8 -34841.3 -35377 -35647 -35680.8 -35680.8 -35680.8 -35680.8 -35680.8 -35680.8 -35680.8 -35680.8 -35680.8 -35680.8 -35680.8 -35680.8 -35680.8 -35680.8 -35680.8 -35680.8 -35680.8 -35680.8 -35680.8 -35680.8 -35680.8 -35680.8 -35680.8 -35680.8 -35680.8 -35680.8 -35680.8 -35680.8 -35680.8 -35680.8 -35680.8 -35680.8 -35680.8 -35680.8 -35680.8 -35680.8 -35680.8 -35680.8 -35680.8 -35680.8 -35680.8 -35680.8 -35680.8 -35680.8
-0 -162.37 -647.02 -1446.6 -2549 -3937.49 -5591.04 -7484.57 -9589.39 -11873.6 -14302.5 -16839.4 -19445.7 -22082 -24708.3 -27284.8 -29772.5 -32133.5 -34332.2 -36335.1 -38112.1 -39636 -40883.8 -41836.6 -42479.9 -42804 -42844.7 -42844.7 -42844.7 -42844.7 -42844.7 -42844.7 -42844.7 -42844.7 -42844.7 -42844.7 -42844.7 -42844.7 -42844.7 -42844.7 -42844.7 -42844.7 -42844.7 -42844.7 -42844.7 -42844.7 -42844.7 -42844.7 -42844.7 -42844.7 -42844.7 -42844.7 -42844.7 -42844.7 -42844.7 -42844.7 -42844.7 -42844.7 -42844.7 -42844.7 -42844.7 -42844.7 -42844.7 -42844.7 -42844.7 -42844.7 -42844.7 -42844.7 -42844.7 -42844.7
-0 -186.473 -743.065 -1661.34 -2927.37 -4521.98 -6420.98 -8595.59 -11012.8 -13636.1 -16425.6 -19339.1 -22332.3 -25359.9 -28376.1 -31335 -34191.9 -36903.4 -39428.5 -41728.8 -43769.5 -45519.6 -46952.6 -48046.9 -48785.7 -49157.9 -49204.6 -49204.6 -49204.6 -49204.6 -49204.6 -49204.6 -49204.6 -49204.6 -49204.6 -49204.6 -49204.6 -49204.6 -49204.6 -49204.6 -49204.6 -49204.6 -49204.6 -49204.6 -49204.6 -49204.6 -49204.6 -49204.6 -49204.6 -49204.6 -49204.6 -49204.6 -49204.6 -49204.6 -49204.6 -49204.6 -49204.6 -49204.6 -49204.6 -49204.6 -49204.6 -49204.6 -49204.6 -49204.6 -49204.6 -49204.6 -49204.6 -49204.6 -49204.6 -49204.6
-0 -206.014 -820.934 -1835.44 -3234.15 -4995.86 -7093.86 -9496.36 -12166.9 -15065.1 -18146.9 -21365.7 -24672.6 -28017.5 -31349.7 -34618.8 -37775 -40770.7 -43560.4 -46101.7 -48356.3 -50289.8 -51873 -53081.9 -53898.2 -54309.4 -54361 -54361 -54361 -54361 -54361 -54361 -54361 -54361 -54361 -54361 -54361 -54361 -54361 -54361 -54361 -54361 -54361 -54361 -54361 -54361 -54361 -54361 -54361 -54361 -54361 -54361 -54361 -54361 -54361 -54361 -54361 -54361 -54361 -54361 -54361 -54361 -54361 -54361 -54361 -54361 -54361 -54361 -54361 -54361
-0 -219.767 -875.735 -1957.96 -3450.04 -5329.35 -7567.41 -10130.3 -12979.1 -16070.8 -19358.3 -22791.9 -26319.6 -29887.8 -33442.5 -36929.7 -40296.7 -43492.3 -46468.2 -49179.2 -51584.2 -53646.8 -55335.7 -56625.3 -57496.1 -57934.8 -57989.8 -57989.8 -57989.8 -57989.8 -57989.8 -57989.8 -57989.8 -57989.8 -57989.8 -57989.8 -57989.8 -57989.8 -57989.8 -57989.8 -57989.8 -57989.8 -57989.8 -57989.8 -57989.8 -57989.8 -57989.8 -57989.8 -57989.8 -57989.8 -57989.8 -57989.8 -57989.8 -57989.8 -57989.8 -57989.8 -57989.8 -57989.8 -57989.8 -57989.8 -57989.8 -57989.8 -57989.8 -57989.8 -57989.8 -57989.8 -57989.8 -57989.8 -57989.8 -57989.8
-0 -226.866 -904.024 -2021.21 -3561.49 -5501.51 -7811.86 -10457.5 -13398.4 -16589.9 -19983.6 -23528.2 -27169.8 -30853.3 -34522.8 -38122.7 -41598.4 -44897.3 -47969.3 -50767.9 -53250.6 -55379.8 -57123.3 -58454.5 -59353.4 -59806.3 -59863 -59863 -59863 -59863 -59863 -59863 -59863 -59863 -59863 -59863 -59863 -59863 -59863 -59863 -59863 -59863 -59863 -59863 -59863 -59863 -59863 -59863 -59863 -59863 -59863 -59863 -59863 -59863 -59863 -59863 -59863 -59863 -59863 -59863 -59863 -59863 -59863 -59863 -59863 -59863 -59863 -59863 -59863 -59863
-0 -227.764 -907.602 -2029.21 -3575.58 -5523.28 -7842.78 -10498.9 -13451.4 -16655.6 -20062.7 -23621.3 -27277.3 -30975.4 -34659.4 -38273.6 -41763.1 -45075 -48159.2 -50968.8 -53461.4 -55599 -57349.4 -58685.9 -59588.3 -60043 -60100 -60100 -60100 -60100 -60100 -60100 -60100 -60100 -60100 -60100 -60100 -60100 -60100 -60100 -60100 -60100 -60100 -60100 -60100 -60100 -60100 -60100 -60100 -60100 -60100 -60100 -60100 -60100 -60100 -60100 -60100 -60100 -60100 -60100 -60100 -60100 -60100 -60100 -60100 -60100 -60100 -60100 -60100 -60100
-0 -227.764 -907.602 -2029.21 -3575.58 -5523.28 -7842.78 -10498.9 -13451.4 -16655.6 -20062.7 -23621.3 -27277.3 -30975.4 -34659.4 -38273.6 -41763.1 -45075 -48159.2 -50968.8 -53461.4 -55599 -57349.4 -58685.9 -59588.3 -60043 -60100 -60100 -60100 -60100 -60100 -60100 -60100 -60100 -60100 -60100 -60100 -60100 -60100 -60100 -60100 -60100 -60100 -60100 -60100 -60100 -60100 -60100 -60100 -60100 -60100 -60100 -60100 -60100 -60100 -60100 -60100 -60100 -60100 -60100 -60100 -60100 -60100 -60100 -60100 -60100 -60100 -60100 -60100 -60100
-0 -227.764 -907.602 -2029.21 -3575.58 -5523.28 -7842.78 -10498.9 -13451.4 -16655.6 -20062.7 -23621.3 -27277.3 -30975.4 -34659.4 -38273.6 -41763.1 -45075 -48159.2 -50968.8 -53461.4 -55599 -57349.4 -58685.9 -59588.3 -60043 -60100 -60100 -60100 -60100 -60100 -60100 -60100 -60100 -60100 -60100 -60100 -60100 -60100 -60100 -60100 -60100 -60100 -60100 -60100 -60100 -60100 -60100 -60100 -60100 -60100 -60100 -60100 -60100 -60100 -60100 -60100 -60100 -60100 -60100 -60100 -60100 -60100 -60100 -60100 -60100 -60100 -60100 -60100 -60100
-0 -227.764 -907.602 -2029.21 -3575.58 -5523.28 -7842.78 -10498.9 -13451.4 -16655.6 -20062.7 -23621.3 -27277.3 -30975.4 -34659.4 -38273.6 -41763.1 -45075 -48159.2 -50968.8 -53461.4 -55599 -57349.4 -58685.9 -59588.3 -60043 -60100 -60100 -60100 -60100 -60100 -60100 -60100 -60100 -60100 -60100 -60100 -60100 -60100 -60100 -60100 -60100 -60100 -60100 -60100 -60100 -60100 -60100 -60100 -60100 -60100 -60100 -60100 -60100 -60100 -60100 -60100 -60100 -60100 -60100 -60100 -60100 -60100 -60100 -60100 -60100 -60100 -60100 -60100 -60100
-0 -227.764 -907.602 -2029.21 -3575.58 -5523.28 -7842.78 -10498.9 -13451.4 -16655.6 -20062.7 -23621.3 -27277.3 -30975.4 -34659.4 -38273.6 -41763.1 -45075 -48159.2 -50968.8 -53461.4 -55599 -57349.4 -58685.9 -59588.3 -60043 -60100 -60100 -60100 -60100 -60100 -60100 -60100 -60100 -60100 -60100 -60100 -60100 -60100 -60100 -60100 -60100 -60100 -60100 -60100 -60100 -60100 -60100 -60100 -60100 -60100 -60100 -60100 -60100 -60100 -60100 -60100 -60100 -60100 -60100 -60100 -60100 -60100 -60100 -60100 -60100 -60100 -60100 -60100 -60100
-0 -227.764 -907.602 -2029.21 -3575.58 -5523.28 -7842.78 -10498.9 -13451.4 -16655.6 -20062.7 -23621.3 -27277.3 -30975.4 -34659.4 -38273.6 -41763.1 -45075 -48159.2 -50968.8 -53461.4 -55599 -57349.4 -58685.9 -59588.3 -60043 -60100 -60100 -60100 -60100 -60100 -60100 -60100 -60100 -60100 -60100 -60100 -60100 -60100 -60100 -60100 -60100 -60100 -60100 -60100 -60100 -60100 -60100 -60100 -60100 -60100 -60100 -60100 -60100 -60100 -60100 -60100 -60100 -60100 -60100 -60100 -60100 -60100 -60100 -60100 -60100 -60100 -60100 -60100 -60100
-0 -227.764 -907.602 -2029.21 -3575.58 -5523.28 -7842.78 -10498.9 -13451.4 -16655.6 -20062.7 -23621.3 -27277.3 -30975.4 -34659.4 -38273.6 -41763.1 -45075 -48159.2 -50968.8 -53461.4 -55599 -57349.4 -58685.9 -59588.3 -60043 -60100 -60100 -60100 -60100 -60100 -60100 -60100 -60100 -60100 -60100 -60100 -60100 -60100 -60100 -60100 -60100 -60100 -60100 -60100 -60100 -60100 -60100 -60100 -60100 -60100 -60100 -60100 -60100 -60100 -60100 -60100 -60100 -60100 -60100 -60100 -60100 -60100 -60100 -60100 -60100 -60100 -60100 -60100 -60100
-0 -227.764 -907.602 -2029.21 -3575.58 -5523.28 -7842.78 -10498.9 -13451.4 -16655.6 -20062.7 -23621.3 -27277.3 -30975.4 -34659.4 -38273.6 -41763.1 -45075 -48159.2 -50968.8 -53461.4 -55599 -57349.4 -58685.9 -59588.3 -60043 -60100 -60100 -60100 -60100 -60100 -60100 -60100 -60100 -60100 -60100 -60100 -60100 -60100 -60100 -60100 -60100 -60100 -60100 -60100 -60100 -60100 -60100 -60100 -60100 -60100 -60100 -60100 -60100 -60100 -60100 -60100 -60100 -60100 -60100 -60100 -60100 -60100 -60100 -60100 -60100 -60100 -60100 -60100 -60100
-0 -227.764 -907.602 -2029.21 -3575.58 -5523.28 -7842.78 -10498.9 -13451.4 -16655.6 -20062.7 -23621.3 -27277.3 -30975.4 -34659.4 -38273.6 -41763.1 -45075 -48159.2 -50968.8 -53461.4 -55599 -57349.4 -58685.9 -59588.3 -60043 -60100 -60100 -60100 -60100 -60100 -60100 -60100 -60100 -60100 -60100 -60100 -60100 -60100 -60100 -60100 -60100 -60100 -60100 -60100 -60100 -60100 -60100 -60100 -60100 -60100 -60100 -60100 -60100 -60100 -60100 -60100 -60100 -60100 -60100 -60100 -60100 -60100 -60100 -60100 -60100 -60100 -60100 -60100 -60100
-0 -227.764 -907.602 -2029.21 -3575.58 -5523.28 -7842.78 -10498.9 -13451.4 -16655.6 -20062.7 -23621.3 -27277.3 -30975.4 -34659.4 -38273.6 -41763.1 -45075 -48159.2 -50968.8 -53461.4 -55599 -57349.4 -58685.9 -59588.3 -60043 -60100 -60100 -60100 -60100 -60100 -60100 -60100 -60100 -60100 -60100 -60100 -60100 -60100 -60100 -60100 -60100 -60100 -60100 -60100 -60100 -60100 -60100 -60100 -60100 -60100 -60100 -60100 -60100 -60100 -60100 -60100 -60100 -60100 -60100 -60100 -60100 -60100 -60100 -60100 -60100 -60100 -60100 -60100 -60100
-0 -227.764 -907.602 -2029.21 -3575.58 -5523.28 -7842.78 -10498.9 -13451.4 -16655.6 -20062.7 -23621.3 -27277.3 -30975.4 -34659.4 -38273.6 -41763.1 -45075 -48159.2 -50968.8 -53461.4 -55599 -57349.4 -58685.9 -59588.3 -60043 -60100 -60100 -60100 -60100 -60100 -60100 -60100 -60100 -60100 -60100 -60100 -60100 -60100 -60100 -60100 -60100 -60100 -60100 -60100 -60100 -60100 -60100 -60100 -60100 -60100 -60100 -60100 -60100 -60100 -60100 -60100 -60100 -60100 -60100 -60100 -60100 -60100 -60100 -60100 -60100 -60100 -60100 -60100 -60100
-0 -227.764 -907.602 -2029.21 -3575.58 -5523.28 -7842.78 -10498.9 -13451.4 -16655.6 -20062.7 -23621.3 -27277.3 -30975.4 -34659.4 -38273.6 -41763.1 -45075 -48159.2 -50968.8 -53461.4 -55599 -57349.4 -58685.9 -59588.3 -60043 -60100 -60100 -60100 -60100 -60100 -60100 -60100 -60100 -60100 -60100 -60100 -60100 -60100 -60100 -60100 -60100 -60100 -60100 -60100 -60100 -60100 -60100 -60100 -60100 -60100 -60100 -60100 -60100 -60100 -60100 -60100 -60100 -60100 -60100 -60100 -60100 -60100 -60100 -60100 -60100 -60100 -60100 -60100 -60100
-0 -227.764 -907.602 -2029.21 -3575.58 -5523.28 -7842.78 -10498.9 -13451.4 -16655.6 -20062.7 -23621.3 -27277.3 -30975.4 -34659.4 -38273.6 -41763.1 -45075 -48159.2 -50968.8 -53461.4 -55599 -57349.4 -58685.9 -59588.3 -60043 -60100 -60100 -60100 -60100 -60100 -60100 -60100 -60100 -60100 -60100 -60100 -60100 -60100 -60100 -60100 -60100 -60100 -60100 -60100 -60100 -60100 -60100 -60100 -60100 -60100 -60100 -60100 -60100 -60100 -60100 -60100 -60100 -60100 -60100 -60100 -60100 -60100 -60100 -60100 -60100 -60100 -60100 -60100 -60100
-0 -227.764 -907.602 -2029.21 -3575.58 -5523.28 -7842.78 -10498.9 -13451.4 -16655.6 -20062.7 -23621.3 -27277.3 -30975.4 -34659.4 -38273.6 -41763.1 -45075 -48159.2 -50968.8 -53461.4 -55599 -57349.4 -58685.9 -59588.3 -60043 -60100 -60100 -60100 -60100 -60100 -60100 -60100 -60100 -60100 -60100 -60100 -60100 -60100 -60100 -60100 -60100 -60100 -60100 -60100 -60100 -60100 -60100 -60100 -60100 -60100 -60100 -60100 -60100 -60100 -60100 -60100 -60100 -60100 -60100 -60100 -60100 -60100 -60100 -60100 -60100 -60100 -60100 -60100 -60100
-0 -227.764 -907.602 -2029.21 -3575.58 -5523.28 -7842.78 -10498.9 -13451.4 -16655.6 -20062.7 -23621.3 -27277.3 -30975.4 -34659.4 -38273.6 -41763.1 -45075 -48159.2 -50968.8 -53461.4 -55599 -57349.4 -58685.9 -59588.3 -60043 -60100 -60100 -60100 -60100 -60100 -60100 -60100 -60100 -60100 -60100 -60100 -60100 -60100 -60100 -60100 -60100 -60100 -60100 -60100 -60100 -60100 -60100 -60100 -60100 -60100 -60100 -60100 -60100 -60100 -60100 -60100 -60100 -60100 -60100 -60100 -60100 -60100 -60100 -60100 -60100 -60100 -60100 -60100 -60100
-0 -227.764 -907.602 -2029.21 -3575.58 -5523.28 -7842.78 -10498.9 -13451.4 -16655.6 -20062.7 -23621.3 -27277.3 -30975.4 -34659.4 -38273.6 -41763.1 -45075 -48159.2 -50968.8 -53461.4 -55599 -57349.4 -58685.9 -59588.3 -60043 -60100 -60100 -60100 -60100 -60100 -60100 -60100 -60100 -60100 -60100 -60100 -60100 -60100 -60100 -60100 -60100 -60100 -60100 -60100 -60100 -60100 -60100 -60100 -60100 -60100 -60100 -60100 -60100 -60100 -60100 -60100 -60100 -60100 -60100 -60100 -60100 -60100 -60100 -60100 -60100 -60100 -60100 -60100 -60100
-0 -227.764 -907.602 -2029.21 -3575.58 -5523.28 -7842.78 -10498.9 -13451.4 -16655.6 -20062.7 -23621.3 -27277.3 -30975.4 -34659.4 -38273.6 -41763.1 -45075 -48159.2 -50968.8 -53461.4 -55599 -57349.4 -58685.9 -59588.3 -60043 -60100 -60100 -60100 -60100 -60100 -60100 -60100 -60100 -60100 -60100 -60100 -60100 -60100 -60100 -60100 -60100 -60100 -60100 -60100 -60100 -60100 -60100 -60100 -60100 -60100 -60100 -60100 -60100 -60100 -60100 -60100 -60100 -60100 -60100 -60100 -60100 -60100 -60100 -60100 -60100 -60100 -60100 -60100 -60100
-0 -227.764 -907.602 -2029.21 -3575.58 -5523.28 -7842.78 -10498.9 -13451.4 -16655.6 -20062.7 -23621.3 -27277.3 -30975.4 -34659.4 -38273.6 -41763.1 -45075 -48159.2 -50968.8 -53461.4 -55599 -57349.4 -58685.9 -59588.3 -60043 -60100 -60100 -60100 -60100 -60100 -60100 -60100 -60100 -60100 -60100 -60100 -60100 -60100 -60100 -60100 -60100 -60100 -60100 -60100 -60100 -60100 -60100 -60100 -60100 -60100 -60100 -60100 -60100 -60100 -60100 -60100 -60100 -60100 -60100 -60100 -60100 -60100 -60100 -60100 -60100 -60100 -60100 -60100 -60100
