Code/MW_40/1000/MW_40_1000_300/2.9_40_1000_topography_anomaly.grd
DSAA
181 201
-5400000.0 5400000.0
-6000000.0 6000000.0
-5639.123812004893 21096.64618799511
[rows 145 to 173 of 201, columns 0 to 64 of 181]
-0 -92.8005 -346.659 -710.648 -1097.62 -1458.06 -1746.12 -2565.07 -2903.25 -3013.95 -3156.9 -3136.54 -3205.71 -3184.36 -3245.39 -3372.26 -3393.57 -3365.19 -3422.24 -3394.83 -3400.52 -3396.34 -3388.83 -3325.7 -3351.61 -3353.04 -3336.07 -3330.15 -3324.55 -3312.97 -3283.47 -3277.47 -3253.85 -3214.69 -3234.6 -3248.37 -3260.3 -3262.34 -3258.31 -3222.35 -3229.78 -3206.69 -3160.93 -3147.77 -3129.84 -3093.74 -3055.65 -3002.87 -2954.64 -2845.41 -2744.95 -2613.46 -2450.84 -2348.94 -2179.01 -1999.12 -1839.65 -1670.82 -1545.47 -1411.81 -1308.73 -1231.9 -1213.52 -1026.82 -915.174
-0 -94.1794 -354.7 -754.406 -1193.32 -1645.2 -1964.07 -2580.8 -2785.98 -3153.8 -3231.3 -3110.3 -3226.62 -3194.5 -3260.37 -3382.12 -3385.34 -3367.53 -3410.63 -3391.99 -3401.46 -3394.43 -3389.04 -3381.59 -3370.11 -3361.04 -3331.32 -3318.48 -3322.28 -3310.53 -3290.86 -3279.65 -3266.21 -3232.36 -3237.6 -3255.02 -3265.83 -3262.78 -3257.67 -3240.36 -3225.62 -3212.6 -3108.99 -3152.7 -3107.65 -3064.57 -3034.6 -2957.34 -2901.05 -2793.6 -2717.62 -2563.82 -2437.27 -2340.25 -2173.42 -2030.5 -1849.02 -1707.16 -1630.16 -1514.81 -1421.24 -1341.36 -1254.09 -1159.82 -1089.1
-0 -95.6932 -359.499 -756.301 -1244.61 -1729.72 -2210.67 -2521.9 -2805.64 -3137.89 -3137.35 -3183.45 -3202.57 -3238.33 -3314.42 -3378.06 -3378.31 -3384.46 -3419.01 -3403.75 -3404.39 -3389.41 -3384.76 -3386.18 -3374.1 -3346.16 -3319.81 -3307.14 -3323 -3296 -3293.03 -3282.87 -3277.93 -3276.21 -3238.56 -3247.04 -3289.08 -3258.89 -3262.71 -3222.61 -3213.48 -3202.92 -3179.64 -3153.06 -3101.37 -3047.82 -3034.09 -2971.34 -2844.35 -2735.11 -2687.77 -2550.59 -2435.12 -2333.91 -2192.8 -2033.61 -1891.94 -1804.39 -1695.12 -1600.38 -1518.46 -1432.05 -1319.95 -1243.51 -1107.8
-0 -99.1626 -350.483 -758.038 -1273.15 -1707.65 -2207.79 -2522.29 -3035.86 -3245.49 -3252.6 -3212.16 -3227.13 -3305.87 -3308.45 -3356.49 -3439.42 -3420.36 -3382.24 -3395.08 -3415.13 -3390.18 -3376.42 -3350.45 -3344.52 -3344.17 -3330.02 -3323.16 -3351.4 -3280.01 -3288.18 -3293.26 -3284.06 -3280.2 -3255.69 -3259.32 -3327.45 -3249.65 -3257.97 -3214.27 -3207.56 -3200.35 -3173.77 -3136.94 -3066.83 -3048.35 -3008.22 -2938.43 -2844.82 -2751.75 -2652.97 -2572.08 -2428.98 -2343.29 -2249.97 -2093.16 -1983.96 -1863.46 -1788.76 -1693.24 -1600.58 -1525.58 -1400.29 -1255.37 -1167.05
-0 -96.4262 -356.75 -780.566 -1284.72 -1772.2 -2112.51 -2300.47 -3142.64 -3259.84 -3265.38 -3256.15 -3212.76 -3241.56 -3318.38 -3355.37 -3455.09 -3440.57 -3387.85 -3400.7 -3417.79 -3399.4 -3386.13 -3355.63 -3361.73 -3331.63 -3331.91 -3340.11 -3358.69 -3220.91 -3299.11 -3309.2 -3303.13 -3301.46 -3287.46 -3264.39 -3302.91 -3275.58 -3258.86 -3254.43 -3198.56 -3169.49 -3138.49 -3108.22 -3046.09 -3027.53 -2981.3 -2900.74 -2832 -2724.14 -2648.54 -2557.24 -2467.04 -2326.22 -2235.49 -2116.84 -2025.69 -1933.92 -1862.29 -1771.96 -1672.45 -1590.38 -1424.73 -1324.06 -1289.13
-0 -94.889 -366.542 -778.811 -1301.4 -1825.49 -2100.72 -2164.38 -3150.86 -3266.95 -3250.99 -3253.43 -3164.36 -3198.51 -3367.29 -3392.94 -3461.24 -3447.54 -3401.15 -3429.36 -3424.11 -3411.75 -3396.41 -3374.92 -3354.92 -3346.33 -3337.17 -3358.15 -3358.1 -3265 -3314.95 -3316.24 -3308.98 -3303.96 -3285.08 -3258.87 -3258.53 -3269.75 -3251.87 -3208.83 -3193.5 -3171.72 -3127.83 -3085 -3027.41 -2991.2 -2942.82 -2883.19 -2815.06 -2705.88 -2636.07 -2540.91 -2442.82 -2334.24 -2235.08 -2152.32 -2058.1 -1978.23 -1913.08 -1828.32 -1708.63 -1619.63 -1498.32 -1394.33 -1351.76
-0 -94.835 -367.364 -776.603 -1316.86 -1856.13 -2147.64 -2180.84 -3166.73 -3231.23 -3252.36 -3150.25 -3142.53 -3193.16 -3409.16 -3414.04 -3451.49 -3464.9 -3467.64 -3428.95 -3434.24 -3422.64 -3404.69 -3381.69 -3370.4 -3354.16 -3367.91 -3359.93 -3358.92 -3348.04 -3325.89 -3306.23 -3301.14 -3294.07 -3260.52 -3269.63 -3244.9 -3255.32 -3220.19 -3213.43 -3186.59 -3187.55 -3113.26 -3066.4 -3008.91 -2958 -2906.82 -2830.12 -2772.51 -2697.3 -2604.52 -2522.88 -2404.68 -2349.2 -2216.05 -2186.53 -2291.02 -2016.07 -1947 -1866.77 -1731 -1637.57 -1540.41 -1486.6 -1413.13
-0 -95.0723 -367.715 -789.426 -1317.15 -1868 -2240.25 -2669.55 -3162.17 -3222.67 -3229.03 -3151.28 -3206.8 -3232.87 -3327.94 -3397.94 -3452.05 -3488.25 -3469.75 -3435.11 -3424.13 -3426.25 -3407.23 -3381.37 -3385.03 -3380.64 -3375.16 -3376.24 -3379.86 -3384.87 -3362.15 -3311.52 -3277.86 -3275.01 -3276.86 -3310.8 -3382.1 -3247.48 -3232.2 -3210.06 -3167.07 -3147.05 -3106.34 -3068.56 -2990.86 -2957.6 -2904.25 -2787.56 -2729.25 -2645.11 -2556.44 -2498.33 -2414.06 -2351.56 -2253.41 -2545.23 -2592.09 -2056.07 -1967.94 -1899.27 -1790.94 -1684.71 -1614.76 -1584.29 -1495.52
-0 -95.8138 -367.751 -793.476 -1319.85 -1853.95 -2341.17 -2803.55 -3080.51 -3235.17 -3235.18 -3211.82 -3241.96 -3330.37 -3408.37 -3448.79 -3490.46 -3506 -3466.54 -3453.29 -3431.25 -3416.22 -3403.46 -3396.55 -3405.19 -3400.36 -3404.58 -3387.27 -3388.08 -3374.01 -3372.63 -3308.39 -3304.06 -3295.25 -3289.37 -3293.41 -3249.75 -3252.49 -3217.56 -3201.21 -3168.97 -3122.17 -3086.08 -3060.11 -2963.35 -2946.11 -2878.06 -2777.6 -2718.63 -2622.64 -2570.76 -2479.74 -2413.4 -2360.72 -2283.59 -2203.94 -2623.74 -2097.33 -2028.48 -1950.98 -1866.26 -1789.28 -1742.66 -1646.42 -1588.01
-0 -96.5396 -368.907 -801.838 -1333.46 -1870.26 -2382.4 -2821.6 -3098.52 -3249.02 -3264.75 -3300.15 -3271 -3401.64 -3459.11 -3447.08 -3472.37 -3484.19 -3467.7 -3480.84 -3450.73 -3416.88 -3393.6 -3408.61 -3420.3 -3418.16 -3433.92 -3383.11 -3384 -3373.85 -3377.49 -3314.29 -3329.01 -3285.71 -3282.4 -3260.2 -3166.29 -3248.2 -3220.87 -3184.9 -3184.88 -3113.35 -3091.11 -3043.94 -2942.03 -2924.75 -2870.22 -2721.85 -2668.67 -2554.51 -2567.17 -2482.88 -2421.15 -2375.64 -2316.58 -2256.61 -2201.99 -2121.74 -2068.61 -1993.49 -1933.38 -1877.89 -1799.21 -1728.9 -1686.98
-0 -97.1007 -368.263 -811.341 -1362.09 -1940.39 -2397.72 -2843.71 -3123.22 -3262.26 -3307.57 -3350.9 -3344.23 -3416.84 -3445.65 -3373.16 -3416.3 -3470.26 -3489.13 -3511.93 -3478.03 -3432.83 -3370.42 -3416.67 -3428.54 -3427.78 -3417.21 -3396.24 -3359.82 -3405.98 -3379.28 -3343.55 -3334.06 -3329.29 -3275.16 -3237.25 -3229.16 -3221.26 -3220.08 -3153.55 -3187.09 -3155.49 -3062.09 -3022.53 -2931.49 -2908.13 -2816.09 -2619.54 -2522.84 -2484.44 -2528.24 -2514.55 -2442.56 -2381.16 -2348.01 -2294.01 -2214.4 -2142.46 -2076.21 -2018.37 -1971.47 -1920.05 -1865.24 -1806.35 -1742.89
-0 -97.6616 -378.038 -813.368 -1328.28 -1902.06 -2406.85 -2857.83 -3091.94 -3227.31 -3299.83 -3292.14 -3353.24 -3417.03 -3460.37 -3429.09 -3463.94 -3464.32 -3515.5 -3527.19 -3484.95 -3458.68 -3449.66 -3441.97 -3422.22 -3427.85 -3416.33 -3389.79 -3311.33 -3343.93 -3362.25 -3340.86 -3330.57 -3301.51 -3312.21 -3250.49 -3236.47 -3236.78 -3216.01 -3076.97 -3147.79 -3117.82 -3056.74 -3000.64 -2955.38 -2921.74 -2833.33 -2515.61 -2720.73 -3403.27 -2301.88 -2420.22 -2506.01 -2430.39 -2375.16 -2332.26 -2282.81 -2220.93 -2158.86 -2083.92 -2056.71 -1997.39 -1887.71 -1804.58 -1791.35
-0 -98.3874 -384.401 -809.973 -1315.05 -1883.43 -2413.28 -2860.66 -3086.8 -3259.97 -3322.33 -3200.56 -3315.41 -3432.43 -3473.8 -3457.88 -3467.17 -3508.46 -3531.76 -3528.77 -3489.04 -3478.13 -3474.06 -3447.68 -3425.18 -3422.22 -3412.71 -3385.69 -3302.35 -3323.2 -3343.9 -3317.19 -3318.13 -3304.82 -3312.89 -3256.78 -3240.97 -3241.48 -3180.95 -3102.27 -3121.88 -3126.56 -3051.59 -3000.1 -2947.32 -2947.31 -2844.4 -2566.74 -3288.51 -3963.61 -2529.7 -2410.02 -2524.25 -2472.55 -2413.28 -2373.43 -2330.43 -2273.26 -2222.03 -2166.97 -2135.39 -2071.35 -1947.52 -1894.26 -1844.9
-0 -99.2866 -387.901 -819.688 -1328.65 -1887.3 -2418.26 -2884.27 -3149.81 -3306.67 -3269.79 -3096.48 -3198.15 -3463.39 -3466.04 -3466.36 -3516.69 -3523.71 -3531.12 -3518.89 -3494.97 -3480.41 -3474.04 -3458.66 -3422.44 -3411.25 -3415.34 -3388.98 -3334.63 -3331.61 -3322.93 -3323.35 -3319.95 -3328.27 -3297.08 -3273.25 -3243.6 -3239.66 -3204.73 -3153.05 -3140.32 -3113.67 -3079.26 -3023.15 -2905.72 -2976.12 -2882.7 -2821.61 -3548.89 -3964.27 -2610.06 -2473.25 -2502.41 -2523.16 -2473.69 -2427.21 -2363.23 -2294.99 -2282.63 -2267.05 -2204.12 -2130.9 -2040.89 -1972.48 -1913.7
-0 -100.186 -386.22 -815.006 -1344.5 -1861.34 -2412.14 -2876.3 -3170.82 -3293.57 -3229.97 -3563.98 -3205.73 -3453.03 -3490.9 -3509.45 -3576.07 -3518.27 -3511.22 -3507.04 -3509.34 -3489.59 -3497.59 -3462.52 -3409.51 -3422.56 -3427.28 -3397.61 -3370 -3324.54 -3334.6 -3319.54 -3311.03 -3268.33 -3309.67 -3249.48 -3235.47 -3226.35 -3164.26 -3122.92 -3141.92 -3110.74 -3088.72 -3028.28 -3054.49 -2965 -2871.55 -2843.15 -3222.47 -3129.98 -2862.2 -2561.37 -2533.43 -2532.39 -2506.16 -2464.64 -2409.27 -2345.02 -2313.76 -2301.29 -2245.11 -2188.23 -2101.7 -2031.74 -1994.44
-0 -100.622 -386.19 -814.288 -1353.14 -1867.14 -2445.36 -2880.92 -3179.86 -3333.13 -3262.01 -3687.34 -3145.26 -3459.69 -3503.77 -3529.03 -3515.47 -3515.15 -3486.62 -3516.31 -3518.41 -3497.64 -3503.92 -3465.32 -3431.85 -3419.9 -3426.85 -3416.94 -3400.02 -3346.79 -3338.96 -3317.84 -3295.74 -3255.1 -3274.05 -3242.04 -3250 -3203.64 -3157.52 -3135.67 -3138.4 -3107.21 -3102.54 -3027.87 -3096.21 -2958.86 -2866.19 -2792.76 -2696.01 -2608.18 -2691.48 -2623.39 -2551.25 -2553.64 -2540.24 -2510.3 -2442.56 -2406.25 -2362.34 -2333.27 -2277.2 -2233.95 -2166.99 -2101.95 -2071.44
-0 -100.4 -387.764 -827.958 -1349.52 -1929.21 -2535.48 -2890.97 -3232.79 -3376.01 -3361.05 -3405.72 -3370.56 -3489.73 -3488 -3469.43 -3440.66 -3511.01 -3509.6 -3511.93 -3517.79 -3500.77 -3501.83 -3495.09 -3433.37 -3405.44 -3446.84 -3467 -3413.79 -3403.74 -3345.24 -3321.66 -3303.63 -3234.71 -3249.6 -3264.57 -3297.57 -3183.18 -3196.31 -3170.69 -3133.79 -3118.69 -3080.64 -3033.5 -3000.46 -2959.41 -2861.92 -2857.22 -2740.49 -2711.55 -2717.75 -2672.21 -2546.87 -2577.69 -2574.68 -2543.57 -2494.22 -2463.53 -2415.53 -2361.43 -2302.86 -2270.34 -2234.61 -2174.48 -2121.01
-0 -100.177 -391.001 -828.728 -1345.74 -1957.92 -2544.53 -2932.86 -3269.41 -3404.95 -3397.96 -3387.52 -3426.32 -3484.01 -3482.85 -3428.67 -3473.37 -3483.01 -3541.94 -3549.57 -3511.45 -3523.53 -3504.26 -3492.17 -3456.68 -3402.62 -3437.33 -3455.34 -3416.47 -3415.74 -3338.87 -3312.67 -3323.85 -3279.49 -3278.82 -3288.73 -3283.9 -3227.88 -3241.17 -3190.38 -3127.14 -3134.87 -3090.35 -3051.46 -3024.18 -2998.27 -2938.68 -2905.72 -2791 -2805 -2778.87 -2694.15 -2639.91 -2621.8 -2613.54 -2583.11 -2524 -2513.07 -2443.26 -2392.11 -2344 -2313.17 -2279.92 -2226.92 -2203.64
-0 -100.064 -392.335 -816.086 -1355.57 -1978.06 -2546.45 -2973.87 -3296.28 -3416.89 -3431.44 -3426.33 -3434.91 -3478.01 -3477.89 -3436.28 -3457.39 -3492.35 -3605.72 -3553.83 -3496.72 -3544.52 -3502.6 -3509.83 -3460.76 -3389.03 -3445.2 -3419.38 -3424.32 -3425.99 -3340.55 -3323.59 -3384.73 -3339.62 -3329.98 -3308.45 -3271.39 -3272.8 -3265.1 -3195.39 -3161.24 -3138.05 -3119.42 -3070.1 -3063.52 -3056.19 -3023.54 -2962.29 -2881.06 -2871.19 -2816.53 -2718.77 -2734.18 -2678.43 -2648.39 -2611 -2574.03 -2551.9 -2477.71 -2426.5 -2387.79 -2356.45 -2327.84 -2316.18 -2289.83
-0 -100.475 -393.017 -827.896 -1381.23 -1982.23 -2557.56 -2990.27 -3305.21 -3426.09 -3440.72 -3435.22 -3433.41 -3502.88 -3469.59 -3418.51 -3458.74 -3486.8 -3547.81 -3517.7 -3493.76 -3546.29 -3523.32 -3527.42 -3471.18 -3434.89 -3447.98 -3451.47 -3441.5 -3451.46 -3398.59 -3338.35 -3377.99 -3356.42 -3362.28 -3358.08 -3333.58 -3302.41 -3249.71 -3228.9 -3225.59 -3157.08 -3138.96 -3105.04 -3080.1 -3057.38 -3030.64 -2983.23 -2927.74 -2914.08 -2860.14 -2799.31 -2785.11 -2749.49 -2678.74 -2673.4 -2604.37 -2601.65 -2551.15 -2473.88 -2431.67 -2409.18 -2392.62 -2391.55 -2357.49
-0 -100.78 -393.71 -838.618 -1399.24 -1989.7 -2564.87 -2997.85 -3312.53 -3443.99 -3444.22 -3454.2 -3440.15 -3491.91 -3473.36 -3451.16 -3465.8 -3515.57 -3504.67 -3513.31 -3500.64 -3554.65 -3544.81 -3524.76 -3506.5 -3444.86 -3473.96 -3472.36 -3446.82 -3459.93 -3454.73 -3365.17 -3385.27 -3380.01 -3384.93 -3372.81 -3360.05 -3312.9 -3284.17 -3286.71 -3234.5 -3172.18 -3163.5 -3123.41 -3086.98 -3066.86 -3044.6 -2996.9 -2963.7 -2917.87 -2880.12 -2850.59 -2831.05 -2792.42 -2716.27 -2710.92 -2655.28 -2623.58 -2597.41 -2529.88 -2491.04 -2458.06 -2456.49 -2445.35 -2416.75
-0 -100.971 -395.486 -846.341 -1405.9 -2000.84 -2565.73 -2994.27 -3327.25 -3452.23 -3471.98 -3450.75 -3470.06 -3444.17 -3494.64 -3508.41 -3505.38 -3544.62 -3526.31 -3505.26 -3528.25 -3566.73 -3567.84 -3524.96 -3509.03 -3486.99 -3487.08 -3466.04 -3439.34 -3440.37 -3531.52 -3389.87 -3387.47 -3396.69 -3350.99 -3358.43 -3348.54 -3322.68 -3330.72 -3300.38 -3240.71 -3201.94 -3180.76 -3115.36 -3083.53 -3081.67 -3050.58 -3065.98 -3042.96 -2902.66 -2902.55 -2870.72 -2866.71 -2806.23 -2766.85 -2738.58 -2677.25 -2648.87 -2632.49 -2595.45 -2566.96 -2531.1 -2500.38 -2490.56 -2477.59
-0 -101.761 -398.786 -853.621 -1400.2 -2004.85 -2548.24 -3007.18 -3338.74 -3459.77 -3492.38 -3485.65 -3495.54 -3437.22 -3520.68 -3527.75 -3521.68 -3534.28 -3523.6 -3504.84 -3522.1 -3549.22 -3559.03 -3537.58 -3491.77 -3482.27 -3493.67 -3487.02 -3457.96 -3482.59 -3469.43 -3410.91 -3409.91 -3408.33 -3354.04 -3363.81 -3370.69 -3322.65 -3321.47 -3304.66 -3252.08 -3213.87 -3204.14 -3148.17 -3101.6 -3104.83 -3077.89 -3129.81 -2980.31 -2941.85 -2937.84 -2914.85 -2895.13 -2840.52 -2809.43 -2775.7 -2696.91 -2702.73 -2689.26 -2662.73 -2633.15 -2593.36 -2568.49 -2539.56 -2534.07
-0 -102.755 -393.892 -852.576 -1395.31 -2007.47 -2530.68 -3018.7 -3348.04 -3482.24 -3514.18 -3521.02 -3510.05 -3442.24 -3534.44 -3538.41 -3509.65 -3520.87 -3519.13 -3513.76 -3498.11 -3520.87 -3555 -3533.3 -3466.62 -3481.61 -3511.52 -3526.07 -3484.18 -3509.88 -3415.87 -3439.46 -3423.02 -3406.66 -3399.79 -3359.91 -3404.72 -3306.14 -3311.81 -3314.39 -3255.01 -3237.3 -3232.03 -3200.61 -3125.48 -3119.9 -3125.32 -3043.94 -3008.35 -3039.49 -2929.47 -2976.77 -2925.64 -2881.11 -2849.09 -2799.38 -2754.38 -2763.54 -2753.29 -2730.79 -2696.01 -2658.74 -2628.85 -2592.6 -2591.53
-0 -103.748 -399.449 -859.848 -1402.54 -2019.94 -2554.77 -3088.3 -3412.41 -3493.2 -3518.27 -3484.85 -3480.85 -3486.96 -3537.3 -3536.97 -3520.1 -3479.9 -3534.03 -3538.08 -3523.91 -3529 -3531.74 -3507.76 -3451.58 -3468.69 -3506.31 -3501.61 -3510.04 -3515.76 -3472.71 -3440.9 -3464.29 -3441.62 -3427.69 -3397.3 -3407.7 -3356.7 -3283.24 -3288.14 -3277.11 -3277.01 -3238.49 -3186.86 -3170.66 -3162.11 -3157.42 -3067.51 -3094.55 -3058.48 -3004.82 -2995.62 -2962.59 -2921.06 -2863.34 -2833.25 -2803.5 -2817.45 -2795.24 -2768.62 -2742.55 -2714.35 -2680.15 -2637.78 -2667.77
-0 -104.72 -401.515 -862.598 -1410.68 -2034.12 -2580.32 -3143.45 -3431.64 -3505.7 -3505.4 -3434.28 -3469.61 -3528.09 -3538.52 -3544.63 -3488.61 -3501.95 -3547.17 -3568.35 -3549.87 -3536.86 -3511.39 -3486.68 -3440.17 -3478.92 -3550.1 -3480.61 -3539.28 -3533.74 -3501.23 -3441.28 -3462.31 -3484.6 -3456.03 -3439.59 -3411.17 -3387.21 -3265.7 -3299.88 -3329.57 -3285.2 -3246.68 -3170.38 -3215.32 -3207.74 -3187.37 -3151.48 -3129.02 -3087.13 -3056.77 -3009.31 -2999.12 -2949.93 -2893.58 -2878.87 -2863.02 -2860.76 -2834.94 -2805.32 -2787.05 -2767.17 -2726.33 -2718.52 -2729.18
-0 -105.508 -402.78 -867.816 -1425.97 -2057.75 -2544.24 -3095.42 -3407.3 -3538.31 -3523.39 -3503.32 -3530.44 -3532.27 -3541.14 -3567.11 -3511.62 -3558.79 -3552.25 -3581.63 -3574.82 -3564.06 -3534.92 -3443.27 -3488.15 -3665.37 -3897.28 -3500.75 -3542.42 -3539.5 -3497.57 -3498.81 -3515.05 -3498.36 -3471.04 -3456.48 -3436.27 -3402.38 -3348.85 -3318.7 -3345.19 -3317.63 -3279.46 -3236 -3244.08 -3222.38 -3205.15 -3197.5 -3166.68 -3121.42 -3092.54 -3066.84 -3038.34 -2979.21 -2944.64 -2930.39 -2902.17 -2899.42 -2868.26 -2852.39 -2802.22 -2818.42 -2777.58 -2780.38 -2780.61
-0 -106.296 -406.437 -872.163 -1443.53 -2079.88 -2530.04 -3072.57 -3433.23 -3538.6 -3551.81 -3574.91 -3576.65 -3537.46 -3552.89 -3577.18 -3573.85 -3567.56 -3577.92 -3598.98 -3595.27 -3588.99 -3540.83 -3479.91 -3473.01 -4266.35 -3769.62 -3530.13 -3549.25 -3546.73 -3525.71 -3543.92 -3535.9 -3496.28 -3495.21 -3472.86 -3459.83 -3435.65 -3389.5 -3321.48 -3341.37 -3344 -3316.92 -3297.79 -3271.9 -3241.28 -3237.94 -3223.1 -3193.02 -3150.69 -3130.53 -3117.02 -3080.37 -3024.53 -2980.01 -2958.98 -2937.81 -2946.2 -2903.58 -2902.24 -2834.72 -2869.05 -2838.69 -2822.06 -2829.94
-0 -107.084 -410.284 -881.636 -1460.44 -2092.63 -2613.4 -3095.76 -3454.3 -3521.95 -3547.77 -3575.42 -3588.29 -3547.06 -3575.12 -3533.22 -3602.85 -3631.76 -3630.22 -3605.96 -3598.8 -3606.17 -3592.37 -3565.8 -3494.29 -4073.99 -3521.08 -3558.29 -3569.97 -3568.45 -3555.52 -3541.9 -3539.77 -3511.94 -3497.74 -3496.61 -3476.5 -3453.74 -3414.25 -3389.19 -3387.63 -3394.88 -3356.24 -3333.16 -3298.68 -3273.11 -3251.58 -3241.98 -3216.37 -3183.67 -3167.87 -3138.24 -3110.18 -3096.78 -3007.14 -2941.75 -2988.57 -3003.95 -2972.76 -2963.88 -2901.41 -2917.05 -2895.28 -2840 -2862.28
