Code/MW_40/1000/MW_40_1000_300/2.9_40_1000_topography_anomaly.grd
DSAA
181 201
-5400000.0 5400000.0
-6000000.0 6000000.0
-5639.123812004893 21096.64618799511
[rows 116 to 144 of 201, columns 65 to 129 of 181]
1652.86 1673.87 2768.81 1952.15 1440.52 1489.61 1629.43 1966.27 2331.45 2634.81 3096.42 2986.11 3031.25 3035.36 2952.27 2091.18 2610.07 2665.77 2622.46 2592.98 2603.66 2804.86 3154.34 3495.78 3509.68 3342.35 3246.14 3190.61 3120.69 2999.61 2671.34 2684.62 2588.88 2340.98 1996.49 1602.42 1245.26 1021.38 824.354 662.483 563.776 508.944 436.983 367.348 192.74 -94.2138 -169.736 -24.8228 -392.604 363.106 354.945 858.143 705.957 529.535 339.063 221.131 230.567 151.877 82.5722 65.8692 30.1462 -30.3018 -92.5778 -210.463 -275.544
2077.23 1518.93 1618.75 1207.28 1228.25 1318.12 1431.09 1735.65 2127.2 2469.25 2733.72 2904.36 3081.51 3081.09 3111.16 3096 2952.9 2775.5 2631.32 2553.77 2540.62 2628.73 2943.84 3151.85 3189.59 3211.54 3099.09 3067.51 2988.55 2952.66 2869.03 2761.23 2597.43 2385.39 2126.37 1680.15 1225.85 986.546 842.206 621.655 472.413 425.593 407.766 328.309 224.132 -88.2598 -245.055 101.113 199.346 94.0942 502.09 836.032 677.43 551.187 405.515 333.611 304.534 174.866 102.391 102.6 15.5492 -708.264 -242.549 -190.205 -565.194
1670.8 1180.62 1068.53 1035.9 1106.55 1209.94 1380.96 1604.43 1918.85 1925.57 2597.14 2871.5 3078.97 3184.98 3220.3 3343.9 3315.61 3225.58 2752.72 2574.91 2542.16 2498.61 2749.85 2944.66 2998.69 3016.78 3011.17 2979.4 2918.2 2897.98 2833.26 2721.9 2615.33 2397.14 2127.17 1770.97 1317.61 1033.16 852.449 701.041 584.22 484.928 394.976 328.011 206.614 -49.1308 -242.729 -5.99381 -172.456 610.678 1168.98 889.918 705.59 631.852 504.113 410.813 346.577 254.009 159.49 103.87 42.3202 -34.6298 -112.831 -170.284 -906.314
824.67 777.719 832.657 898.364 975.551 1120.44 1342.05 1588.11 1881.16 2152.99 2526.71 2865.67 3079.61 3242.7 3326.61 3448.84 3573.41 3534 2869.34 2632.72 2567.05 2628.63 2714.98 2817.59 2892.61 2936.8 2791.89 2956.66 2894.66 2865.27 2801.84 2724.13 2604.87 2429.81 2096.87 1744.4 1121.7 915.89 589.423 755.283 680.096 592.168 515.357 489.831 295.074 180.074 -181.209 -376.014 -214.794 -43.2548 553.317 348.969 728.61 685.517 599.862 494.732 382.556 310.977 263.165 227.077 100.116 -41.9048 -24.0488 -233.521 -317.274
283.629 506.617 661.053 752.227 882.601 1070.45 1364.09 1660.91 1919.3 2213.98 2485.33 2767.9 3040.29 3244.2 3448.83 3540.09 3662.08 3574.85 3200.89 2760.48 2584.01 2614.79 2598.74 2750.39 2857.06 2936.65 2786.12 2434.05 2928.56 2877.06 2781.7 2711.24 2599.44 2498.86 2098.5 1655.75 1217.48 220.951 940.333 865.439 788.333 700.526 657.188 596.789 468.376 346.568 159.378 -219.265 -451.344 -856.384 -816.754 -1377.65 132.92 615.33 562.329 18.9892 -297.694 -429.734 -286.883 263.816 113.754 -2.87981 105.734 -12.1618 -551.654
8.01319 661.067 574.326 683.328 795.577 1097.68 1474.71 1787.07 2077.22 2313.47 2567.8 2805.72 3022.24 3297.16 3491.25 3662.7 3717.36 3783.95 3724.28 3197.11 2581.97 2540.94 2557.26 2758.95 2907.4 2947.04 3216.65 4228.85 2953.19 2873.75 2775.45 2659.5 2538.38 2622.12 2184.4 1522.76 1362.03 1240.12 1050.95 975.924 904.778 766.169 695.086 603.864 543.176 435.596 439.383 195.537 -215.084 -421.114 133.121 174.305 500.051 531.301 38.2872 -924.214 -1294.09 -1169.76 -1207.96 -550.744 -502.854 -532.954 -182.777 245.438 -602.154
-95.9038 1053.33 511.618 653.464 842.268 1261.54 1668.78 1946.04 2224.48 2422.71 2654.28 2917.37 3104.5 3310.11 3600.84 3754.33 3796.92 4005.86 3716.51 3937.4 3066.3 2617.08 2652.24 2815.13 2963.92 2917.81 3161.17 4338.06 5548.08 2842.94 2743.52 2864.99 2738.68 2460.34 2122.89 1465.3 1283 1158.16 1070.65 1021.86 951.927 838.617 802.304 907.569 572.191 449.42 486.574 641.59 120.889 -510.604 822.443 640.943 687.19 503.187 464.324 560.477 585.737 157.772 -854.904 -1528.98 -2047.87 -1883.17 -597.964 -234.192 -525.494
332.819 646.917 448.302 802.548 1125.62 1363.05 1721.63 2060.53 2330.78 2504.81 2692.27 2980.69 3197.18 3373.29 3665.98 3840.47 3913.29 4088.79 3964.91 4147.43 3098.55 2542.27 2283.44 2650.8 2973.09 2826.83 2828.14 2868.15 2771.7 2747.24 3523 3260.99 3575.48 2351.39 1971.02 1481.49 1282.87 1138.89 1085.23 1052.8 986.888 916.279 837.962 848.178 991.888 881.522 807.019 1008.35 207.015 -169.662 -66.7338 -227.534 -227.845 461.426 439.776 468.199 313.418 -658.714 -1614.83 -2091.4 -2216.46 -2287.31 -826.604 -1904.56 -1498.27
338.81 51.9902 648.377 1072.35 1378.7 1534.15 1799.57 2074.65 2421.01 2624.98 2810.71 3030.32 3250.76 3418.02 3630.56 3834.96 4091.73 4188.74 4053.95 3806.74 2997.23 2429.92 2323.55 2558.48 2872.91 2527.62 2647.84 2769.12 2667.81 2615.71 3774.27 3508.48 4038.15 2525.37 1917.7 1512.6 1341.02 1200.87 1151.01 1118.45 1048.55 1078.56 1101.49 1208.11 1537.38 1470.5 1272.33 628.804 130.01 -81.9738 -968.464 -1014.35 -1130.27 -189.18 -502.834 -404.034 -464.064 -1540.48 -1651.86 -1699.11 -1863.29 -571.924 -1601.63 -1878.48 -2202.76
-268.969 -31.1508 1008.79 1129.08 1422.38 1696.72 1948.34 2166.66 2494.85 2666.77 2884.01 3047.32 3243.72 3427.3 3721.15 4267.98 4321.67 4213.98 3916.01 3412.42 2692.27 2398.51 2391.76 2571.84 2714.74 2275.74 2475.57 2456.31 2485.19 2491.18 3103.65 3741.63 3275.18 2499.76 1866.75 1589.25 1386.59 1213.55 1152.22 1135.39 1091.42 1314.6 1542.28 1546.3 1530.81 1419.97 1376.64 317.195 47.0222 -69.3308 -299.924 -232.246 -711.574 -1193.64 -1367.15 -1097.62 -1025.8 -1149.01 -1392.28 -1803.5 -1510.12 -1592.01 -960.054 6.28919 -1839.82
-155.162 333.108 1046.04 1214.02 1511.04 1786.52 2048.85 2290.79 2581.72 2711.51 2935 3041.89 3227.5 3418.35 3998.45 4635.48 4460.04 4202.11 3821.5 3247.54 2630.17 2407.19 2438.1 2551.82 2568.06 2391.11 2305.59 2267.01 2289.37 2335.92 2273.89 2678.37 2491.49 2085.73 1794.2 1577.91 1374.14 1214.48 1118.29 1102.54 1089.84 1403.73 1672.06 1633.12 1425.11 1096.22 1048.32 847.155 199.272 -67.1378 -114.583 -206.536 -400.414 -443.134 -511.454 -651.744 -991.924 -1159.46 -1355.12 -1664.65 -1407.1 -661.544 -479.024 -810.084 -2449.17
339.518 747.157 1067.92 1304.32 1587.77 1881.68 2104.8 2366.39 2579.07 2774.48 2999.28 3088.92 3237.13 3407.78 4048.61 4452.84 4464.46 4225.5 3807.67 3185.05 2604.63 2370.53 2408.97 2493.49 2499.9 2314.93 2214.42 2124.86 2110.42 2139.94 2110.13 2058.24 1960.51 1846.55 1699.95 1524.34 1339.9 1166.88 1076.41 1052.15 1074.52 1398.5 1711.01 1726.11 1367.15 878.585 893.85 808.104 705.025 170.46 81.3552 -196.837 58.8712 -345.464 -133.527 -440.344 -1028.03 -1204.67 -1314.9 -1518.86 -1801.63 -1765.25 -2038.61 -2174.6 -2475.94
598.513 855.966 1125.75 1374.61 1646.64 1934.37 2176.76 2404.04 2623.54 2823.46 3030.96 3100.17 3241.2 3432.77 3643.75 4081.91 4248.9 4145.22 3753.55 3110.79 2567.6 2335.63 2269 2391.3 2299.92 2230.4 2165.63 2082.55 2014.49 1934.68 1956.94 1923.32 1840.06 1731.42 1615.92 1474.71 1340.07 1197.56 1185.64 1074.63 1114.93 1530.93 1810.73 1610.36 1144.2 1060.9 1064.21 721.71 935.462 256.024 588.318 -1.98481 291.311 -133.253 12.9832 -199.937 -733.684 -1536.68 -960.864 -1510.98 -1748.76 -1899.1 -2036.2 -2162.23 -1432.33
718.102 946.742 1185.58 1466.86 1731.99 2023.28 2237.76 2442.58 2679.7 2908.45 3041.56 3135.67 3273 3462.12 3677.32 3860.41 3986.71 3879.63 3624.64 3149.52 2641.78 2361.2 2279.25 2274 2102.15 2197.51 2077.85 1997.29 1912.98 1771.93 1790.25 1794.8 1746.25 1657.9 1546.24 1514.28 1433.88 1338.62 1216.03 1296.38 1281.05 1734.32 1825.76 1423.72 1054.15 982.542 977.518 920.599 821.966 246.662 442.438 247.386 278.336 62.4082 -39.6398 -55.2088 -368.214 -1212.96 -665.464 -1357.83 -1049.39 -537.204 -1063.95 -1115.95 -311.044
801.918 1031.11 1277.51 1542.42 1841.58 2085.83 2312.33 2534.17 2777.53 2977.43 3046.72 3243.48 3407.79 3531.97 3848.81 3949.06 4005.69 3827.06 3665.17 3201.65 2727.06 2451.64 2243.15 2189.64 2126.41 2097.3 1983.53 1886.17 1804.49 1710.31 1701.06 1678.23 1679.24 1680.64 1570.91 1512.92 1528.14 1541.79 1267.9 1509.05 1535.73 1769.75 1753.33 1315.95 1097.44 971.482 865.754 839.794 800.777 741.92 637.187 331.548 188.703 91.0622 -254.78 -262.273 -401.924 -148.714 -487.674 -465.754 -163.704 -108.151 -158.612 -128.24 -278.301
867.804 1088.87 1326.27 1608.63 1913.33 2175.66 2442.02 2722.82 2944.75 3085.86 3178.13 3441.5 3620.4 3800.14 4103.81 4031.51 4151.96 4082.23 3775.57 3266.35 2900.3 2473.66 2105.67 2061.91 1970.39 1979.58 1873.27 1815.8 1726.41 1672.17 1670.15 1630.13 1653.41 1664.89 1806.96 1400.49 1560.04 1517 1364.17 1418.03 1704.93 1856.42 1635.32 1283.26 1141.21 825.099 811.351 823.954 901.448 963.968 758.259 426.667 108.363 -122.591 -278.091 -403.934 -402.594 -282.241 -384.224 -434.364 -438.384 -395.654 -438.704 -360.874 -388.404
897.346 1118.84 1355.74 1671.41 1982.56 2280.33 2558.28 2827.31 3114.67 3325.83 3440.74 3715.62 3971.82 4164.59 4331.64 4400.36 4430.62 4308.58 4179.1 3678.46 3305.85 2772.63 2252.58 1938.62 1912.97 1804.16 1750.32 1703.6 1654.81 1600.23 1608.68 1596.72 1659.53 1662.12 2086.76 1283.45 1579.1 1554.23 1246.75 1177.67 1504.56 1951.83 1739.59 1251.77 1012.23 947.945 977.346 973.863 1177.43 1156.99 837.525 510.597 76.7892 -168.086 -318.784 -374.744 -498.424 -479.094 -512.874 -575.664 -552.154 -564.444 -548.194 -318.794 -670.744
884.654 1105.89 1309.88 1608.48 1858 2210.25 2573.68 2891.46 3218.59 3591.5 3808.84 4112.91 4504.65 4549.22 4613.26 4686.91 4700.19 4812.72 4644.33 4345.56 3853.75 3554.37 2863.21 2201.67 1949.28 1703.88 1525.46 1549.98 1519.37 1543.69 1525.51 1550 1602.66 1929.52 1951.65 1958.65 1584.51 1382.98 1234.73 1222.87 1433.07 1625.28 1527.03 1259.45 1191.86 1278.08 1578.5 1473.39 1523.42 1307.65 854.095 592.531 112.512 -119.116 -337.304 -223.656 -564.364 -541.364 -567.724 -629.624 -546.984 -629.094 -544.444 -549.964 -801.194
873.355 1053.02 1309.99 1518.61 1854.87 2225.69 2619.32 3091.38 3458.14 3879.96 4237.82 4599.76 4858.11 5056.18 5111.82 5168.19 5076.75 5101.04 4914.52 4801.09 4162.53 3797.89 3595 2648.65 2345.36 1859.28 1192.42 1408.91 1409.48 1471.59 1477.65 1460.83 1536.75 1713.06 1832.36 1944.68 1746.81 1340.49 1403.08 1295.18 1380.95 1029.88 1255.65 1213.51 1352.76 1612.53 1772.82 1728.88 1780.63 1747.82 1378.19 1027.83 400.081 -73.2428 -218.076 -411.684 -505.404 -628.844 -636.264 -594.644 -684.244 -647.684 -551.824 -445.734 -841.144
861.778 1057.61 1247.35 1584.49 1817.98 2245.95 2729.77 3343.36 3897.62 4388.13 4772.45 5122.34 5495.88 5749.93 5938.79 5932.21 5634.4 5372.21 5003.97 4922.65 4788.23 4614.7 4095.58 3374.79 2669.06 2159.96 1641.67 1411.09 1293.04 1295.16 1302.48 1362.23 1330.04 1485.35 1565.54 1646.36 1298.52 1677.59 1538.99 1198.11 1201.11 718.125 959.13 1508.97 1617.34 1680.66 1838.77 1835.12 1898.19 2085.83 1930.44 1353.4 813.058 125.416 -265.768 -374.534 -467.274 -968.654 -713.014 -534.334 -757.294 -960.674 -536.384 -479.194 -1380.6
769.662 994.104 1278.96 1513.23 1866.79 2306.11 2889.52 3583.23 4273.4 4860.11 5270.21 5810.04 6107.88 6313.81 6559.72 6558.54 6379.1 6099.56 5470.56 4866.41 4832.84 4864.31 4498.06 3962.63 3193.13 2568.22 1734.85 1306.04 1164.44 1172.55 1223.66 1238.64 1376.88 1515.16 1584.89 1717.22 1822.23 2297.83 2201.3 1091.07 1135.46 1045.72 689.559 835.239 1534.43 1433.03 1466.02 1584.3 1760 2207.71 2152.6 1625.92 1108.23 337.569 -122.916 -254.405 -378.764 -487.064 -553.354 -391.694 -570.604 -911.214 -918.094 -894.864 -761.904
718.387 852.178 1015.67 1327.56 1840.19 2486.5 3256.97 3955.98 4580 5256.79 5723.56 6222.37 6504.63 6459.54 6617.84 6801.23 6704.35 6642.54 5987.63 5121.34 4918.81 5034.47 4886.47 4343.16 3489.03 2712.46 1948.24 1435.28 1159.74 1094.31 1136.91 1198.63 1358.89 1344.6 1499.79 1514.41 1586.39 2486.5 2754.4 1631.32 1349.88 1302.11 1146.27 1083.43 1334.46 1641.07 1974.81 1940.3 1883.34 2234.79 2090.96 1707.44 1210.84 667.297 53.5922 -167.573 -220.991 -354.884 -459.674 -205.489 -609.624 -860.764 -997.554 -1007.95 -1021.11
520.95 690.788 896.457 1295.89 1902.16 2651.89 3472.45 4223.96 4885.52 5440.93 5967.13 6266.07 6321.17 6325.35 6639.65 7019.05 6678.53 6543.57 6373.92 5349.5 4919.72 5076.23 4980.27 4411.27 3669.09 2802.45 2016.15 1465.52 1226.62 1087.65 1084.9 1136.25 1199.59 1366.97 1382.29 1383.07 1517.19 2414.46 2631.46 1833.21 1514.75 1489.54 1302.68 1486.89 1673 1885.4 2090.88 1790.4 2009.97 1966.36 1778.58 1612.63 1387.21 919.555 419.183 111.884 -43.9238 -255.09 -249.642 -136.635 -326.024 -874.704 -994.674 -1066.77 -1096.19
330.755 509.041 813.767 1222.43 1868.74 2636.92 3460.84 4256.2 5011.43 5552.27 5990.58 6177.12 6129.27 6154.1 6597.3 6960.24 6758.28 6525.5 6251.4 5285.27 4860.36 4889.76 4578.84 3976.26 3439.54 2622.39 1890.29 1377.19 1174 1065.64 1114.38 1145.7 1132.66 2577.16 1317.71 1307.02 1745.21 2058.03 2287.99 1855.58 1571.1 1558.92 1570.79 1624.93 1663.77 1813.32 1944.62 1782.73 2156.53 1738.42 1394.78 1506.71 1411.94 991.704 613.218 155.165 -93.0048 112.054 -3.42381 -79.0308 -111.216 -590.344 -873.704 -1023.61 -1091.67
150.983 357.476 769.254 1090.93 1651.77 2411.45 3210.11 4071.77 4793.36 5385.89 5783.18 6052.37 6052.54 5954.71 6324.37 6585.5 6545.67 6318.1 5771.89 5103.16 4761.52 4658.1 4174.39 3401.76 2796.09 2109.41 1558.87 1030.9 967.624 1000.55 1100.11 1158.23 1130.92 2349.52 1324.49 1295.36 1627.3 2227.04 1919.56 1882.1 1637.84 1623.07 1645.97 1664.78 1663.79 1691.15 1697.78 1794.28 2072.31 1514.23 1291.07 1330.32 1326.87 1023.61 720.502 118.604 -51.4318 -228.649 -60.3088 -293.884 -334.384 -549.414 -743.204 -944.234 -932.464
-47.6928 234.77 632.514 925.979 1381.25 2072.67 2887.15 3681.5 4312.23 4963.42 5437.47 5752.27 5810.87 5681.78 5909.12 6093.42 6120.95 5859.12 5277.03 4853.26 4670.53 4514.35 3822.85 2760.36 2096.13 1495.81 1120.54 799.024 816.511 963.025 1069.51 1077.29 1083.23 1134.43 1351.18 1299.24 1311 1997.33 1635 2082.01 1679.76 1660.63 1697.81 1697.2 1543.62 1472.23 1604.71 1859.47 1995.92 1403.26 1184.62 1261.44 1268.45 982.534 856.069 347.7 102.578 -435.704 -217.659 -508.904 -635.574 -557.994 -663.834 -873.224 -815.314
-171.309 29.2252 302.129 660.691 1072.42 1717.72 2373.2 3104.12 3810.53 4376.62 4921.43 5151.36 5473.16 5498.61 5581.48 5553.78 5634.81 5448.31 5109.58 4885.14 4661.22 4176.69 3249.64 2263.12 1520.46 1076.87 827.508 717.723 658.341 813.351 958.318 917.12 918.297 811.443 1245.66 1390.47 1415.01 1296.22 1906.74 2186.34 1619.5 1673.48 1911.67 1832.64 1685.45 1579.64 1672.85 2087.35 2101.07 1346.97 863.082 1058.41 1137.42 1170.28 848.688 615.97 205.961 -13.0988 -411.274 -750.014 -782.094 -779.384 -667.014 -810.344 -965.924
-339.914 -190.163 -8.80781 402.54 872.72 1409.51 2027.31 2581.49 3127.02 3556.13 3874.8 4156.45 4559.49 5247.97 5463.26 5364.4 5315.71 5295.01 5144.22 4958.6 4388.62 3418.6 2631.37 1995.59 1255.95 916.041 745.032 590.165 516.407 549.802 654.494 702.485 494.901 502.98 417.166 650.566 785.599 783.856 1492.78 2360.06 1201.34 1499.45 1745.09 2460.15 2541.54 2257.1 1951.54 1778.06 1437.95 1390.88 1027.37 1222.01 1319.12 1104.08 469.559 -27.3468 63.2772 14.6332 -402.524 -819.834 -959.284 -974.854 -914.604 -979.484 -1283.9
-569.534 -409.094 -221.416 104.525 526.049 943.52 1511.48 1986.65 2282.13 2712.82 2822.54 3026.2 3289.14 3887.99 4791.66 4958.93 5223.15 5188.2 4961.69 4452.59 3533.38 2803.26 2279.22 1582.64 1134.27 884.666 567.819 521.961 433.152 463.733 452.478 451.451 327.771 227.945 160.293 108.726 53.8292 55.4582 333.632 1922.09 1652.93 1312.8 2030.15 2214.18 2105.62 1974.5 1451.71 1095.66 1166.61 988.284 905.462 1135.55 800.58 609.169 -233.976 16.4932 -56.4558 -208.155 -414.754 -736.444 -943.854 -1080.16 -1139.96 -1408.84 -1566.32
