Code/MW_40/1000/MW_40_1000_300/2.9_40_1000_topography_anomaly.grd
DSAA
181 201
-5400000.0 5400000.0
-6000000.0 6000000.0
-5639.123812004893 21096.64618799511
[rows 0 to 28 of 201, columns 65 to 129 of 181]
0 0 0 0 0 0 0 0 0 0 0 0 0 0 0 0 0 0 0 0 0 0 0 0 0 0 0 0 0 0 0 0 0 0 0 0 0 0 0 0 0 0 0 0 0 0 0 0 0 0 0 0 0 0 0 0 0 0 0 0 0 0 0 0 0
51.7633 56.6478 29.8551 32.0767 49.2958 55.1465 54.6057 53.9058 53.3194 51.9972 52.227 54.5034 53.9391 55.1903 60.104 66.1113 55.1423 52.0146 52.5329 52.6687 53.6461 54.1556 53.0495 53.4616 53.6522 53.6486 54.2932 54.1365 54.0815 54.0969 54.7689 55.3034 55.2833 55.4565 54.2954 53.8277 53.5859 53.4489 54.3884 57.0776 57.438 58.7984 59.9415 62.6906 62.1917 62.8284 67.6161 64.8023 58.9624 58.7524 60.0531 54.7447 48.5367 46.2953 45.7667 41.6787 42.9292 39.3855 40.2636 40.6209 40.0549 40.1166 40.4401 40.4631 42.0915
219.05 217.148 142.326 140.391 197.547 215.532 210.96 212.115 208.91 203.389 207.313 211.691 213.032 215.216 229.179 233.969 199.603 212.062 217.569 213.486 216.07 210.84 208.175 209.012 211.2 206.747 211.729 210.574 210.373 211.079 213.03 214.938 214.232 213.704 210.555 208.892 210.162 209.316 214.666 225.662 216.475 184.01 189.841 200.136 202.741 195.319 213.996 202.688 185.268 210.76 223.613 202.91 177.488 165.167 169.776 159.555 164.369 154.417 156.105 158.022 156.364 155.347 156.373 156.774 160.989
472.197 458.366 372.18 369.857 439.418 465.054 452.39 461.599 452.761 440.249 457.85 454.396 463.799 466.892 482.705 447.489 427.045 482.793 499.906 488.447 482.577 455.389 452.442 452.518 460.35 440.352 458.184 452.448 453.124 456.424 458.343 460.806 458.557 454.241 450.288 448.025 456.026 456.294 467.583 493.948 448.112 289.759 307.969 328.668 345.255 304.96 327.481 319.815 296.447 407.585 453.524 404.11 352.929 332.006 356.715 340.609 348.089 335.741 337.199 339.539 337.903 332.915 333.874 336.659 339.403
790.532 753.654 732.807 732.019 744.146 770.348 758.107 774.518 763.493 740.128 784.897 761.573 783.995 791.955 806.815 707.648 709.521 851.335 888.786 865.137 809.876 769.346 764.406 762.65 778.111 728.274 770.037 754.984 762.108 767.639 768.869 767.221 762.229 749.67 747.815 752.832 767.418 776.297 790.673 837.753 719.098 305.675 345.628 394.008 424.659 355.781 323.647 331.466 323.541 608.796 705.161 617.496 534.363 520.147 581.643 564.629 572.287 565.88 565.681 565.72 565.418 558.425 553.561 561.446 555.398
1135 1082.32 1084.08 1083.8 1086.4 1122.32 1077.03 1099.54 1131.83 1047.1 1165.43 1118.6 1148.1 1151.33 1186.35 1037.96 1091.3 1239.53 1265.6 1255.73 1191.04 1105.46 1103.66 1143.76 1145.01 1092.15 1118.08 1090.29 1105.43 1109.45 1110.49 1106.83 1097.89 1079.88 1079.21 1081.06 1139.6 1141.62 1150.99 1206.29 986.343 389.861 466.784 490.987 537.406 437.356 414.552 424.769 393.259 812.501 1023.47 901.168 794.924 759.544 828.576 815.106 818.599 814.677 813.153 808.559 807.015 800.945 801.3 811.168 796.721
1471.49 1403.64 1408.17 1407.81 1437.25 1481.54 1373.78 1404.83 1522.31 1299.68 1567.19 1497.65 1521.8 1515.98 1585.07 1473.1 1515.77 1600.76 1597.27 1593.48 1561.23 1450.02 1437.72 1559.74 1528.43 1495.96 1475.16 1424.99 1449.77 1450.55 1449.65 1445.52 1431.59 1410.69 1410.92 1412.44 1503.57 1522.31 1514.46 1523.87 1191.45 506.329 633.727 629.53 646.367 538.21 556.897 568.492 474.282 929.39 1315.04 1218.81 1092.05 1021.63 1070.6 1066.54 1058.65 1059.31 1055.31 1043.3 1041.12 1049.24 1051.14 1059.83 1037.58
1725.24 1686.37 1694.83 1703.77 1762.6 1739.01 1608.3 1664.23 1853.01 1490.36 1951.41 1857.08 1854.77 1876.88 1962.3 1932.57 1944.37 1915.2 1865.36 1871.82 1885.88 1797.14 1725 1914.71 1899.74 1894.98 1803.35 1729.5 1761.76 1762.96 1753.99 1748.89 1730.09 1707.6 1709.23 1711.07 1804.88 1901.83 1862.19 1781.45 1324.25 612.168 781.372 759.546 712.487 627.454 663.83 705.315 526.158 964.549 1565.12 1518.34 1364.29 1310.82 1310.09 1290.07 1268.45 1275.5 1264.12 1243.88 1248 1276.74 1277.69 1283.1 1253.71
1859.66 1946.95 1934.03 1947.5 1999.01 1958.44 1910.23 1988.31 2177.99 1814.4 2231.2 2165.86 2138.16 1971.16 2203.2 2185.73 2207.61 2153.84 2131.2 2162.19 2125.24 2014.26 1983.58 2181.12 2134.24 1891.6 1956.31 2019.63 2147.81 1949.5 1936.4 1964.34 1967.08 1956.98 1977.16 1956.75 2056.87 2128.52 2177.32 2072.39 1716.74 1114.89 950.213 893.456 832.69 832.274 912.759 638.123 1171.29 1447.54 1832.95 1618.61 1532.27 1497.9 1479.68 1458.52 1433.46 1437.48 1425.7 1417.29 1414 1449.62 1451.29 1502.45 1491.21
2077.78 2113.82 2092.18 2105.67 2159.46 2121.1 2176.24 2279.01 2353.91 2167.93 2395.18 2390.53 2336.15 2091.31 2283.15 2317.79 2363.1 2292.85 2319.54 2380.27 2263.21 2155.28 2156.55 2285.16 2260.86 1692.18 1984.95 2238.77 2449.92 2027.25 2047.54 2089.88 2127.48 2125.34 2169.85 2119.84 2205.77 2314.4 2393.92 2300.92 2178.83 1716.64 1177.09 999.362 979.317 1133.77 653.286 587.415 2025.65 2025.7 2044.42 1612.85 1630.34 1592.39 1585.01 1562.18 1533.76 1532.84 1522.94 1534.3 1522.08 1542.19 1588.34 1679.57 1689.16
2214.66 2175.38 2155.54 2167.64 2228.73 2280.19 2350.26 2468.54 2414.05 2421.81 2441.57 2485.17 2467.22 2216.29 2156.53 2340.71 2407.63 2323.75 2404.42 2436.34 2258.65 2235.38 2225.21 2282.96 2282.81 1427.1 1990.97 2432.53 2429.57 2007.95 2074.35 2124.28 2195.5 2178.09 2206.75 2130.23 2159.05 2432.22 2494.94 2408.08 2524.62 2158.35 1376.26 1057.7 1141.75 1425.83 366.626 553.56 2807.77 2361.39 1999.75 1625.54 1662.95 1606.67 1612.03 1588.64 1564.45 1557.98 1566.1 1587.47 1565.79 1559.87 1652.39 1777.99 1810.19
2307.14 2166.65 2217.84 2220.12 2376.35 2332.49 2402.74 2506.33 2420.93 2426.71 2402.31 2435.71 2559.34 2285.01 2396.27 2366.76 2420.7 2358.64 2400.64 2422.75 2065.35 2251.23 2233.89 2331.29 2261.08 1685.72 2057.8 2384.59 2281.57 2030.6 2196.67 2237.54 2264.89 1966.67 1666.17 1567.14 1567.44 2428.07 2470.4 2342.83 2304.51 2053.4 1702.08 1007.11 1086.25 1576.29 744.31 1135.73 2435.89 2048.78 1855.15 1691.23 1658.42 1591.19 1580.7 1643.14 1632.78 1595.75 1591.02 1696.96 1585.43 1563.96 1669.34 1840.28 1840.01
2248.62 2171.93 2280.13 2272.6 2502.9 2350.23 2459.38 2462.16 2471.89 2431.62 2363.04 2386.25 2645.32 2457.31 2426.35 2391.25 2426.36 2394.13 2396.87 2405.84 1947.77 2262.03 2242.57 2374.92 2214.27 1944.34 2124.62 2324.8 2212.4 2055.99 2284.14 2350.97 2325.67 1755.24 1099.1 1072.93 959.071 2050.03 2451.2 2249.58 2084.4 1948.44 2027.91 954.956 1167.15 1692.57 1610.02 1717.91 2064.01 1736.18 1726.2 1727.58 1641.24 1573.41 1550.35 1720.17 1701.12 1639.54 1630.67 1759.92 1585.87 1594.16 1675.38 1909.37 1869.84
2258.72 2205.46 2320.64 2330.02 2497.96 2448.98 2541.05 2482.98 2534.37 2493.32 2396.98 2424.91 2704.74 2615.38 2446.14 2411.04 2457.66 2404.41 2385.49 2373.09 1945.86 2257.23 2237.78 2356.46 2137.54 2093.5 2117.6 2210.89 2195.56 2083.62 2311.77 2361.79 2307.12 1667.77 1007.64 1072.12 918.849 1982.65 2312.53 2111.47 1955.94 1969.84 1940.74 1076.95 1278.12 1732.93 2076.67 2091.74 1834.89 1624.75 1740.85 1689.3 1593.52 1565.14 1562.55 1766.01 1712.66 1647.2 1676.38 1797.05 1610.33 1661.22 1709.05 1871.13 1829.27
2359.34 2217.74 2328.56 2387.86 2463.1 2597.02 2662.06 2589.54 2612.01 2608.6 2520.18 2576.38 2718.45 2664.7 2467.13 2463.34 2431.91 2381.43 2369.65 2323.95 2031.72 2234.05 2200.97 2225.92 2135.95 2098.25 2137.41 2177.33 2126.63 2108.76 2251.17 2222.41 2183.92 1826.24 1543.64 1722.21 1645.4 2340.71 2072.38 2009.16 1929 1958.35 1783.07 1433.09 1416.42 1673.11 1945.27 1944.37 1805.58 1661.99 1684.91 1621.27 1529.34 1573.86 1611.28 1693.9 1649.27 1607.19 1407.1 1818.25 1685.52 1768.38 1779.17 1691.27 1693.78
2453.17 2230.02 2336.49 2445.7 2488.02 2661.2 2867.66 2701.47 2701.94 2720.22 2643.39 2733.26 2713.3 2711.84 2516.99 2530.29 2406.16 2358.45 2344.48 2241.15 2210.78 2208.7 2146.7 2073.4 2134.37 2103.01 2157.22 2153.96 2111.95 2100.84 2114.89 2082.57 2058.4 1985.5 2117.24 2422.54 2309.95 2024.57 1875.09 1910.12 1902.07 1932.64 1843.63 1797.29 1783.26 1723.58 1788 1797 1776.26 1681.16 1628.26 1568.58 1553.11 1595.15 1639.66 1621.8 1585.89 1475.78 1049.37 1779.82 1801.2 1869.8 1862.23 1532.87 1558.29
2498.65 2287.81 2378.59 2540.21 2583.12 2791.27 2801.06 2682.54 2738.42 2701.39 2379.81 2269.14 2255.91 2823.03 2628.47 2648.65 2464.25 2386.52 2327 2272.56 2251.14 2233.41 2111.94 2065.97 2098.62 2077.5 2115.81 2117.18 2115.35 2082.05 2085.37 2075.64 2066.49 2051.19 2157.45 2309.66 2259.27 2069.61 1924.7 1942.78 1984.38 1480.22 1699.28 1901 1844.49 1786.95 1807.86 1754.7 1750.22 1720.99 1674.13 1689.07 1560.97 1603.42 1651.52 1623.7 1597.03 1483.47 1317.3 1649.89 1768.72 1986.24 1880.49 1535.95 1531.02
2496.16 2378.2 2424.2 2638.48 2687.6 2818.49 2749.25 2712.4 2767.04 2658.26 2114.43 1741.28 1751.27 2417.45 2766.97 2705.46 2538.89 2415.55 2316.22 2315.17 2278.54 2222.22 2139.01 2076.04 2034.76 2048.89 2068.13 2081.04 2094.61 2078.19 2085.78 2091.39 2092.2 2068.6 2135.06 2114.05 2083.62 2035.34 1963.68 1995.85 2084.72 997.565 1503.56 1963.53 1856.73 1821.14 1774.69 1723.18 1724.51 1767.84 1735.13 1802.28 1659.2 1630.79 1637.42 1642.78 1614.45 1528.67 1568.41 1554.98 1862.57 2019 1863.91 1535.12 1514.84
2545.52 2491.47 2575.17 2764.65 2818.65 2878.44 2804.01 2811.33 2864.72 2747.5 2264.66 1763.07 1735.74 2080.43 2439.21 2822.5 2590.46 2458.83 2331.53 2337.58 2094.36 2274.31 2156.67 2090.05 2012.82 2054.18 2061.41 2078.74 2083.3 2083.06 2086.42 2093.34 2093.78 2065.41 2045.35 2015.32 1966.23 2018.02 2022.6 1996.57 2092.38 1008.46 1650.65 1945.78 1865.51 1828.42 1762.45 1718.62 1739.06 1796.7 1752.58 1819.73 1714.31 1653.18 1648.11 1634.35 1626.58 1639.13 1483.93 1558.58 1898.05 1995.85 1898.86 1576.95 1503.87
2647.71 2666.41 2837.59 2919.24 2943.8 2930.21 2972.61 2980.64 3005.45 3016.85 2838.43 2323.41 2221.17 1781.86 2134.9 2876.87 2629 2520.76 2349.29 2356.2 1692.07 2281.8 2173.94 2088.75 2033.61 2094.02 2090.43 2096.06 2082.94 2086.59 2078.4 2076.11 2066.5 2048.52 2031.06 2002.33 1939.96 2103.67 2000.71 1939.84 1995.38 1516.85 1874.97 1879.52 1881.18 1839.42 1778.97 1756.3 1796.66 1784.14 1776.47 1741.95 1700.75 1682.52 1609.16 1604.9 1630.48 1605.35 1455.35 1598.9 1828.99 2010.9 1986.33 1662.26 1493.91
2665.01 2833.5 2895.15 2881.77 2810.63 2803.17 3098.94 3045.98 3122.53 3241.47 3323.75 2781.45 2283.28 1271.26 2229.93 2876.25 2650.55 2563.02 2361.32 2242.89 1590.75 2081.16 2228.74 2047.86 2069.94 2123.09 2105.42 2088.18 2079.45 2085.37 2067.02 2060.5 2043.79 2032.64 2012.04 1990.41 1991 2140.48 1962.35 1891.57 1913.65 1928.16 1910.76 1873.85 1887.4 1848.09 1794.27 1787.38 1831.5 1773.33 1797.91 1718.47 1713.68 1713.79 1584.49 1586.89 1636.35 1567.16 1484.45 1557.02 1782.08 2069.74 2068.29 1753.46 1468.48
2732.96 2966.18 2052.59 2057.27 2107.96 2401.82 2826.81 2730.08 3136.07 3270.35 3351.27 2938.98 2748.02 2043.99 1960.05 2762.98 2597.75 2519.25 2401.4 2376.05 1985.71 1953.66 1916.89 1810.03 2209.84 2105.04 2067.76 2048.19 2032.09 2073.86 2058.9 2052.37 2041.08 2017.75 1996.1 2030.29 1927.32 1991.55 1983.56 1880.29 1898.76 1914.62 1861.57 1789.46 1862.13 1854.86 1798.78 1789.64 1750.26 1770.17 1776.7 1722.98 1708.78 1714.76 1641.35 1618.93 1660.72 1499.92 1471.81 1597.18 1880.46 2192.3 2185.45 1922.24 1369.64
2784.86 3081.02 1210.02 1238.2 1301.95 1838.6 2490.63 2445.35 3009.71 3297.13 3378.8 3089.71 2929.44 2781.85 2653.33 2551.27 2524.32 2474.99 2442.47 2362.06 2453.7 2298.45 1704.97 1531.86 2252.45 2086.99 2028.94 2020.66 1972.52 2032.34 2049.09 2044.25 2037.43 2002.86 1986.18 1987.86 2059.09 1864.98 1891.58 1881.28 1884.19 1896.19 1797.43 1747.17 1846.78 1842.4 1804.6 1792.56 1669.03 1763.02 1768.56 1718.87 1719.62 1698.96 1662.02 1656.21 1683.53 1449.3 1490.42 1775.83 2077.08 2343.93 2290.61 2091.03 1270.81
2734.04 2922.27 1948.57 1989.67 2084.39 2612.36 2665.03 2580.38 3012.56 3067.87 3024.87 2877.45 2890.23 2789.62 2636.14 2529.55 2485.42 2436.64 2460.55 2423.57 2373.65 2452.19 1879.21 1900.27 2319.62 2122.43 2041.45 2041.36 1965.24 2027 2043.64 2024.6 2017.6 1994.22 2086.52 1973.39 1919.12 2037.02 1885.32 1881.99 1852.89 1858.74 1871.04 1821.9 1899.15 1945.46 1917.61 1947.55 1866.22 1927.25 1836.37 1742.37 1734.06 1688.01 1653.68 1623.42 1699.12 1635.64 1700.76 2164.91 2486.92 2483.64 2010.49 1841.95 1445.47
2675.53 2766.03 2735.78 2793.93 2908.7 2987.3 2802.21 2759.69 2888.63 2808.76 2659.19 2695.14 2848.28 2751.59 2615.11 2502.38 2453.23 2398.61 2479.58 2459.28 2347.36 2348.94 2285.72 2266.89 2280.66 2159.51 2055.69 2056.85 1992.47 2016.69 2034.72 1994.09 1997.05 1985.77 2167.2 1896.08 1873.83 2067.6 1976.47 1883.4 1820.97 1821.69 1896.85 1964.61 1998.77 2034.18 2076.27 2107.62 2073.7 2090.53 1924.15 1796.35 1751.57 1693.03 1648.52 1578.35 1709.92 1804.63 1940.64 2365.35 2823.82 2103.41 1694.93 1580.02 1628.54
2620.55 2702.91 2792.3 2828.37 2903.32 2869.98 2815.01 2831.59 2912.63 2823.31 2754.21 2533.86 2835.24 2737.73 2587.48 2499.84 2498.54 2384.48 2204.5 2594.65 2417.24 2420.95 2351.65 2270.95 1971.1 1719.68 2156.42 2121.96 2067.65 1953.89 2004.12 2029.19 2024.44 1996.22 2171.16 1906.29 1876.6 2229.2 2008.27 1941.26 1855.48 1906.3 1950.49 2023.08 1893.82 2107.34 2162.49 2199.25 2224.32 2251.55 2100.31 2011.72 1878.45 1871.75 1989.8 1699.1 1658.84 1776.03 1891.05 1963.97 1997.16 1211.73 998.488 1491.12 1580.31
2574.73 2630.77 2708.95 2719.19 2770.74 2796.57 2854.42 2908.11 2940.41 2898.86 2917.49 2379.59 2826.53 2713.84 2586.39 2517.87 2581.88 2365.47 1864.77 2741.91 2515.64 2393.49 2312.89 2091.59 1525.61 1188.89 2271.09 2199.65 2059.91 1908.28 2007.04 2129.59 2044.91 1999.15 2182.84 1932.79 2007.52 2218.78 2107.22 1985.13 1897.89 2006.71 2026.04 1976.08 1915.73 2183.88 2239.5 2278.69 2366.64 2426.89 2308.54 2203.46 2064.44 2220.25 2479.16 1729.81 1595.96 1705.98 1758.42 1782.01 1338.33 469.89 227.409 1591.52 1513.05
2536.26 2637.3 2702.76 2731.5 2780.89 2766.42 2820.72 2876.67 2883.74 2850.62 2585.73 2514.43 2673.64 2563.28 2516.3 2500.89 2615.97 2466.57 2259.86 2760.59 2503.8 2456.99 2000.08 2216.86 1806.76 1676.98 2108.88 2306.18 2261.75 2119.83 2064.61 2172.15 2095.27 2050.74 2170.3 2061.75 2239.07 2210.52 2073.62 1878.17 1980.94 2125.15 2127.83 2150.58 2160.95 1885.12 2385.26 1937.52 2597.5 1802.74 1676.13 1731.38 2292.81 2314.38 2126.86 1563.32 1543.87 1598.96 1675.01 1694.62 1177.22 699.626 675.265 1687.76 1539.77
2550.91 2670.14 2718.42 2776.82 2820.6 2789.29 2780 2787.74 2814.52 2766.24 2169.9 2624.56 2485.84 2444.9 2462.65 2548.38 2617.49 2599.96 2731.26 2658.17 2090.5 2477.39 1897.66 2235.05 2265.53 2438.91 1905.24 2418.35 2374.42 2329.13 2199.06 2142.34 2180.15 2115.41 2170.04 2255.44 2320.37 2171.1 2015.69 1663.43 2074.92 2248.43 2237.97 2258.2 1947.72 2022.03 2592.92 1548.5 2852.15 958.143 874.166 1571.39 2487.27 2425.13 1717.91 1478.44 1494.86 1496.77 1616.07 1630.28 1551.01 1462.06 1463.97 1632.68 1586.76
