Code/MW_40/1000/MW_40_1000_300/2.9_40_1000_topography_anomaly.grd
DSAA
181 201
-5400000.0 5400000.0
-6000000.0 6000000.0
-5639.123812004893 21096.64618799511
[rows 29 to 57 of 201, columns 65 to 129 of 181]
2684.42 2718.27 2796.62 2864.41 2921.17 2905.09 2810.47 2730.99 2720.07 2205.64 2167.66 2423.14 2372.73 2378.42 2477.77 2350.15 2625.39 2708.77 2754.04 2764.49 2105.93 2511.77 2026.16 2320.06 2325.83 2453.72 2059.08 2382.14 2345.18 2402.86 2296.06 2169.22 2167.6 2121.61 2067.49 2596.06 2514.73 2200.12 1994.37 1813.64 2056.74 2184.13 2250.55 2225.17 2138.55 1876.27 2299.22 1902.51 2651.19 1518.2 1416.21 1466.33 2274.91 2060.77 1466.46 1466.88 1482.2 1477.96 1561.06 1548.29 1513.11 1532.4 1622.67 1665.32 1543.4
2734.62 2770.57 2888.66 2949.65 3047.88 3009.22 2889.34 2732.94 2634.47 1556.06 2221.52 2190.94 2205.9 2306.68 2442.99 2227.39 2577.17 2834.28 2798.49 2710.1 2592.28 2620.16 2301.24 2387 2357.44 2292.13 2332.59 2297.42 2433.92 2552.92 2353.44 2220.23 2137.55 2159.79 1686.77 2760.27 2961.92 2391.41 2009.07 1987.21 2053.22 2081.9 2141.54 1873.74 2172.97 2028.38 1971.05 2149.72 2371.4 2383.7 2400.95 2165.54 1812.52 1531 1424.1 1467.61 1481.15 1545.95 1410.97 1544.11 1411.05 1409.47 1603.73 1717.26 1478.55
2643.29 2034.38 2730.45 2661.79 3135.75 2868.99 2808.65 2653.33 2531.86 1846.42 2143.22 2039.98 2080.59 2189.68 2270.29 2061.71 2543.94 2696.96 2223.82 2714.18 2618.24 2571.33 2328.86 2517.7 2430.7 2484.85 2531.44 2467.54 2804.72 2620.57 2389.3 2307.14 2271.27 2242.74 2128.34 3099.57 2608.33 2239.85 1869.02 1872.31 1897.4 1872.87 1797.95 1881.58 1900.01 1955.79 1762.26 1893.18 2044.93 2279.14 2425.51 2064.65 1702.97 1520.92 1413.43 1406.15 1580.3 1520.97 1442.98 1425.4 1422.79 1354.43 1453.94 1636.72 1602.25
2301.59 1137.61 2555.29 2442.33 3084.31 2756.5 2721.4 2552.68 2416.81 2237.89 2049.51 1911.03 1961.15 2012.87 2131.27 1804.18 2469.63 2545.47 1717.16 2711.7 2570.63 2531.08 2546.65 2575.36 2517.79 2710.42 2718.33 2751.67 2921.17 2631.85 2437.88 2411.37 2407.8 2360.05 2566.52 2990.83 2164.76 1836.34 1773.58 1731.52 1697.9 1630.86 1614.83 1701.38 1777.94 1707.73 1607.88 1626.46 1695.87 2089.84 2485.55 2301.41 1389.35 1501.46 1440.2 1331.25 1681.72 1518.43 1404.25 1416.34 1390.8 1300.28 1246.69 1543.16 1687.93
2652.24 2147.45 2676.91 2513.41 2869.71 2689.59 2681.66 2513.86 2248.32 2091.72 1994.18 1908.24 1909.83 1936.51 2029.87 1832.68 2367.41 2482.99 2196.85 2694.57 2660.12 2764.63 2800.93 2772.79 2687.58 2774.02 2789.18 2770.08 2590.32 2336.51 2319.6 2262.3 2284.41 2404.13 2609.33 2700.33 1982.58 1805.36 1704.95 1694.9 1643.72 1513.14 1504.36 1539.88 1532.11 1490.48 1495.71 1489.17 1508.41 1866.12 1875.19 1380.29 1402.69 1755.87 1620.96 1360.26 1794.42 1622.09 1548.19 1373.29 1444.95 1400.06 1540.43 930.008 984.402
3033.98 2893.58 2714.98 2609.74 2616.82 2591.83 2581.56 2478.98 2224.74 2009.46 1935 1893.83 1911.1 1921.43 1749.59 1878.56 2101.21 2375.95 2578.55 2673.54 2757.78 2862.46 3004.62 2940.24 2884.36 2856.41 2800.42 2583.23 2314.9 2105.97 2070.07 2107.44 2157.72 2370.47 2658.77 2375.89 1954.49 1771.68 1665.75 1644.97 1580.61 1428.1 1471.42 1420.52 1416.91 1410.7 1407.18 1381.49 1369.07 1581.98 1289.18 1350.5 1428.83 1831.63 1769.95 1440.1 1866.76 1721.74 1572.56 1387.15 1374.03 1511.02 1818.14 712.725 844.369
2768.26 2645.69 2502.18 2448.7 2620.27 2387.31 2470.61 2619.83 2567.61 1870.85 1883.23 1817.56 1881.26 2024.41 1392.2 1441.4 1975.5 2151.64 2329.51 2651.03 2889.72 2984.61 3090.47 3112.78 3157.56 2993.87 2738.88 2455.29 2143.66 1978.1 1852.41 1984.36 2004.73 2091.52 2297.01 2248.63 1953.37 1749.98 1649.45 1519.02 1496.07 1414.87 1522.55 1608.09 1426.23 1408.72 1402.58 1367.69 1370.79 1428.99 1306.43 1473.95 1691.19 1878.46 1702.08 1552.83 1820.74 1843.68 1472.72 1349.41 1362.63 1535.26 1845.17 1571.42 1879.07
2741.7 2567.62 2413.76 2454.07 2489.27 2416.5 2627.1 2854.92 2854.85 2058.17 1972.98 1834.56 1913.98 1784.85 1144.95 1525.02 1948.79 2182.29 1936.8 2651.02 2778.77 3029.69 3086.88 3099.37 3212.88 2802.11 2795.8 2104.32 2106.67 1916.58 1841.57 1879.28 1890.57 1993.05 2123.86 2293.94 2000.22 1823 1735.05 1493.18 1436.55 1381.9 1496.92 1581.34 1399.91 1410.8 1368.85 1332.72 1342.54 1378.94 1354.27 1542.24 1713.83 1810.68 1752.68 1706.53 1854.99 1891.98 1518.8 1547.17 1622.96 1795.59 1974.69 2151.94 2175.59
2890.34 2620.33 2442.19 2524.25 2515.64 2399.61 2595.16 3132.87 3014.75 2661.05 2195.65 1943.13 1807.89 1211.97 1811.69 2216.27 2058.49 2482.54 1409.13 2620.44 2559.42 2950.33 2979.1 2966.12 3128.19 2301.09 2930.16 1707.08 2175.68 1980.7 1865.52 1811.77 1795.23 2064.12 1897.04 2251.89 2122.77 2000 1726.49 1508.58 1398.65 1330.37 1382.32 1373.8 1381.48 1359.66 1301.33 1289.48 1286.28 1346.36 1339.97 1381.83 1620.75 1971.22 2054.12 1941.05 1955.07 1957.12 1623.47 1681.98 2070.69 2044.35 2183.74 2471.15 2031.68
2782.59 2539.76 2442.52 2472.49 2553.3 2428.49 2629.96 3206.55 3347.71 2513.13 2089.57 2206.12 1768.71 1559.51 2332.72 2157.48 2161.97 2584.34 1215.78 2510.92 2536.85 2870.54 2922.86 2901.26 2755.36 2600.85 2969.28 2098.97 2299.9 2117.4 1997.57 1925.54 1885.04 2019.15 1906.8 2310.86 2444.61 2454.81 2315.48 2033.16 1830.89 1430.94 1444.43 1383.97 1367.38 1377.12 1286.64 1331.38 1283.6 1363.91 1582.67 1517.64 2133.32 2455.71 2368.4 2258.92 2240.89 2320.62 2217.59 2349.99 2494.25 2286.78 1791.78 1248.62 918.625
2608.63 2468.98 2431.64 2425.45 2530.89 2423.37 2572.82 3048.35 3630.1 2112.72 1958.28 2538.65 2070.55 2019.71 2045.1 2070.09 2159.41 2384.12 1123.29 2288.24 2698.24 2803.28 2866.25 2869.54 2551.4 2985.51 2935.38 2761.8 2463.75 2340.22 2089.76 2138.7 2059.12 2037.58 2037.09 2332.48 2594.18 2824.41 2800.58 2579.64 2244.8 1538.22 1531.32 1445.51 1310.95 1366.2 1327.8 1432.42 1320.2 1512.43 1797.34 1697.23 2535.06 2733.31 2632.31 2587.2 2560.49 2659.91 2559.41 2722.44 2700.38 2558.51 1030.16 -7.19481 -30.7648
2559.04 2445.82 2404.1 2466.13 2451.45 2478.89 2679.38 1527.12 3019.91 2650.31 2269.94 2238.34 2036.53 2020.74 2100.65 2233.02 1232.93 908.395 2227.26 2536.49 2719.32 2831.49 2546.51 2903.97 2915.01 3007.41 2996.08 2809.8 2764.43 2865.51 2026.08 2614.96 2414.59 2290.41 2321.68 2576.61 2748.05 3016.9 2855.77 2494.61 2056.42 1517.57 1451.21 1330.98 1339.9 1514.53 1636.65 1786.56 1439.11 2478.09 2178.47 2523.52 3197.65 2770.36 2763.11 2835.03 2852.13 2929.64 1824.4 2594.36 2900.84 2944.79 1446.94 124.23 185.774
2578.84 2405.97 2336.14 2386.98 2195.38 2302.2 2778.93 1568.81 2809.67 2669.42 2226.29 2073.72 2010.44 2091.03 2210.95 1908.83 1533.36 1098.54 2563.97 2622.99 2835.33 2949.23 2824.51 3056.23 3106.72 3125.13 3081.81 3039.46 3094.28 3087.42 2341.16 2951.22 2704.57 2384 2401.57 2570.54 2980.48 3051.23 2807.55 2331.78 2026.81 1543.53 1476.74 1358.56 1464.83 1509.26 1667.07 1715.89 1415.45 2456.43 2573.34 2542.29 3206.75 2784.9 2851.97 2942.49 3063.4 2902.9 2470.02 2845.61 2173.37 2036.7 984.322 25.1002 372.572
2542.56 2355.05 2235.5 2293.6 2156.79 2076.86 2714.3 2820.15 2725.22 2332.72 2008.99 2039.79 2014.78 2109.68 2361.1 1688.54 2265.21 2403.75 2321 2603.85 2923.14 3124.56 3256.28 3245.51 3278.42 3304.21 3185.33 3147.57 3331.19 3292.45 3212.58 3191.55 2895.21 2368.02 2325.31 2607.53 3033.43 2837.62 2564.92 2113.03 2153.39 1595.33 1664.03 1457.34 1414.89 1372.7 1341.9 1348.32 1311.52 1912.96 2251.9 1568.21 2712.8 2984.12 2892.06 2997.51 3202.99 3284.61 3252.26 1993.6 391.498 834.952 85.9492 -83.1658 392.041
2408.11 1838.92 2015.49 2319.95 2137.03 2119.38 2489.01 1857.3 1517.78 2247.3 2093.52 2032.47 2190.27 2419.59 2393.53 1990.95 2264.81 2256.17 2235.37 2205.98 2998.5 3074.51 3175.15 3139.55 3212.01 3296.3 3170.18 3221.35 3227.64 3192.92 3178.36 3050.78 2899.13 2639.59 2578.92 2572.28 2662.58 2442.66 2187.05 2044.12 2042.5 1983.98 1761.53 1896.3 1793.37 1675.25 1541.42 1421.27 1455.13 1959.07 2226.87 2769.81 2927.16 2582.29 3244.48 3247.82 3034.69 2674.54 1842.6 1504.4 1006.54 368.194 -33.2788 -271.717 -51.2778
2377.52 1411.3 1643.65 2431.19 2292.98 2268.99 2320.54 1851 1328.31 2527.71 2168.64 2079.26 1819.7 2043.55 1924.58 2284.79 2171.08 2190.33 2178.05 2093.23 2937.63 3120.76 3164.6 3176.35 3213.56 3289.34 3265.76 3240.02 3205.53 3157.44 3168.02 2904.47 2805.8 2640.7 2568.6 2497.96 2318.61 2108.67 2044.24 2148.46 1605.22 1532.33 1345.3 2306.13 2228.87 2179.34 1927.04 1651.76 1771.77 2075.72 2691.34 2797.35 2505.82 2154.67 2800.19 2934.74 2770.85 2406.81 1991.88 2052.67 1760.23 1167.26 522.751 -247.605 -192.3
2422.05 1195.31 1119.28 2596.19 2294.99 2253.73 2562.29 2292.79 2196.72 2928.23 2233.87 2196.84 1964.79 1273.53 1869.48 2219.71 2198.36 2202.09 2203.98 1987.09 2965.8 3226.02 3309.54 3303.21 3223.04 3291.93 3415.93 3344.75 3316.23 3211.35 3154.52 2409.16 2726.82 2392.82 2295.18 2178.69 2102.21 2068.48 2206.76 2375.27 690.643 375.118 142.852 1326.67 2835.99 2806.35 2303.18 2064.76 2255.05 2386.36 2548.1 2249.08 1895.94 1708.83 1676.26 2186.23 2413.39 2511.31 2845.34 2819.14 2386.8 3475.46 498.112 41.7022 -397.664
2448.62 1946.1 1886.11 2458.49 2308.42 2299.17 2474.81 2291.8 2653.62 2365.2 2309.86 2250.72 2220.84 2212.12 2402.56 2254.34 2281.48 2336.96 2260.62 2501.08 2773.94 2990.31 3156.65 3066.01 3229.23 3566.19 3476.03 3581.01 3593.74 3353.66 3239.59 2678.35 2603.5 2359.43 2307.1 2184.11 2141.67 2099.77 2223.3 1877.51 219.842 -288.777 -185.987 1790.38 1989.87 2837.27 2607.01 2370.8 2512.05 2787.74 2658.18 1727.82 1640.18 1320.21 1285.25 1582.75 1750.88 1943.45 1890.6 2508.86 2530.54 1739.74 81.8472 726.322 -509.574
2538.81 2677.32 2554.53 2474.58 2387.9 2325.55 2337.27 2344.85 2679.76 2197.88 2323.66 2404 2694.05 2015.28 2355.11 2418.67 2389.01 2723.16 2612.15 2575.27 2688.66 2884.29 2953.87 3262.78 3434.15 3761.24 3629.31 3750.84 3805.92 3506.2 3161.11 2772.6 2498.86 2368.94 2298.96 2203.4 2145.87 2084.4 2422.46 1980.55 333.16 -199.159 35.2792 1080.39 2563.28 2714.01 2865.87 2748.47 2797.6 3091.46 2734.27 1368.5 1400.8 983.332 973.444 1068.73 1296.53 1612.05 1646.34 2489.57 1975.55 1241.83 426.954 1261.8 -357.494
2733.89 3205.23 3034.14 2580.18 2439.78 2323.18 2333.6 2249.34 2224.3 2218.49 2281.61 2525.05 2333.65 1678.11 2663.79 2644.97 2561.31 3287.75 3069.52 2786.88 2793.32 2909.32 2870.03 3490.5 3751.66 3898.79 3782.01 3815.07 3859.56 3741.84 3208.81 2684.36 2459.75 2399.94 2273.41 2192.91 2142.05 2062.94 2459.31 2480.84 931.537 572.954 792.835 1418.01 2537.92 2436.81 2855.41 3037.56 3100.08 3245.3 2904.37 1586.51 1237.64 943.578 861.818 739.365 1007.71 1348.29 2072.79 2080.5 2774.24 1726.35 710.229 1493.58 -178.168
3274.64 3010.26 2635.52 2398.59 2367.93 2348.48 2363.43 1993.89 2233.97 2271.93 2298.22 2545.87 2474.48 1421.96 2827.44 3274.56 3039.64 3562.88 2848.55 2983.4 3025.5 3000.51 3165.44 3616.53 3849.87 4031.67 4026.81 3749.56 3833.42 3845.73 3340.16 2766.4 2518.96 2409.33 2265.15 2208.43 2165.12 2144.62 2169.01 2712.77 2376.55 2525.63 1994.34 2155.23 2528.3 2516.4 3000.23 3248.97 3374.49 2821.4 3169.98 3210.4 2289.33 1472.89 907.816 782.694 814.179 1551.93 1697.24 1953.48 2377.08 444.774 3.22319 129.454 -69.8458
3245.21 2962.82 2559.29 2346.58 2365.33 2379.2 2375.89 2156.1 2317.8 2326.86 2359.59 2492.86 2828.96 2301.46 3970.95 3614.06 3024.79 4014.18 3332.19 3246.4 3186.39 3244.53 3211.93 3520.07 3783.29 4026.37 4196.74 3917.39 3917.6 3859.59 3399.96 2919.31 2662.57 2531.53 2468.84 2263.42 2237.24 2244.21 2271.7 2514.85 2498.35 2599.48 2362.8 2608.1 2521.8 2732.46 3075.98 3322.01 3470.36 3306.37 3434.16 3380.45 2531.98 2155.39 1517.13 1268.48 1331.56 2176.43 2000.17 1877.91 2770.22 1056.41 416.207 682.884 -106.911
2954.86 2818.5 2536.82 2381.48 2386.43 2394.11 2410.19 2419.38 2385.93 2478.07 2427.03 2519.36 2682.27 3533.41 3832.89 3738.59 2947.53 4122.61 3557.09 3270.57 3023.23 3231.37 3199.05 3380.21 3612.88 3869.57 4218.22 4153.08 3985.98 3825.94 3419.8 3013.45 2899.9 2582.41 2654.84 2413.49 2353.76 2367.11 2438.49 2422.36 2442.72 2503.21 2580.18 2689.64 2750.39 2904.54 3216.61 3363.99 3441.61 3519.42 3585.28 3319.43 3219.7 2671.85 2213.02 2088.29 1975.67 2707.75 2677.73 2653.62 2378.02 1231.03 557.781 1333.2 -31.7908
2153.11 2830.42 2494.06 2473.34 2412.1 2410.88 2442.64 2448.68 2582.79 2737.47 2479.94 2666.19 2707.38 2953.69 3086.36 3445.31 3875.99 3648.07 3270.26 3112.27 2918.32 2669.34 2926.56 3142.61 3360.16 3579.26 3918.45 4057.26 4000.88 3618.54 3331.24 3179.68 3191.6 2558.08 2541.63 2562.8 2567.03 2556.6 2587.99 2569.68 2637.2 2644.62 2759.92 2854.96 2965.43 3073.5 3316.3 3356.09 3366.27 3346.31 3585.74 3583.25 3164.69 2835.78 2585.5 3081.59 2539.73 2787.02 2921.31 2940.66 2319.94 639.098 1308.7 1071.12 390.209
2863.83 2854.98 2593.84 2593.07 2454.28 2452.93 2490.94 2452.63 2493.19 2533.32 2493.76 2532.04 2653.48 3104.23 3268.05 3381.22 3550.4 3239.76 3010.07 2996.35 2805.17 2794.48 2912.55 2926.27 3199.76 3455.69 3870.87 3403.83 3545.87 3013.28 3293.15 3242.52 3143.48 3475.24 3055.83 2722.9 2757.84 2769.74 2729.62 2663.64 3257.34 2817.3 2910.17 2976.88 3101.23 3202.8 3353.24 3513.68 3785.32 3516.69 3770.34 3220.64 2499.56 2979.86 2827.24 3222.4 2984.88 2758.62 2491.27 2269.65 1509.94 1903.62 1892.7 869.264 1855.36
3064.58 2940.17 2635.35 2562.07 2681.85 2521.28 2533.23 2476.66 2466.42 2192.91 2486.1 2513.02 2750.01 2839 2918.48 3424.01 3328.87 3058.65 2983.93 2971.95 2947.48 2839.45 2895.06 2899.62 3069.54 2574.65 3533.76 3353.87 3279.52 3030.2 3384.75 3645.52 3336.66 3806.97 3421.1 2958.01 2862.36 2950.27 3129.5 3185.8 3509.11 2956.57 3389.6 3333.35 3408.78 3345.43 3457.99 3325.55 4198.05 4105.94 3990.97 3896.43 3451.44 2954.3 2690.27 2879.19 2834.42 2428.99 2321.03 2000.49 1546.92 2033.44 1768.2 917.25 1292.16
2677.98 2696.42 2591.97 2647.75 2724.71 2615.62 2656.01 2600.14 2597.13 2257.42 2620.55 2833.41 2634.16 2626.87 2839.85 3226.71 3113.22 3005.83 2997.56 2998.97 2978.1 2920.35 2889.94 2864.4 2932.38 2422.99 3269.12 3363.36 3615.58 3325.63 3148.62 3518.71 3434.97 3687.13 3385.55 3047.2 2955.66 3023.97 3216.81 3421.61 3145.48 3177.26 3690.68 3539.82 3602.91 3520.3 3562.11 3315.4 4251.86 4272.6 4103.32 3990.93 3257.26 2915.65 2767.71 2553.58 2621.13 2286.6 2279.98 2182.67 1490.95 1383.06 1364.68 1127.19 899.049
2564.52 2528.78 2497.52 2610.49 2606.2 2742.7 2731.87 2902.76 2852.09 2656.8 2763.13 3078.93 2725.73 2769.67 2764.02 3108.69 3041.74 3045.31 3021.52 3024.19 2994.46 2924.48 2873.01 2805.28 2816.84 2885.87 3116.41 3223.31 3339.71 3194 2951.93 2971.82 3364.75 3298 2983.23 2992.14 3001.55 3023.1 3146.22 3235.73 2645.06 3419.8 3578.83 3639.72 3661.35 3631.69 3678.47 3713.51 3951.04 3974.8 4122.74 3870.99 3276.13 3063.8 2854.55 2652.3 2718.32 2336.89 2370.05 2278.2 1908.98 1620.72 1401.53 1131.92 1086.25
2494.38 2422.56 2460.87 2598.41 2529.99 2800.37 3113.16 3377.92 3151.45 2807.43 2699.62 2782.85 2585.64 2491.72 2832.62 3020.76 3051.98 3086.18 3069.61 3040.02 3007.65 2932.1 2844.49 2756.62 2718.21 2661.6 2905.92 3077.51 3130.05 3074.66 2884.03 2866.05 3025.13 2977.04 2947.27 2954.03 2970.77 3034.54 3190.51 3361.63 3530.13 3512.76 3590.18 3682.26 3771.59 3856.42 3999.99 3774.25 3780.47 3721.59 3761.75 3596.15 3098.27 2811.22 2860.26 3864.47 3413.99 2822.4 2290.93 2100.24 2546.26 2436.22 2600.87 118.653 1100.31
