Test data_DRK/Two Mounts Near case/2022-3-26-MarsModel3TwoMountainsNear_1Topo_m.grd
DSAA
600 600
-1500000 1495000
-1500000 1495000
-2.7340694819245E-008 20000.000030135
[rows 285 to 303 of 600, columns 504 to 545 of 600]
7.6082612818905E-038 2.1396499030821E-037 2.6417934480696E-037 4.9847244661632E-038 -3.6842875142322E-037 -7.2351085652222E-037 -7.2337364364095E-037 2.5659198178495E-038 1.5273685458977E-036 2.823928153965E-036 2.0375057447386E-036 -1.0099948287017E-036 -5.7730662311868E-036 -9.4659459932249E-036 -5.4195274801053E-036 6.2665213724248E-036 2.0275488472119E-035 2.9382405254613E-035 1.1693699343245E-035 -2.9468288962135E-035 -6.9834554497438E-035 -8.4473662718773E-035 -1.1811655288866E-035 1.1990443188965E-034 2.3956418776999E-034 2.3291174264197E-034 -5.0588275678892E-035 -4.6780997893751E-034 -7.792344182225E-034 -5.6243952735281E-034 4.5777358702809E-034 1.75810078664E-033 2.3214277046422E-033 1.1126978978633E-033 -2.4190913487142E-033 -6.1626629087912E-033 -6.8390454576075E-033 -9.9434181664737E-034 1.1268951740272E-032 2.1176689917073E-032 1.8774385949848E-032 -6.3580866223837E-033
1.7878089790592E-014 7.4484668360517E-014 5.2008059837361E-014 1.7978616311112E-014 -7.3092055009811E-015 -2.7827471828468E-014 -1.5588306753379E-014 -4.3773138547691E-015 4.5354077632787E-015 8.5090436798219E-015 4.3420375501996E-015 3.6731989560112E-016 -2.1553884867977E-015 -2.2753158288389E-015 -1.3961460034152E-015 1.3993597823909E-016 7.9746347049486E-016 8.7938253314025E-016 4.0657016940765E-016 -1.3101960964126E-016 -2.3992192066879E-016 -2.6988041840228E-016 -8.9744469859648E-017 4.5463611129406E-017 8.3100099495429E-017 8.0497372135166E-017 2.4795623497644E-017 -2.2342614112147E-017 -2.8101965515534E-017 -2.0998035310859E-017 -4.0902337736162E-018 8.751214889098E-018 8.6448226842784E-018 5.9601578379574E-018 4.0921863990303E-019 -3.2344176721908E-018 -2.7746392901796E-018 -1.5388456750169E-018 2.3826158581195E-019 1.1772862089819E-018 8.9220604819118E-019 3.6854490151311E-019
-2.8434129734663E-038 2.3100378182795E-038 9.2981358996773E-038 1.1786635588756E-037 5.8075835963388E-038 -1.211184010335E-037 -3.2538645364005E-037 -4.2354115753489E-037 -6.587428082766E-038 5.5720055279373E-037 1.1168782916729E-036 1.2400591054237E-036 -1.8978529326737E-037 -2.6325350135135E-036 -4.013182955841E-036 -2.7016034105471E-036 2.1339585062853E-036 1.0318750992635E-035 1.3608704219048E-035 6.6365882216803E-036 -1.1709044415876E-035 -3.7684094025264E-035 -4.3042397552915E-035 -1.1343497128856E-035 5.2495599968078E-035 1.2947632552084E-034 1.2494684897915E-034 4.7325675523083E-036 -2.1379680313668E-034 -4.3719147931165E-034 -3.4878365940298E-034 1.2606951417059E-034 8.0656610353996E-034 1.4209567855209E-033 8.8953392336227E-034 -8.2193655879823E-034 -3.0221780856629E-033 -4.5344247612951E-033 -1.9144897769435E-033 4.1183708456988E-033 1.0899631200923E-032 1.3425241839076E-032
3.1769292389143E-013 6.9438940273211E-013 3.6069586396968E-013 4.5700058813062E-014 -1.2237313060462E-013 -2.085457864897E-013 -1.0556414190528E-013 4.3157128457319E-015 6.1630790529406E-014 5.6814106745744E-014 2.9209782600348E-014 -8.0671124160354E-015 -2.1878985947781E-014 -2.0667362554524E-014 -7.1735151524981E-015 4.5570543083463E-015 7.9415030579659E-015 6.5969376973681E-015 1.6890843435134E-015 -1.831887218613E-015 -2.3238875423761E-015 -1.9943966256865E-015 -4.5083340705843E-016 7.6782276486592E-016 7.5882194434468E-016 5.4057057813648E-016 7.0964408660812E-017 -2.7879815518506E-016 -2.3416427154734E-016 -1.358511496792E-016 9.1558138102215E-018 9.6920438212469E-017 7.8404603822523E-017 3.4733858787587E-017 -1.0171634591146E-017 -3.4738396137871E-017 -2.3130940501967E-017 -7.6033231395068E-018 5.9052971608244E-018 1.1561615221115E-017 6.9222493843431E-018 1.4865967073322E-018
-8.9321930907613E-038 4.017256960369E-037 8.8595177128411E-037 8.1458066720187E-037 -4.678423443223E-038 -1.6385837325934E-036 -2.9600916293067E-036 -2.6960600598832E-036 1.4590965155612E-036 7.0533645690425E-036 9.8359028765077E-036 7.0808651752086E-036 -8.545432400582E-036 -2.892854348606E-035 -3.2802849820833E-035 -9.5324431113264E-036 3.9879506823796E-035 1.0634345343027E-034 1.0343381574341E-034 7.3781566563887E-036 -1.7013191607696E-034 -3.6656148150983E-034 -2.9334385203736E-034 8.2312550382201E-035 6.7098999963051E-034 1.2005764925675E-033 7.9245781275162E-034 -6.112199802025E-034 -2.521842699664E-033 -3.8186435160561E-033 -1.7565015548331E-033 3.2541719700817E-033 8.8581466975276E-033 1.1655319753918E-032 2.9907698251951E-033 -1.3863554361801E-032 -3.0206862104435E-032 -3.2156232573928E-032 9.0086444061399E-034 5.4734187008498E-032 9.9764382862144E-032 8.0617988752229E-032
-3.7027283462033E-013 3.5549257391582E-013 4.4628743388168E-013 3.576037817619E-013 8.3628112590973E-014 -1.3571722874492E-013 -1.4031385476765E-013 -9.8812204692281E-014 -1.5291090599933E-014 4.3276566605816E-014 4.4535275263128E-014 2.6004460256809E-014 -2.2015993934019E-015 -1.8045677486102E-014 -1.4200958831229E-014 -6.5766194255782E-015 1.373151919505E-015 6.4113578048801E-015 5.0048319719041E-015 1.5722799906913E-015 -6.36366343273E-016 -2.1294984707164E-015 -1.4466810210477E-015 -3.937029267002E-016 2.9529060964673E-016 6.9884545468891E-016 4.621339070569E-016 7.6663603756405E-017 -1.2871031292151E-016 -2.1654197997415E-016 -1.2337128163105E-016 -8.8918659703122E-018 4.5047056244985E-017 6.8317642748648E-017 3.434696461472E-017 -2.6434420282861E-018 -1.7601863677808E-017 -2.1398522744238E-017 -8.8903864345842E-018 2.5304935175145E-018 5.8571783132094E-018 6.4424994123149E-018
-6.5734096081041E-037 -5.0283769782288E-037 2.1232262900068E-037 1.3298643560738E-036 2.0996288575831E-036 1.1233562414135E-036 -1.47088253746E-036 -5.6592788431965E-036 -6.4965394804965E-036 -3.7491094243099E-036 7.0065163135965E-036 2.0733089512706E-035 1.9499827736529E-035 2.2753582921564E-036 -3.13814450059E-035 -5.983132397931E-035 -5.1083098571428E-035 2.081044716887E-035 1.3243945283086E-034 1.9849999164889E-034 1.2744678871101E-034 -1.6396004116595E-034 -5.1765964415274E-034 -6.0938806577544E-034 -2.1157732750178E-034 8.4524774687547E-034 1.8367016917865E-033 1.8087829610362E-033 1.5777325293422E-034 -3.6601966986871E-033 -6.411647747481E-033 -5.0293815867449E-033 1.964627716736E-033 1.4675011828026E-032 2.1158231754999E-032 1.2974637604422E-032 -1.2673661451922E-032 -5.4449274850286E-032 -6.8915788907551E-032 -2.9136249815052E-032 6.8265482962137E-032 1.989444466844E-031
6.8566563854542E-013 5.7731955074407E-013 7.7712268381532E-014 -2.351779380771E-013 -2.4464014990028E-013 -1.2767541184258E-013 -6.0941110328549E-015 7.9927565079122E-014 6.9671274830734E-014 3.7031395900173E-014 -2.9205405245956E-015 -3.1793456700553E-014 -2.4203706796859E-014 -9.3143697087051E-015 3.3720339913849E-015 1.0539545711178E-014 7.782924376563E-015 2.1846766090725E-015 -1.9287641462549E-015 -3.6039531445855E-015 -2.1625084124432E-015 -4.4425408266392E-016 8.2648880048416E-016 1.2224382101084E-015 6.1024837689983E-016 2.9606809194257E-017 -3.2322319195459E-016 -3.9064636840802E-016 -1.7328299331234E-016 3.0761120495822E-017 1.2200263619189E-016 1.2230373413414E-016 4.6472777577262E-017 -2.1254837025782E-017 -4.2119166104465E-017 -3.7382380685868E-017 -1.1376049534808E-017 9.8781926530612E-018 1.4889194207681E-017 1.1163178404534E-017 2.7078899248817E-018 -4.1100121690601E-018
3.966047034181E-037 8.4529896514458E-037 8.4008196323247E-037 -1.2727054238289E-037 -1.7523252104359E-036 -2.7319116317946E-036 -2.1953554672371E-036 1.3628700936369E-036 6.7083050073777E-036 1.0436056058654E-035 5.6064932627979E-036 -7.9740321613432E-036 -2.3890393017803E-035 -3.2806141721807E-035 -1.1170556647197E-035 3.4173234808338E-035 8.0403954705001E-035 9.8462218821568E-035 1.3806078384331E-035 -1.3634527423624E-034 -2.6805605025983E-034 -2.6054184015789E-034 6.1625884401682E-035 5.3966886262137E-034 8.5773048574705E-034 6.2471372308512E-034 -5.054819811642E-034 -1.9699888809219E-033 -2.6405915327719E-033 -1.2023026628252E-033 2.8389589209241E-033 7.0110312780859E-033 7.7137098858807E-033 7.8350056644873E-034 -1.2713119863034E-032 -2.3636980528624E-032 -2.0162975352364E-032 8.5088954763669E-033 5.2291028894282E-032 7.6174408919216E-032 4.6684929987904E-032 -6.6523298906638E-032
-6.0849570777224E-013 1.8707564817927E-013 3.3563442814639E-013 4.1708047136601E-013 1.3709083740167E-013 -7.8333836430408E-014 -1.2390936130063E-013 -1.1627103040813E-013 -3.5663698700857E-014 3.1046740148931E-014 4.2940724896018E-014 3.3862339969255E-014 9.8594641381191E-015 -1.1308557963603E-014 -1.3829188929916E-014 -9.7975125701222E-015 -1.5635903637731E-015 4.7505775720626E-015 5.0351835840701E-015 2.7508443907751E-015 1.6709745708659E-016 -1.6188667390392E-015 -1.5518157183052E-015 -7.7803741442294E-016 2.8728324706235E-017 5.8466641763721E-016 4.9707110381955E-016 2.1517388978403E-016 -4.3422312471243E-017 -2.0647417314261E-016 -1.5788971540401E-016 -5.2337669370244E-017 2.0145159032267E-017 6.5788279333219E-017 4.6104502011795E-017 1.2902373609818E-017 -9.2933050215507E-018 -2.1743564003506E-017 -1.3359779304328E-017 -2.3350641022698E-018 3.7890335077069E-018 6.7514045933516E-018
-5.9276995465836E-037 -5.3545096448964E-037 4.1158897804819E-038 1.0656760880152E-036 1.9759604323159E-036 1.2756635969624E-036 -8.5265493016621E-037 -4.8007465368873E-036 -6.2444558642405E-036 -4.4368085758262E-036 4.6210214197168E-036 1.7595891165992E-035 1.9052676166444E-035 8.1194030338224E-036 -2.4291102139151E-035 -5.4109588840557E-035 -5.4385519188397E-035 -1.1582611103271E-036 1.0763673586872E-034 1.8782771537128E-034 1.4889522725352E-034 -9.1158593366963E-035 -4.2604465695602E-034 -6.2010791562892E-034 -3.5742918149238E-034 5.8240965714399E-034 1.6561456847015E-033 1.9735846458995E-033 6.0063786301136E-034 -2.8896182226768E-033 -6.0127276610455E-033 -5.8969395021933E-033 -8.4118372730091E-035 1.2440622799726E-032 2.1275367690418E-032 1.6801155900469E-032 -7.7271250085922E-033 -4.9826104605823E-032 -7.0044238873339E-032 -4.1430320622745E-032 4.5608854997061E-032 1.8412275124582E-031
-6.0117806064042E-013 -8.3421494900549E-013 -4.1351764071422E-013 1.0329055265226E-013 2.2801074036009E-013 2.7590756407666E-013 9.6433250750996E-014 -5.2820918312107E-014 -8.2775951064655E-014 -7.0553360832526E-014 -2.5683199840888E-014 2.1481238109911E-014 3.5529387349827E-014 2.1232994371963E-014 5.5498521558941E-015 -9.6694274820781E-015 -1.1087856886468E-014 -7.0477213260623E-015 -9.7985355862209E-016 3.4586394555269E-015 3.0835201630379E-015 2.1232073831735E-015 -6.2469936419182E-017 -1.2646046124122E-015 -1.0275727971448E-015 -5.2442085714473E-016 8.2660764608362E-017 4.5152898217936E-016 3.0810184754126E-016 1.1375625211431E-016 -5.9001753040512E-017 -1.5076479314434E-016 -9.3750889112361E-017 -2.4688298560761E-017 2.9090073108842E-017 5.0783808643965E-017 2.8950591687815E-017 3.3524778513281E-018 -1.1618349523771E-017 -1.6508338660466E-017 -7.9289366224676E-018 4.4922916706749E-019
-7.4167389404096E-038 -9.2095268889321E-037 -1.6035073182744E-036 -1.006347333453E-036 9.0908725073599E-037 3.4744587893032E-036 4.9386283356941E-036 2.8813155674717E-036 -4.8723121405493E-036 -1.4166560445308E-035 -1.5497069868543E-035 -4.8082355233403E-036 2.2184785630053E-035 5.3266143023093E-035 4.7636673932542E-035 -3.6418185744945E-036 -8.9689014603753E-035 -1.7902031873173E-034 -1.3295160222593E-034 6.8295000434546E-035 3.4670112397215E-034 5.7591150457069E-034 3.2393531605156E-034 -3.8177660387338E-034 -1.2776712180163E-033 -1.7198659482442E-033 -6.0926598560284E-034 1.7669790450057E-033 4.4059849155931E-033 5.0042636332292E-033 5.4742505776656E-034 -7.5543837986577E-033 -1.4256633431869E-032 -1.3791601602143E-032 3.2525720560227E-033 2.9225657846668E-032 4.5868725678259E-032 3.2427442801773E-032 -2.8911982535864E-032 -1.0724618980938E-031 -1.4488657966724E-031 -6.1907957606864E-032
-1.1400012262017E-013 2.1109771712526E-013 2.8525675100581E-013 1.7477270113867E-013 3.9599215795954E-014 -1.0563675484329E-013 -9.477642836689E-014 -5.0442378792222E-014 7.4345312816688E-016 3.0602197281461E-014 2.5633841117484E-014 1.3753127856195E-014 -3.6775337848602E-015 -1.1732039191225E-014 -8.2016473462327E-015 -2.680296507691E-015 2.1202968064582E-015 4.0946283693692E-015 2.6203152472353E-015 4.9226324733015E-016 -6.6487137859519E-016 -1.4094604243894E-015 -8.5232736968477E-016 -7.2384371349044E-017 2.6745185382731E-016 4.4301174323664E-016 2.3994058702071E-016 -5.3113023452729E-018 -9.834386084446E-017 -1.3007485566281E-016 -6.2725471058366E-017 1.0086573927949E-017 3.5785830083995E-017 4.0137238821241E-017 1.5693462947712E-017 -7.1638957435143E-018 -1.2482033329304E-017 -1.2048226235601E-017 -3.6513363016634E-018 3.2756234351642E-018 4.2728984059853E-018 3.6553429022768E-018
-3.8692870690028E-037 -1.9618959487678E-037 2.9798750958491E-037 9.2004658447977E-037 1.1843493276649E-036 3.037454983558E-037 -1.4568826478023E-036 -3.7832730321976E-036 -3.3349038348606E-036 -6.021163001355E-037 6.0589763782218E-036 1.2564630622212E-035 8.7645301819054E-036 -4.765103562178E-036 -2.4495062649407E-035 -3.469097575036E-035 -1.9730853849712E-035 3.4917536530768E-035 9.2173123758399E-035 1.0699170669217E-034 3.3497649594609E-035 -1.6474990175116E-034 -3.4105750463024E-034 -3.2133968191481E-034 1.5737532410739E-035 6.8357748769115E-034 1.1659224463647E-033 8.4726513725411E-034 -4.0536912377914E-034 -2.6494221506196E-033 -3.7971051025886E-033 -2.2501891237631E-033 2.5898113286033E-033 9.9262000857914E-033 1.1792209061724E-032 4.4970356832003E-033 -1.2068798703754E-032 -3.4703827146196E-032 -3.6422983691324E-032 -5.1083425027887E-033 5.2936787041474E-032 1.1952987508303E-031
-5.9658959470647E-013 -1.4285402475126E-013 2.01030569449E-013 3.0484473279679E-013 1.8333095305945E-013 2.9510469432255E-015 -6.8620206360237E-014 -1.0227165794443E-013 -4.4574425943025E-014 4.0277673502755E-015 2.4741844761559E-014 3.1963066595765E-014 1.2317210853987E-014 -4.6591019496099E-015 -9.376181929396E-015 -9.19120390449E-015 -3.0407766715601E-015 2.4238085897268E-015 3.7329553844785E-015 2.8190853571155E-015 7.9638579558229E-016 -1.0164446075907E-015 -1.3152886940343E-015 -8.8415102263359E-016 -1.6893701063494E-016 3.8314335154582E-016 4.3315910354964E-016 2.6328408066922E-016 2.5046675254828E-017 -1.4416343077551E-016 -1.4093575126506E-016 -7.5822575234737E-017 -7.4905138723387E-019 5.167252507514E-017 4.6132652352259E-017 2.0487760601826E-017 -3.3389244775197E-018 -1.8142873159522E-017 -1.3918254223419E-017 -5.3094004797961E-018 1.8217505500378E-018 6.1226845167867E-018
-6.8744927933626E-037 -8.0850396910531E-037 -2.8022426202659E-037 1.0169215636949E-036 2.4406203538518E-036 2.3474779941697E-036 2.029428428408E-037 -4.7918579022925E-036 -8.2561806118262E-036 -8.0798135633037E-036 1.8948163170769E-036 1.8629572853156E-035 2.6526009474194E-035 2.0198989114766E-035 -1.5879096202185E-035 -6.0585076869009E-035 -7.9662637580984E-035 -4.0299611444269E-035 8.6662887539904E-035 2.0991489541282E-034 2.2924085463043E-034 1.8914495884079E-035 -3.8138393830195E-034 -7.2109008290326E-034 -6.4895573845442E-034 2.5060944269209E-034 1.5567568484185E-033 2.3065804939115E-033 1.4894525866291E-033 -1.721016477843E-033 -5.8254361446803E-033 -7.0994318562394E-033 -3.1565662581939E-033 9.0095896054115E-033 2.1041318922396E-032 2.1991805865646E-032 3.1960133926375E-033 -3.9314975931538E-032 -7.1513302229239E-032 -6.0945817774844E-032 1.1068377748177E-032 1.5461244165597E-031
3.328382267744E-013 1.0423295607241E-014 -9.1425609328658E-014 -1.6764319222959E-013 -6.9122765686565E-014 8.5668781650227E-015 2.9438047665E-014 4.5524654446382E-014 2.1617477798303E-014 -2.2796107058651E-015 -1.370629883843E-014 -1.4096766588646E-014 -5.5454138653512E-015 2.8998871307108E-015 4.4369546239497E-015 4.1198482588168E-015 1.5844172067067E-015 -1.1433805467383E-015 -1.7628915128805E-015 -1.3567137973204E-015 -2.8394555108274E-016 4.7019686638813E-016 5.9741081850621E-016 3.7454521984601E-016 6.3736602380205E-017 -1.7390038301619E-016 -1.9550162027881E-016 -1.1509413261623E-016 -8.5856546716544E-018 7.02437167919E-017 6.4930238128847E-017 3.2128985494376E-017 -1.6121773935201E-018 -2.4138695185964E-017 -2.0512555991219E-017 -8.7381092670478E-018 1.394833407247E-018 8.2337884834691E-018 6.3795956630549E-018 2.3313738964039E-018 -9.2460566484135E-019 -2.8253906567115E-018
3.0409717401404E-037 3.6413836416143E-037 1.3944137429532E-037 -4.3080487361002E-037 -1.0605901147387E-036 -1.0499449715632E-036 -1.3519083354134E-037 2.1112593566662E-036 3.5763958133894E-036 3.8692476881422E-036 -6.1404154398351E-037 -8.2001700070551E-036 -1.1974765773386E-035 -9.1530061819841E-036 6.7432049259048E-036 2.689962985563E-035 3.6938114038123E-035 1.8968398293138E-035 -3.7366067127099E-035 -9.4817422186316E-035 -1.0537552013006E-034 -1.4039235185017E-035 1.6929016492836E-034 3.1940297819633E-034 2.782564859908E-034 -1.06816008104E-034 -6.9859836073553E-034 -1.0336294702592E-033 -6.5015036136012E-034 8.755857247066E-034 2.6796383381296E-033 3.2246634237146E-033 1.1936688344295E-033 -4.6087269427722E-033 -9.8514291345195E-033 -9.7266250668154E-033 -3.6130146458806E-034 2.0292492713558E-032 3.4910960384369E-032 2.8230058224605E-032 -1.0660803063551E-032 -8.0016924113219E-032
