Test data_DRK/Two Mounts Near case/2022-3-26-MarsModel3TwoMountainsNear_1Topo_m.grd
DSAA
600 600
-1500000 1495000
-1500000 1495000
-2.7340694819245E-008 20000.000030135
[rows 285 to 303 of 600, columns 42 to 83 of 600]
7.6868478174132E-028 9.6673277520993E-028 1.2137509688713E-028 -1.4002852063983E-027 -2.7490783378391E-027 -2.7959269810636E-027 7.9554327010853E-028 5.9310831219512E-027 9.420103800262E-027 6.7687886430282E-027 -5.9726523706971E-027 -2.3099743713014E-026 -3.0190548501628E-026 -1.4844848736654E-026 3.1551697335922E-026 8.7172312739077E-026 8.9955231415894E-026 2.4707473183401E-026 -1.4059919624721E-025 -3.0592945097159E-025 -2.5865978289308E-025 9.3607422582938E-027 5.7939782414525E-025 1.0628203148537E-024 7.2834578458852E-025 -4.4973658398914E-025 -2.1259735850924E-024 -3.465873917278E-024 -1.8941493719531E-024 2.7584994275312E-024 7.6673971806933E-024 1.1059928707805E-023 4.0410928788808E-024 -1.2235814053882E-023 -2.7744275092363E-023 -3.1788997135891E-023 -4.1250545905228E-024 4.6127431001311E-023 9.3622417725067E-023 8.712310113056E-023 -1.9798600618012E-023 -1.7818755556222E-022
1.760612458327E-038 2.3601209683493E-038 1.0202788405845E-038 -2.1978207280869E-039 -6.438160634439E-039 -7.1402470386064E-039 -3.0256495837591E-039 1.3056822447407E-039 2.1492574051613E-039 2.0946900768603E-039 6.5616306262708E-040 -5.615529494194E-040 -7.5445369985484E-040 -6.389535977267E-040 -1.6691350622328E-040 1.8747322647853E-040 2.4139869937869E-040 1.748145435539E-040 3.1323888079182E-041 -6.838254594696E-041 -7.3753349831085E-041 -4.5873662693939E-041 -7.6163664236974E-045 2.4303579413672E-041 2.3513052308439E-041 1.2305656195414E-041 -1.4581776025079E-042 -1.0146939434224E-041 -6.9045469485878E-042 -2.8855610838015E-042 1.1280247354704E-042 3.4472262811356E-042 2.2035638623462E-042 6.8400162800997E-043 -6.0956300912605E-043 -1.0095261042757E-042 -6.6497834848913E-043 -9.1643857523285E-044 2.61671386048E-043 3.7600622028742E-043 2.1864351944799E-043 -5.0330308184073E-045
-1.5854097540054E-027 -1.484290701177E-027 5.5385428907462E-028 3.5720180458226E-027 5.255635855666E-027 3.7644728079938E-027 -3.701097041868E-027 -1.357909765588E-026 -1.7002755193413E-026 -8.5454477117169E-027 1.9693153881254E-026 5.0516158667443E-026 5.2540759988834E-026 1.0450699640796E-026 -8.2282211367452E-026 -1.768947149483E-025 -1.5547261615313E-025 1.7598232264855E-026 3.2955388329444E-025 6.0442751500366E-025 4.076435628975E-025 -2.4171489971538E-025 -1.2394524220093E-024 -2.0216135927469E-024 -1.0488297912967E-024 1.4947129272015E-024 4.4862715924701E-024 6.368328132893E-024 2.2996331498034E-024 -6.7580181851143E-024 -1.5733492992803E-023 -1.9589959678489E-023 -3.6366013816953E-024 2.7891067319645E-023 5.2955402621436E-023 5.2143329124776E-023 -4.2775477525371E-024 -9.5839602088072E-023 -1.6833401909006E-022 -1.357267892576E-022 7.7116645911684E-023 3.514594429142E-022
-4.6088152667398E-038 -4.8756855712705E-038 -1.8412403720089E-038 1.0425272335256E-038 1.4843493663826E-038 1.3657046586645E-038 3.5705693538157E-039 -4.2523976032606E-039 -5.0873145436045E-039 -3.9139476586887E-039 -5.7399873330175E-040 1.4949032300293E-039 1.6724164940609E-039 1.023535522163E-039 -1.7295551072963E-041 -5.6847751163947E-040 -5.2175431037542E-040 -2.5599506767968E-040 5.6654033506984E-041 2.0011936922804E-040 1.5206978038296E-040 5.6708035664422E-041 -3.7684519675892E-041 -7.6888740236969E-041 -4.4751387640032E-041 -1.0274049564635E-041 1.535038624165E-041 2.1232691828383E-041 1.268708753683E-041 5.5263613514835E-043 -6.5973736045783E-042 -6.8449612029818E-042 -3.54350383956E-042 6.6281087260648E-043 2.3737171162634E-042 2.1331921167065E-042 8.3579264472446E-043 -4.4572809460688E-043 -8.6019024948057E-043 -7.5247550089399E-043 -2.0252614366635E-043 2.0855741305616E-043
-3.2587207331274E-027 -4.9886436376318E-027 -2.2633792288757E-027 3.9339874656312E-027 1.198036344613E-026 1.4900958243117E-026 2.5800363365932E-027 -2.0155456502731E-026 -4.1753045983068E-026 -4.4799434271679E-026 7.4879207930896E-027 8.8704552095616E-026 1.4149922966996E-025 1.1701657322807E-025 -8.1133354964513E-026 -3.4877202095222E-025 -4.7723601506504E-025 -2.7782746215661E-025 4.6762327324866E-025 1.3668561168927E-024 1.4959108148522E-024 4.5157558432113E-025 -2.0773799445005E-024 -4.8817893248838E-024 -4.4499654127808E-024 -1.4592584034807E-025 8.9027432522766E-024 1.7110285765952E-023 1.244267236163E-023 -5.1776315564153E-024 -3.4106241751561E-023 -5.7371438297868E-023 -3.3563771851861E-023 3.8827511767768E-023 1.2625516162915E-022 1.848689725292E-022 7.7015878168745E-023 -1.7615262733903E-022 -4.4957003111378E-022 -5.7178501538686E-022 -9.1105547398849E-023 7.5755429202203E-022
-5.4931806012593E-038 -1.0381315548484E-037 -6.3830332839455E-038 -7.7924743986042E-039 2.0918306314606E-038 3.3045854920434E-038 1.8499287824963E-038 5.5142780460683E-040 -7.5098554819841E-039 -1.0103582414753E-038 -4.7435013495419E-039 6.5984188084093E-040 2.5875953634487E-039 3.0615616978242E-039 1.2217030247077E-039 -3.8707614683874E-040 -9.2595313779993E-040 -9.1606010728552E-040 -2.9343087650031E-040 1.9231620514514E-040 3.1066609736482E-040 2.7424385855871E-040 7.5383675128244E-041 -8.0701112820869E-041 -1.0285119316131E-040 -7.6923389714381E-041 -1.3667840881811E-041 3.5802790471433E-041 3.1504749227102E-041 1.9877623721095E-041 3.8756292002652E-043 -1.2190118300278E-041 -1.0077957429253E-041 -5.2160682335155E-042 1.1106087951819E-042 3.7370472249321E-042 3.2246935801529E-042 1.2004541672629E-042 -5.6075851638969E-043 -1.5600931747422E-042 -1.1036574831062E-042 -2.5167819189909E-043
1.3656852183857E-027 1.7582632462198E-027 2.7854301044716E-028 -2.356051887239E-027 -4.94686623049E-027 -5.0257025391058E-027 1.2136232588928E-027 1.0537554960124E-026 1.6514193629316E-026 1.3433465334074E-026 -1.004917225898E-026 -4.1490095088245E-026 -5.3646784962622E-026 -3.001671834451E-026 5.7165660035362E-026 1.5819131845477E-025 1.6682508187374E-025 4.5788736070095E-026 -2.5050171379103E-025 -5.6689408634946E-025 -4.9248604705677E-025 5.6046825650285E-026 1.0546820119614E-024 1.985208648317E-024 1.3371232616436E-024 -7.9675236063042E-025 -4.0113170484025E-024 -6.3471558749419E-024 -3.3760937137551E-024 4.6988770723994E-024 1.4694764995447E-023 2.0230640747817E-023 7.1734160558759E-024 -2.2789588350005E-023 -5.0457404773635E-023 -6.0126612743961E-023 -1.0819392837537E-023 8.2884129064163E-023 1.7018712744128E-022 1.6744728639985E-022 -3.6351512294676E-023 -3.2417082218756E-022
3.4250721734724E-038 5.430211723447E-038 3.0315776792223E-038 3.9850338617143E-040 -1.2661675551479E-038 -1.6896577853738E-038 -8.0581538940455E-039 1.0654878642322E-039 4.5535072192614E-039 5.4371119935443E-039 2.3925967342504E-039 -5.9177884722492E-040 -1.5847466112527E-039 -1.6334081826229E-039 -6.3168703803142E-040 3.3665328150294E-040 5.1439983740217E-040 4.8147991615754E-040 1.5852716285804E-040 -1.3669256706074E-040 -1.6682131612281E-040 -1.3504833925129E-040 -2.4255411784121E-041 4.4165486802226E-041 5.5401356439198E-041 3.677108077614E-041 2.4391099884673E-042 -2.0732359446762E-041 -1.7722632078288E-041 -9.6219676349854E-042 1.0542708893247E-042 6.5274101956007E-042 5.556461597323E-042 2.5652067861515E-042 -7.5263217159218E-043 -2.6538786527225E-042 -1.643089969473E-042 -5.0899107270699E-043 3.994943354953E-043 8.4595086129773E-043 5.3248390554193E-043 9.8916439269401E-044
5.6512289436272E-027 1.6854649252418E-027 -7.962593989033E-027 -1.8352355878273E-026 -1.6735970228208E-026 4.3063075032278E-028 3.2595724725253E-026 6.1787212212494E-026 4.599462209567E-026 -1.8512663777042E-026 -1.2576903656592E-025 -2.0446595160215E-025 -1.1844492903238E-025 1.346033257572E-025 4.5172050663659E-025 6.5456832159378E-025 2.7206309727262E-025 -6.2799779057863E-025 -1.5748844211139E-024 -1.9912992652284E-024 -3.8666376527478E-025 2.6193076588528E-024 5.3737760372434E-024 5.9830671461582E-024 -4.1438704521186E-025 -1.0513657144666E-023 -1.7212211890816E-023 -1.5784571363948E-023 5.8508463862354E-024 3.8887636374649E-023 5.3823494169936E-023 3.8362070437277E-023 -3.3808163033333E-023 -1.4223909953001E-022 -1.6346082889175E-022 -6.8944505628329E-023 1.7719112424694E-022 4.3048263891526E-022 4.6154766775668E-022 6.743926045225E-023 -8.4476072344898E-022 -1.4641958958682E-021
2.4833169292206E-037 1.8604114019691E-037 2.0074657565375E-038 -8.735347346265E-038 -8.0237075203695E-038 -4.9376493499315E-038 -2.1317160876567E-039 3.3314029155463E-038 2.5900908990234E-038 1.2965870706925E-038 -2.7940738867534E-039 -1.0100708715307E-038 -8.1674091311203E-039 -3.0820285777247E-039 1.6890109555191E-039 4.0516838668194E-039 2.5047459366134E-039 5.7123553170452E-040 -7.9228960659077E-040 -1.1838145576483E-039 -7.2403827719882E-040 -7.349439788045E-041 3.3297594644102E-040 4.4182308603595E-040 1.974555626082E-040 -2.5799601324212E-041 -1.3073604097113E-040 -1.161504797274E-040 -5.1850004916209E-041 1.952194008095E-041 4.6228798727043E-041 3.6036360560499E-041 1.2589324145419E-041 -1.149687405899E-041 -1.6448794221297E-041 -1.2253933649189E-041 -2.589029878432E-042 4.4304787319346E-042 5.4909263473278E-042 3.6177257052136E-042 4.5892074219302E-043 -1.6573858479759E-042
4.1656669526954E-027 2.5181435099026E-027 -3.7926954436081E-027 -1.1673090246244E-026 -1.3353839228042E-026 -4.786508081017E-027 1.8164017921396E-026 4.2521910924967E-026 4.0274583082611E-026 3.1181868289032E-027 -7.4286160708547E-026 -1.5014082050629E-025 -1.1701113849415E-025 4.3508400382311E-026 2.9418912781331E-025 5.1245011222643E-025 3.0804522851706E-025 -2.7165834048185E-025 -1.1117879928968E-024 -1.6634351139654E-024 -7.0936289189373E-025 1.4079865444747E-024 3.9635896955744E-024 5.207702909006E-024 1.1450805162102E-024 -6.6394560989253E-024 -1.3170584513057E-023 -1.5641192948924E-023 -6.7563228593512E-025 2.6028109058958E-023 4.4040576248941E-023 4.3032528809383E-023 -1.1013570373443E-023 -9.95288234376E-023 -1.4210263321998E-022 -9.8441962280355E-023 8.6888303840122E-023 3.2025454012497E-022 4.2567306334824E-022 2.1130673201805E-022 -4.9453896576626E-022 -1.1118401442752E-021
1.7034960094655E-037 1.6857393963032E-037 5.6667393308124E-038 -3.6257586714256E-038 -5.711352613409E-038 -4.8185834610298E-038 -1.3106187508878E-038 1.4260394195664E-038 1.8458818064945E-038 1.392455778355E-038 2.6469958558048E-039 -5.3900688955566E-039 -5.7118358506468E-039 -3.6233258350054E-039 -4.7153894842864E-041 1.8010873392829E-039 1.7617018173636E-039 9.4877937456718E-040 -8.9182559910746E-041 -6.3243614924857E-040 -5.2580986599698E-040 -2.1843492797678E-040 8.3628761381269E-041 2.0607973401677E-040 1.4590504358889E-040 4.479184428873E-041 -4.1303738262151E-041 -6.5899971448877E-041 -4.0859152332238E-041 -5.285255641074E-042 1.7974553635496E-041 2.0540014802075E-041 1.0996955558251E-041 -1.0071480291825E-042 -6.8365185368396E-042 -7.5907501899703E-042 -3.0239830809412E-042 9.7414368372006E-043 2.4452644903108E-042 2.3807401805887E-042 8.6841503667262E-043 -5.063764368246E-043
-3.4156392480487E-027 1.8409635125505E-027 1.0207361379656E-026 1.6490029761657E-026 9.1383821115325E-027 -1.123035117731E-026 -3.679360764181E-026 -5.2400172961067E-026 -2.0827541081313E-026 5.0990939171839E-026 1.2583172958294E-025 1.568398766359E-025 3.342399491595E-026 -2.06672128596E-025 -4.2285173689731E-025 -4.7173155499994E-025 1.9061944401472E-026 7.9045601666712E-025 1.3582731869901E-024 1.2503413884173E-024 -4.5984006561236E-025 -2.9485634499124E-024 -4.2148974841188E-024 -3.2247569273412E-024 2.9298298620301E-024 1.0939119966928E-023 1.2453070319687E-023 7.132178935816E-024 -1.361909820627E-023 -3.7540921078585E-023 -3.5450894103933E-023 -7.9042445829687E-024 5.579480033164E-023 1.2816222870596E-022 1.0095984704922E-022 -3.9940602583593E-023 -2.319672483052E-022 -3.5181935402472E-022 -2.3044606855698E-022 2.6030920823712E-022 9.3490285173028E-022 1.0771974452188E-021
-2.1610222672304E-037 -1.1564192561519E-037 1.4610039930783E-038 7.9373078672148E-038 6.641943503943E-038 2.5507629878458E-038 -1.1870175826516E-038 -3.0855163747491E-038 -1.8585632475279E-038 -5.2522820364571E-039 5.0475708318576E-039 8.4394821784192E-039 5.3140959691578E-039 7.6276575616507E-040 -2.365752314241E-039 -3.1158591708861E-039 -1.4971023792523E-039 1.3411283455005E-040 8.7127596576767E-040 9.943071620372E-040 4.2453505755623E-040 -1.0306487629265E-040 -3.2413576145397E-040 -2.7743721518233E-040 -1.0287714793663E-040 6.7209852176286E-041 1.1616186128366E-040 9.2049282780152E-041 2.5175137935525E-041 -3.0315975499349E-041 -3.9865725677478E-041 -2.8184375514287E-041 -5.8957887774712E-042 1.1624501436978E-041 1.3342529530706E-041 8.3746137704566E-042 1.1034994461145E-042 -4.3433249013362E-042 -4.3426260464033E-042 -2.4630574743619E-042 -3.1645805341605E-044 1.5656035160619E-042
4.5255463716069E-027 1.4516530204878E-027 -6.2960047549506E-027 -1.4605391454543E-026 -1.3609192509013E-026 -7.5099233125781E-028 2.6579943229415E-026 5.1811793264511E-026 3.936345069141E-026 -1.4891652220102E-026 -1.0125916893853E-025 -1.7556823991503E-025 -1.1051347158124E-025 9.3091523083904E-026 3.8032513443091E-025 5.7257846711522E-025 2.5035007420833E-025 -4.6867043442828E-025 -1.3559522660505E-024 -1.8387610204429E-024 -4.5812992590879E-025 2.1452662663645E-024 4.6417240567108E-024 5.6184929624581E-024 2.8371842370829E-026 -9.1121877494874E-024 -1.547503523088E-023 -1.599783096848E-023 4.405267263435E-024 3.6421856458227E-023 5.0414353504954E-023 4.163928495989E-023 -2.93343741587E-023 -1.3517988501871E-022 -1.6032014057111E-022 -6.9605144051839E-023 1.6230399760829E-022 4.1951878131451E-022 4.7697123126438E-022 8.8297079126525E-023 -7.9619367308823E-022 -1.4135395845941E-021
2.1740044016785E-037 1.7047217539664E-037 3.7062039203556E-038 -7.0279155070655E-038 -6.9797308583558E-038 -4.7611271268603E-038 -5.4318232239673E-039 2.6082667165322E-038 2.2749186408947E-038 1.3377926566415E-038 -2.1547778736443E-040 -7.9254755338301E-039 -6.8843571643447E-039 -3.1148169690545E-039 9.7294645946893E-040 3.0454162308056E-039 2.0848875341301E-039 7.0543882925987E-040 -4.7065112362847E-040 -8.7340229418712E-040 -5.9303170989862E-040 -1.2636903698854E-040 2.1377601988246E-040 2.8113765490447E-040 1.6011985636854E-040 1.3440049494719E-042 -8.5094260006724E-041 -1.0086571644861E-040 -4.2742632044927E-041 8.8578768885672E-042 3.1331858422786E-041 3.2223577053753E-041 1.2116132229108E-041 -5.2990918755415E-042 -1.148304912358E-041 -8.6963868515227E-042 -2.8192180354962E-042 2.77154202175E-042 3.9394966631916E-042 2.8859747779582E-042 5.2718142906989E-043 -1.1565151151771E-042
-2.5291854718581E-027 1.8356442599428E-027 8.1780446673806E-027 1.298631944868E-026 6.3967852038992E-027 -1.0728163793619E-026 -2.9188201965879E-026 -4.041810740237E-026 -1.2191709829316E-026 4.5744558696771E-026 1.0391767175488E-025 1.2306267044989E-025 8.7448512669179E-027 -1.8626366038172E-025 -3.5005533222622E-025 -3.4946020798263E-025 7.621504161195E-026 7.2206103292712E-025 1.0985858009597E-024 9.1214631531542E-025 -5.9508982024101E-025 -2.6160776126531E-024 -3.3804958817464E-024 -2.3248003768704E-024 3.2669470225334E-024 9.5634698698164E-024 9.9230202780549E-024 3.8938572804853E-024 -1.3698581761623E-023 -3.3195436720934E-023 -2.8656551604536E-023 -2.5640614212645E-024 5.3827948015237E-023 1.1327907104111E-022 7.7009946752584E-023 -4.8589032753619E-023 -2.1400081260331E-022 -3.1587211723419E-022 -1.8860343874573E-022 2.7230142913944E-022 8.6015550353791E-022 9.6912404813841E-022
-1.760068100063E-037 -7.1705065238939E-038 3.1603237899724E-038 7.4926265963803E-038 5.4383069708498E-038 1.5947795120579E-038 -1.697620690158E-038 -2.9240733638396E-038 -1.552871257992E-038 -1.6346730081619E-039 6.4975565378262E-039 9.2607090232008E-039 4.3895558053545E-039 -2.0834966796764E-040 -2.5948071329602E-039 -2.9330868200879E-039 -1.2366098293893E-039 3.7673218149711E-040 9.8800425406572E-040 9.1308039738089E-040 3.5208080539412E-040 -1.8580771378121E-040 -3.476804713912E-040 -2.9437313704708E-040 -8.7327735661894E-041 8.0356133070216E-041 1.1767036333931E-040 8.8528279052293E-041 1.8869893932289E-041 -3.2168047758178E-041 -3.9448307244717E-041 -2.545665822893E-041 -4.098343188728E-042 1.2430641481005E-041 1.2865836795458E-041 6.3840565593144E-042 5.5231084526186E-043 -4.4844471162956E-042 -4.0710227095855E-042 -2.016147137869E-042 2.3599093464006E-043 1.5632895130688E-042
4.1855309895223E-027 1.7706359975682E-027 -5.0837211602817E-027 -1.3009963483218E-026 -1.2998242887519E-026 -2.019994304167E-027 2.219057601784E-026 4.5738249891478E-026 3.8070141774528E-026 -7.6477729250899E-027 -8.7907075250067E-026 -1.5606401941903E-025 -1.0255552938254E-025 7.9552045749129E-026 3.2550993905487E-025 5.0907094955207E-025 2.4674839199858E-025 -4.0116473573047E-025 -1.203516954518E-024 -1.6391192276646E-024 -4.2081490318501E-025 1.8407694795594E-024 4.1470937930629E-024 5.0211462060484E-024 3.4319806399246E-025 -7.7482737801555E-024 -1.372677419483E-023 -1.3664001936354E-023 3.1599964785352E-024 3.0432664552747E-023 4.3859146084704E-023 3.7090444066369E-023 -2.1726372610823E-023 -1.0989752491461E-022 -1.3950279140356E-022 -7.3504709625871E-023 1.2641673824339E-022 3.4746170651723E-022 4.1738801868583E-022 1.1527500943262E-022 -6.0319045643183E-022 -1.2025166406726E-021
