Test data_DRK/Two Mounts Near case/2022-3-26-MarsModel3TwoMountainsNear_1Topo_m.grd
DSAA
600 600
-1500000 1495000
-1500000 1495000
-2.7340694819245E-008 20000.000030135
[rows 323 to 341 of 600, columns 462 to 503 of 600]
-1.9980363028614E-045 -9.1933772329211E-045 -1.3035836054888E-044 -6.2377124439459E-045 1.2882055556451E-044 3.5624129834539E-044 4.2395079555466E-044 5.6343551295449E-045 -6.0511399792639E-044 -1.228312240659E-043 -1.2038398160757E-043 2.8215581868874E-044 2.4922688745508E-043 4.0481529810463E-043 2.9726945636318E-043 -2.7134897049599E-043 -9.5259034092842E-043 -1.2346378849109E-042 -6.1512423793359E-043 1.3507748260564E-042 3.5743225288811E-042 3.5809692048055E-042 5.470628658289E-043 -6.318277485152E-042 -1.2092341288641E-041 -9.9727854754127E-042 2.6576183631225E-042 2.5475288624412E-041 4.0337031096686E-041 2.4395934373874E-041 -2.6349149221956E-041 -9.5818254164657E-041 -1.3061465897039E-040 -4.4010767211603E-041 1.3638106801679E-040 3.5360977533912E-040 4.0138803605997E-040 8.8277382912589E-042 -6.2465895849429E-040 -1.2379951412036E-039 -1.0917032721592E-039 2.9315282941783E-040
-2.2187138009397E-027 -1.4497516764522E-027 -1.1860116613187E-028 8.4907645397563E-028 8.3242835882822E-028 3.9761419965713E-028 -2.5422991289985E-029 -2.8559765161184E-028 -2.2000959311744E-028 -1.0175050008296E-028 2.1407894154331E-029 9.9963665292927E-029 6.6125240656354E-029 2.3742206590159E-029 -1.2354353622151E-029 -3.2985530779071E-029 -1.9111017149582E-029 -3.8926252444897E-030 5.2215368306631E-030 1.0240835609265E-029 5.4779298754312E-030 2.7381678808017E-031 -2.189749617405E-030 -3.1959525602993E-030 -1.4743140326966E-030 2.092105101971E-031 8.0099990560289E-031 9.5013159382619E-031 3.8761262977176E-031 -1.4379548748681E-031 -2.8586035320314E-031 -2.8703521833331E-031 -1.0052430422717E-031 6.7369732707509E-032 9.5782413370086E-032 8.3945179758053E-032 2.1579468750884E-032 -2.8318847861595E-032 -3.1145010357275E-032 -2.3675824560115E-032 -4.5400163721623E-033 1.0721609915095E-032
-4.0808708261498E-063 -3.8788062509112E-062 -6.5647037669132E-062 -4.1842119448523E-062 4.2799965321118E-062 1.5441156343454E-061 2.0530338539986E-061 7.7485834498606E-062 -2.1796175981686E-061 -5.5468571222519E-061 -6.1517969390222E-061 -9.366359805869E-063 9.9132520980373E-061 1.9237405169069E-060 1.6991567302309E-060 -7.0131246030916E-061 -4.1433007948541E-060 -6.3049270826287E-060 -4.1622292842997E-060 4.7528932961602E-060 1.5881051534248E-059 1.8993632800919E-059 7.4287340872625E-060 -2.5032214460271E-059 -5.6761018774351E-059 -5.678992154772E-059 -4.7739413128734E-060 1.0629149524974E-058 1.912353908488E-058 1.4101157334892E-058 -6.2270299153539E-059 -4.0767114170512E-058 -6.364493590949E-058 -3.1772922788233E-058 4.503794857621E-058 1.4672518321537E-057 1.9084067585788E-057 5.1041614695097E-058 -2.1450942019085E-057 -5.0091706557596E-057 -5.5374122325347E-057 6.698925658132E-059
1.0885455914316E-027 6.4555015129871E-028 2.2908294481323E-029 -4.4210399905253E-028 -3.724321267364E-028 -1.6780609848858E-028 2.4512209126712E-029 1.4442046417289E-028 1.0014329686001E-028 4.1059131220455E-029 -1.4588793259292E-029 -4.8810519306399E-029 -3.2408219442705E-029 -9.0774641593906E-030 7.7699051660139E-030 1.6511819959701E-029 8.8333416816115E-030 1.0316704818004E-030 -3.1078596459445E-030 -5.1778573823452E-030 -2.7413221095246E-030 6.271934826547E-033 1.1908680994223E-030 1.6613885155615E-030 6.8759544371087E-031 -1.8483890925276E-031 -4.3177317805498E-031 -4.7945530769278E-031 -1.7782142665441E-031 9.5626541980015E-032 1.5539171986851E-031 1.4288261195988E-031 3.9859620540259E-032 -4.6816183643947E-032 -5.2861468815912E-032 -3.9504336768601E-032 -7.3495489025492E-033 1.7674287695804E-032 1.6711159896872E-032 1.0736261087936E-032 7.0295468010791E-034 -6.397465810762E-033
1.8474128466064E-063 1.3081758515988E-062 2.0710852831042E-062 1.195264215177E-062 -1.5680211245731E-062 -5.292791381189E-062 -6.730367363426E-062 -1.760287677181E-062 8.2404045448132E-062 1.8725043770907E-061 1.9495732717411E-061 -1.0607718750064E-062 -3.5757720658301E-061 -6.10546883137E-061 -5.0414863356282E-061 3.0841286449998E-061 1.4040046771321E-060 1.9511508476893E-060 1.1319432466768E-060 -1.9333541168536E-060 -5.1022295671635E-060 -5.8000912417893E-060 -1.7589056261541E-060 8.658983022567E-060 1.8622724506363E-059 1.6666959777174E-059 -2.0563783120927E-060 -3.5667096741774E-059 -6.1734140356439E-059 -4.0538938616079E-059 2.8328339622456E-059 1.356012796094E-058 1.984211194269E-058 8.6253903760633E-059 -1.7120398478504E-058 -4.9640791688753E-058 -5.8462673723128E-058 -9.8031718399077E-059 7.985773270309E-058 1.739109947324E-057 1.7390299015206E-057 -2.4343770548975E-058
-1.2537959217766E-027 -1.1758861847121E-027 -4.4390662782607E-028 3.1436989547549E-028 5.2210089101832E-028 3.9418815288323E-028 9.2065979360925E-029 -1.4115167565294E-028 -1.5213680484177E-028 -1.1334002244819E-028 -1.9116974087462E-029 5.1949566478913E-029 4.8013938095871E-029 3.1761037754211E-029 3.0461733127216E-031 -1.9985660683883E-029 -1.5792446208854E-029 -7.5339312001928E-030 8.2139317651063E-031 6.8386693005464E-030 4.7281747745278E-030 1.745819147508E-030 -6.5624082043916E-031 -2.3366055178155E-030 -1.4927700508289E-030 -3.7680164974084E-031 3.7996843568659E-031 7.754307926015E-031 4.3752780392114E-031 5.1715162536478E-032 -1.4911576782252E-031 -2.5218815055972E-031 -1.3025448179175E-031 3.2485629723616E-033 5.938646962214E-032 8.2203832995685E-032 3.5898362017971E-032 -8.3132983063212E-033 -2.1701736745292E-032 -2.487760777312E-032 -9.0776563056931E-033 4.982681564371E-033
1.3245913821668E-063 -1.9924734582894E-062 -4.0712356006963E-062 -3.2980318449869E-062 1.3954573306943E-062 8.8503569030606E-062 1.3590399721507E-061 7.7757247620188E-062 -9.7122866348201E-062 -3.3526366629302E-061 -4.2022426188339E-061 -1.1923432042643E-061 5.0682701899618E-061 1.1958660519148E-060 1.2483728162761E-060 -1.1763260632097E-061 -2.2656807506787E-060 -4.0200805759824E-060 -3.3456705316663E-060 1.9443546683755E-060 9.0942971675813E-060 1.2412731057857E-059 7.3594465427386E-060 -1.1604587987344E-059 -3.3540925341626E-059 -3.7027806069281E-059 -1.1610063017513E-059 5.3375746638673E-059 1.1440889249067E-058 1.0386590856076E-058 -4.6004595109797E-060 -2.1466090478897E-058 -3.8423599274195E-058 -2.6615374647312E-058 1.5559927498927E-058 8.3432316806783E-058 1.2199817373421E-057 5.7467525679284E-058 -9.828061579007E-058 -3.1411521575744E-057 -3.8459656255218E-057 -9.3441239421709E-058
5.9269021354816E-028 -5.8919810290192E-028 -7.1209897898337E-028 -5.9476044951749E-028 -1.143362380692E-028 2.3355964722926E-028 2.45332015649E-028 1.6939368967544E-028 1.84011079946E-029 -9.3799886858439E-029 -7.6086527464896E-029 -4.1879838658005E-029 1.4500102101465E-030 3.2653119108617E-029 2.5023633252306E-029 1.0708925581293E-029 -2.626491346337E-030 -1.1654369890176E-029 -7.6861468926635E-030 -2.2766511695522E-030 1.4675814774657E-030 3.8748059816235E-030 2.3343534303478E-030 4.6351941363814E-031 -6.7010647305036E-031 -1.2693710829461E-030 -6.4414382825928E-031 -1.8365120563458E-032 2.7501495590741E-031 3.8482598053757E-031 1.8103849191629E-031 -2.8290283824448E-032 -1.0251883860946E-031 -1.201754918323E-031 -5.0371887454565E-032 1.9092265500128E-032 3.5912762229769E-032 3.6777969494924E-032 1.2322806451148E-032 -8.4619763834456E-033 -1.1867343266074E-032 -1.0716219510071E-032
1.257897271244E-062 1.6427277597854E-062 7.441416651742E-063 -1.910505122917E-062 -4.8361825111923E-062 -4.8927964745332E-062 -6.0580437241701E-063 8.5328845985561E-062 1.6708046525017E-061 1.3179853998257E-061 -4.0739370785263E-062 -3.3477700336945E-061 -5.3274355660361E-061 -3.1677549319369E-061 3.4113878339791E-061 1.2314173212946E-060 1.6351303991399E-060 6.1169694579088E-061 -1.7650192295714E-060 -4.3987023543675E-060 -4.8133620133E-060 -2.6544952171293E-062 7.7013942090162E-060 1.5199091921349E-059 1.3827450596755E-059 -5.398631152299E-060 -3.1853111369844E-059 -4.8860555975608E-059 -3.4008001440483E-059 3.416863062773E-059 1.2137461844504E-058 1.4577783621183E-058 6.9844077755093E-059 -1.7624958712633E-058 -4.2185577551672E-058 -4.1696644307657E-058 -7.1591391741901E-059 7.3201459207867E-058 1.415055952592E-057 1.2142885933389E-057 -3.5046397969466E-058 -2.7864362190875E-057
4.9313827478317E-028 7.4389824735016E-028 3.367081169833E-028 -3.3863248594175E-029 -2.3495279637072E-028 -2.3161611884585E-028 -9.25188685293E-029 3.8839002740178E-029 6.7950066076821E-029 6.9739815209633E-029 2.519979782822E-029 -1.77465264416E-029 -2.3814815941199E-029 -2.2035838118598E-029 -5.4026657099569E-030 7.6067898137517E-030 8.1507688048218E-030 6.1073917454011E-030 1.0802470822451E-030 -2.8612957485929E-030 -2.761775922739E-030 -1.7103392003998E-030 -1.1797079014116E-031 1.0970101920585E-030 8.5119701531847E-031 4.3032124980146E-031 -3.3507466318868E-032 -3.6040690492702E-031 -2.6212786911639E-031 -1.0680964415749E-031 3.8117256811753E-032 1.2134093343385E-031 7.7127513878321E-032 2.0149405349915E-032 -1.7000762802827E-032 -3.8433347606724E-032 -2.2145336335441E-032 -3.1245368280664E-033 7.419348022251E-033 1.2315177570332E-032 6.1311615153322E-033 -1.9316950024467E-034
-5.1264428958462E-063 4.9312051509125E-063 1.7635009389053E-062 2.2918596136139E-062 9.3484509822098E-063 -2.6997947242565E-062 -6.7115150634086E-062 -6.6539205316929E-062 -6.514210372598E-063 1.2004019804507E-061 2.3109245083109E-061 1.7233640357891E-061 -6.7888990572456E-062 -4.8751310205404E-061 -7.2718715214489E-061 -4.1600853115554E-061 5.0402668444611E-061 1.7469767395107E-060 2.2744569956292E-060 6.7224589386451E-061 -2.6776088880711E-060 -6.1516366481444E-060 -6.6565162426244E-060 3.1414892114687E-061 1.150538578882E-059 2.0787736501085E-059 1.7487563843247E-059 -9.2570094512896E-060 -4.5145451082354E-059 -6.4782659201965E-059 -4.0709004568336E-059 5.3875526222369E-059 1.7242258092792E-058 2.0214877678673E-058 7.3226151407826E-059 -2.6918293939386E-058 -5.8946757385138E-058 -5.630751211411E-058 -3.9815384687419E-059 1.1216279003223E-057 2.0339253051508E-057 1.5491805041516E-057
-3.139873914978E-028 -3.3346638989618E-028 -1.3532052143137E-028 6.4253509723375E-029 1.3451579636224E-028 1.1335194965931E-028 2.9937992431067E-029 -3.0699643040592E-029 -3.8519138532662E-029 -3.2099164065403E-029 -7.2452864559104E-030 1.2573165443657E-029 1.2791702447606E-029 9.0888549467408E-030 1.1892776203853E-030 -4.7287419530988E-030 -3.9614763017357E-030 -2.2988895720532E-030 1.8670276151292E-033 1.6624674877327E-030 1.3033306192487E-030 5.9228565800325E-031 -9.1536830329492E-032 -5.8728453994622E-031 -4.0655677975601E-031 -1.4152595541422E-031 6.3453698720899E-032 1.9596946126012E-031 1.1627843535731E-031 2.8070113816016E-032 -3.1588088871057E-032 -6.1517191801335E-032 -3.4214753467741E-032 -2.9451383619749E-033 1.3210097050428E-032 1.9767008878684E-032 1.0015895853019E-032 -8.1491154392659E-034 -4.8712970781945E-033 -6.3199708060577E-033 -2.6799585603556E-033 6.9904948224389E-034
1.3763170371906E-063 -4.2134295154768E-063 -1.0694485056253E-062 -1.0631736959399E-062 -1.3538742727374E-064 2.0450236904093E-062 3.7490870851888E-062 2.7084568419077E-062 -1.370458469136E-062 -8.1976442379551E-062 -1.2020418858907E-061 -6.184369971839E-062 9.3145515398512E-062 2.9932721131885E-061 3.8292237752332E-061 9.7699982299262E-062 -4.8673440137282E-061 -1.0675195549305E-060 -1.0947013809584E-060 7.9035182359408E-062 1.9621367778016E-060 3.4597394651451E-060 3.0573309113915E-060 -1.5390344533901E-060 -7.8735644718875E-060 -1.1409206228502E-059 -7.0145338941989E-060 9.5319975395353E-060 2.7931564766673E-059 3.41669633867E-059 1.4484864527388E-059 -4.3418675690614E-059 -1.0245396434942E-058 -1.0021809296993E-058 -4.7819777825447E-060 1.8906954067259E-058 3.4324677204728E-058 2.6211509984422E-058 -9.0625658885949E-059 -7.2155918406921E-058 -1.1419509060818E-057 -6.064820170052E-058
-2.8748683106461E-028 -3.4483712943573E-029 1.0298472444947E-028 1.6221047622212E-028 8.4996578637759E-029 -2.4230797646095E-030 -3.7904616368677E-029 -5.0348203515885E-029 -2.14294975592E-029 5.3581521208528E-030 1.3354111600922E-029 1.4663077759341E-029 5.2470590980808E-030 -2.9207736323966E-030 -4.7104979002064E-030 -4.2958862503292E-030 -1.1938287803954E-030 1.3897132162865E-030 1.600492874444E-030 1.2061734452371E-030 2.2250427982251E-031 -5.4093736506196E-031 -5.0456037467296E-031 -3.2441647764403E-031 -2.6547804402309E-032 1.9399014791067E-031 1.5989738449978E-031 8.2592030133957E-032 -5.0508680234775E-033 -6.7912137330029E-032 -5.0948302715225E-032 -2.0775884969375E-032 6.4949530997232E-033 2.3776864687943E-032 1.542119726035E-032 4.64086107827E-033 -3.2660471487174E-033 -8.0391231306479E-033 -4.7345513285198E-033 -8.222449871973E-034 1.504113526495E-033 2.6671527150872E-033
-3.7360698661031E-063 -6.5396497701562E-063 -5.4874315859757E-063 3.1678822410656E-063 1.5288615777666E-062 2.2439940184947E-062 1.3633546446456E-062 -2.0010892443765E-062 -5.5907421348913E-062 -6.5597324696204E-062 -2.3657048541674E-062 9.2398465868756E-062 2.0438902902923E-061 1.9058355933149E-061 -7.6015532252647E-063 -3.8380270895335E-061 -6.9003323178486E-061 -4.9748540794046E-061 2.7361254015342E-061 1.4434993554205E-060 2.1920070341621E-060 1.0953059243132E-060 -1.7267597823166E-060 -5.3353467969148E-060 -6.4969161336523E-060 -1.4243057009983E-060 8.0957326799523E-060 1.8655456252476E-059 1.8985733005984E-059 -1.9423743390826E-060 -3.543841833297E-059 -6.1418087564098E-059 -5.2584339371404E-059 2.9739031025949E-059 1.3984670012746E-058 1.9726862515685E-058 1.2651474785985E-058 -1.7529861694299E-058 -5.0530627278113E-058 -5.9556371020888E-058 -2.1141578403406E-058 7.4375450519157E-058
-2.7600045785271E-028 -2.193066910402E-028 -4.0957293889966E-029 9.3371455424538E-029 1.0472616289342E-028 6.3018797428545E-029 3.6638092280266E-030 -3.4643432982182E-029 -2.9077397651577E-029 -1.589719858545E-029 6.0769610900549E-031 1.2261230096566E-029 9.0622456388867E-030 3.9899193291703E-030 -1.0206812079576E-030 -4.2044397086459E-030 -2.6649588283267E-030 -7.8456757205014E-031 5.3479652618871E-031 1.3476725486952E-030 8.2902275594389E-031 1.5272451032459E-031 -2.4666958266965E-031 -4.4518343959849E-031 -2.2274167549806E-031 -4.0710821272541E-033 9.5348625122077E-032 1.3411030030002E-031 6.253400733157E-032 -9.3118521516107E-033 -3.6090605013251E-032 -4.1866657523356E-032 -1.7172906390527E-032 6.7345545711547E-033 1.2133952513665E-032 1.2425193052137E-032 3.9598653003929E-033 -3.2015341517248E-033 -4.3250959906091E-033 -3.6796975250086E-033 -1.0252470640647E-033 1.2876115216742E-033
5.2784911288161E-064 -2.6786535846334E-063 -5.9959498750144E-063 -5.5562472013032E-063 7.4266080900254E-064 1.1746914821516E-062 2.0164342084267E-062 1.3367805574474E-062 -9.7220815237064E-063 -4.5313174642777E-062 -6.4464330815205E-062 -2.7849162342247E-062 5.9388455834887E-062 1.7059948936668E-061 1.9599547870043E-061 2.923288009854E-062 -2.90490342754E-061 -5.9965634688823E-061 -5.6049258401105E-061 1.2101588429163E-061 1.2398101419212E-060 1.9713757431158E-060 1.4736297850587E-060 -1.3023358013999E-060 -4.790535831178E-060 -6.3756303843673E-060 -3.1075334292402E-060 7.1982452669338E-060 1.7127375238102E-059 1.840633575254E-059 3.3846526578591E-060 -3.0379877886207E-059 -6.2092719542435E-059 -4.8681553547072E-059 1.453601774706E-059 1.2631013393538E-058 2.043892522442E-058 1.1760997930063E-058 -1.1855563274861E-058 -4.764925871541E-058 -6.4043163421529E-058 -2.4444683571236E-058
-1.368691337764E-028 -3.551705918666E-028 -2.1095804316264E-028 -4.0757906729778E-029 8.08277148229E-029 1.1673576962887E-028 5.8615337987627E-029 4.6529403800422E-031 -2.5275579146467E-029 -3.588712915568E-029 -1.6691143764746E-029 3.1967340096229E-030 9.6048273166041E-030 1.1425752120526E-029 4.45890178141E-030 -2.064875960419E-030 -3.4898189367469E-030 -3.4245060385959E-030 -1.0991174776639E-030 8.8038336141831E-031 1.1470031281806E-030 9.9119636463784E-031 2.3583746039874E-031 -3.7514321372629E-031 -4.0466363757223E-031 -2.7968822229824E-031 -5.0520751220669E-032 1.4109402072668E-031 1.2596680212323E-031 7.7360236357442E-032 3.6372915457789E-033 -4.9496690891357E-032 -3.8992622478456E-032 -1.984439641836E-032 2.5824230221487E-033 1.7217128036131E-032 1.2647722956264E-032 4.7270130514023E-033 -1.7162139628153E-033 -5.8418291598293E-033 -3.6222870119196E-033 -9.5624208111752E-034
3.6934419866577E-063 5.8868465486533E-064 -5.3262637929735E-063 -1.103070528576E-062 -1.0488707055023E-062 2.6661569185406E-063 2.3159392876732E-062 3.6336109904386E-062 2.6464797209776E-062 -2.4313359777655E-062 -8.8602812260233E-062 -1.1108118659904E-061 -5.2722437335315E-062 1.2428992587006E-061 3.1093064236456E-061 3.1695548911602E-061 6.7124139808999E-062 -5.2429874257274E-061 -1.0593006591544E-060 -8.5702678147565E-061 1.961057676644E-061 2.1346093410547E-060 3.3747327248972E-060 2.0810787938662E-060 -1.911303722759E-060 -7.797622756739E-060 -1.0688202173514E-059 -4.2097102122144E-060 1.1091429124605E-059 2.8213025211806E-059 3.2126056487826E-059 2.3246667711874E-060 -4.8650752660599E-059 -9.7131930828898E-059 -8.7978089277774E-059 3.5715516185489E-059 2.0236674111806E-058 3.1393747842203E-058 2.2373353423393E-058 -2.0928569958872E-058 -8.0575004920859E-058 -9.5238418436571E-058
