Test data_DRK/Two Mounts Near case/2022-3-26-MarsModel3TwoMountainsNear_1Topo_m.grd
DSAA
600 600
-1500000 1495000
-1500000 1495000
-2.7340694819245E-008 20000.000030135
[rows 247 to 265 of 600, columns 210 to 251 of 600]
0.99999999321569 0.9999999987636 1.9999999678422 3.9999999949378 8.0000000061899 12.999999999128 22.000000041557 34.000000081574 51.000000103089 74.999999876294 107.00000002334 147.99999988633 199.99999995467 264.00000016975 339.99999997663 428.99999963248 532.00000026032 647.99999985826 776.99999996315 917.00000067493 1067.9999998743 1229.000000639 1395.9999978796 1569.9999991444 1745.9999996096 1924.9999990758 2102.0000014339 2276.9999934817 2446.9999984656 2610.9999981411 2765.9999968029 2910.9999999003 3044.9999965386 3165.9999997061 3272.9999994716 3365.9999993555 3441.9999967157 3503.0000002134 3545.9999983889 3571.999995796 3581.0000019998 3572.0000008058
2.000000001031 3.000000002252 5.999999997343 9.9999999955322 16.999999989866 27.999999989133 42.999999983129 66.000000009825 96.00000008476 136.99999998237 189.00000013419 254.99999996961 335.00000010702 430.99999990814 542.99999978942 672.0000000921 816.99999969761 977.9999991574 1152.9999999836 1339.9999999302 1538.9999995033 1746.0000001299 1960.9999994683 2179.0000002338 2398.9999995295 2617.9999981549 2833.9999999954 3044.9999993921 3248.000003744 3442.0000002873 3624.9999999798 3794.9999999454 3951.0000004156 4090.9999994995 4214.9999998861 4320.9999985346 4407.9999990984 4477.0000002306 4526.999998381 4557.0000006983 4567.0000005217 4556.9999998958
4.0000000022185 6.9999999109763 11.999999944071 20.999999949716 34.000000033987 53.999999965063 81.000000131622 118.9999999887 169.99999969209 233.9999997366 315.00000027423 414.00000026161 532.00000036411 669.00000021128 827.00000001839 1004.0000004949 1198.9999999139 1410.9999988767 1638.0000000968 1877.9999994307 2127.0000001722 2384.9999960583 2647.0000009609 2910.9999966616 3173.9999997244 3433.9999963816 3686.9999955469 3931.9999977074 4166.9999966198 4388.9999974946 4596.9999990014 4788.9999997743 4963.9999962254 5120.9999968362 5258.0000009138 5376.000000939 5473.0000000209 5548.999996172 5604.0000006508 5637.0000013251 5647.9999998961 5637.0000022488
8.000000041301 15.000000010492 25.000000109855 40.999999988072 64.999999954754 98.000000024976 143.99999994241 204.00000007652 281.99999970431 380.00000022402 497.99999984031 640.00000008091 804.00000057201 991.99999980697 1202.9999995668 1435.000000222 1686.0000002516 1953.9999984111 2237.0000002441 2531.9999990389 2833.9999992526 3142.0000001349 3450.9999990536 3758.9999994549 4063.0000000401 4359.9999961952 4647.0000012216 4921.9999974189 5183.9999989292 5429.9999993356 5658.9999986918 5869.0000001567 6059.9999985469 6230.0000009796 6378.9999975805 6506.0000023588 6610.0000011873 6692.000003336 6751.0000005753 6785.9999958853 6796.9999998981 6785.9999882719
16.999999901868 28.999999979276 48.000000071309 75.000000024574 115.00000017252 169.00000002415 239.99999961311 331.99999970334 446.99999937662 585.99999930883 751.99999979719 944.99999959695 1165.0000005175 1411.0000011338 1681.0000005365 1972.9999993623 2284.0000013174 2610.9999969661 2949.999996091 3297.9999975785 3652.0000031766 4006.9999971463 4360.0000049923 4706.9999950528 5046.9999957891 5375.9999976936 5691.9999960117 5991.9999972003 6276.0000020396 6541.0000017039 6785.9999973367 7010.0000022159 7212.0000034483 7391.0000003014 7547.9999974235 7680.999996691 7789.9999952584 7874.9999968037 7935.9999909893 7973.0000019934 7985.0000040478 7972.9999969495
33.000000077786 54.000000002399 85.999999930357 131.00000024452 193.00000000102 275.00000003105 381.00000055131 513.99999989886 675.00000007814 866.00000004855 1088.0000004141 1339.9999982796 1622.0000001634 1930.9999996475 2263.9999993836 2617.9999988172 2988.9999996869 3373.9999997603 3767.9999994024 4167.0000004825 4567.0000016798 4963.9999956003 5355.0000000005 5735.9999989419 6104.9999988784 6460.0000041168 6797.000002975 7116.0000017325 7414.9999984463 7692.9999995689 7948.9999983642 8181.0000009456 8390.000005391 8574.9999982248 8735.99999832 8872.0000000513 8983.0000012366 9070.0000003746 9132.0000054854 9169.0000006371 9181.9999997578 9168.999992464
59.999999859168 94.999999935128 146.00000012058 215.9999998197 309.00000039327 428.99999981441 578.99999954001 760.99999968528 978.00000038283 1228.9999998517 1514.0000016688 1830.9999981777 2179.0000014165 2552.9999969299 2949.9999981033 3365.9999981518 3794.9999999496 4233.9999995932 4676.9999994892 5120.9999997591 5560.0000013745 5991.9999991201 6413.9999964562 6821.0000009526 7211.9999923606 7584.0000022007 7935.9999939185 8266.9999966567 8574.9999944612 8859.0000029199 9119.999996365 9355.9999988483 9566.999997167 9752.9999886705 9913.9999962169 10050.000001784 10161.999998548 10248.00000345 10310.000002032 10346.999995993 10358.999998777 10347.000000643
102.99999998955 159.00000026517 236.99999990665 339.99999991364 472.99999979263 640.00000014608 843.00000052004 1083.9999997378 1363.0000003052 1681.0000007229 2033.9999992664 2419.0000003674 2833.9999999146 3273.000000498 3731.9999989216 4204.999999558 4686.9999998236 5173.0000000253 5658.9999989589 6139.0000004922 6610.0000000891 7068.9999912769 7511.9999985943 7936.0000031221 8340.9999987974 8723.0000001685 9082.0000035654 9418.0000013091 9728.0000004342 10013.000000142 10273.000002405 10507.000000211 10716.000000993 10899.999993236 11058.999998712 11191.999982932 11300.999999368 11385.999989487 11446.000004548 11482.000001557 11494.999995075 11481.999992987
170.00000061539 253.99999976107 365.99999950578 511.99999979875 693.99999912819 916.99999983595 1182.0000008608 1489.0000013538 1837.0000011827 2224.0000011932 2646.9999977861 3101.000000188 3580.9999971319 4081.999997724 4597.0000002527 5121.0000001276 5647.9999973263 6172.9999968981 6691.9999985914 7199.9999972522 7692.9999927379 8168.9999969929 8623.9999941329 9057.9999990255 9466.9999914704 9851.9999940888 10210.999993392 10544.000007453 10850.999995657 11131.999988805 11385.999994416 11614.999991907 11817.999983281 11996.000003934 12148.99999954 12277.999997072 12383.000005561 12463.999996118 12522.000000634 12556.999994456 12567.999998707 12557.000001376
265.99999986209 387.00000040133 542.99999991622 739.99999986005 980.99999957911 1268.0000000667 1600.9999995696 1979.0000001812 2398.9999965226 2856.9999998505 3348.9999993352 3868.000000537 4407.9999998308 4964.000000199 5528.0000003586 6094.0000006089 6656.9999983111 7212.0000002531 7754.0000057403 8279.0000018036 8784.999997145 9269.0000013921 9728.0000003691 10161.999996157 10569.00000078 10948.999999148 11301.000002364 11626.999982798 11925.000008655 12196.000008196 12441.000007138 12659.999996423 12855.00000124 13023.999992207 13169.999987681 13291.999992905 13391.999999044 13467.999986398 13522.99999717 13555.999989708 13567.000002988 13555.999985461
401.00000001118 566.99999947678 777.00000129871 1034.0000019712 1339.9999983578 1696.9999974637 2101.999998639 2552.9999994337 3044.9999991204 3571.9999985612 4128.9999992296 4706.9999969049 5300.999994578 5903.0000009049 6506.0000028825 7104.9999969543 7693.000006527 8266.9999985584 8821.9999952277 9355.99999557 9863.9999941544 10346.999996212 10801.999992989 11228.999994863 11626.999991242 11995.999994967 12335.999992416 12648.999993956 12933.999996238 13192.000002684 13424.999998937 13632.000002735 13814.999996236 13973.999996681 14111.000001509 14224.999998477 14318.000005248 14388.999997821 14440.000002898 14470.99999818 14481.000006364 14470.999996652
580.99999966319 801.0000000444 1071.9999996901 1396.0000003674 1774.000000549 2204.9999993512 2683.999999509 3207.0000011472 3767.9999961786 4360.0000006812 4974.0000032212 5604.0000006159 6241.9999991206 6880.000000254 7512.0000030296 8132.0000003535 8735.9999989864 9317.9999965186 9877.0000051103 10409.00000021 10912.000006469 11386.000003808 11829.999997785 12243.000001439 12626.000004345 12979.000001387 13303.000006153 13599.000001137 13868.000005435 14110.999998156 14327.999999786 14520.999986893 14690.999999905 14838.999982038 14965.00000147 15070.000012392 15155.999999205 15221.999985102 15269.000000763 15295.999992571 15306.000007144 15295.999997247
813.99999929171 1095.9999993758 1435.0000001257 1830.9999999065 2284.0000023683 2787.9999971591 3339.9999983533 3932.0000001029 4556.9999997169 5204.999997394 5868.9999981371 6540.9999971165 7211.9999956054 7875.0000026779 8525.9999962695 9156.9999941652 9764.999996301 10347.000001035 10899.999995392 11422.000004656 11912.999996109 12370.99999779 12797.999989367 13191.999997592 13555.999997547 13889.000009942 14194.000005073 14471.000006955 14720.999995003 14946.000000674 15145.999997044 15324.000001013 15479.999994336 15615.000001378 15730.999985969 15826.999999291 15905.000000123 15964.999988064 16006.999995365 16032.000002275 16040.99999532 16031.999998915
1103.999999542 1454.0000005533 1865.999999471 2336.9999994657 2865.0000010324 3441.9999994375 4063.0000001195 4717.9999992826 5397.999999191 6094.0000015099 6796.9999985046 7500.0000017676 8193.0000019859 8871.9999914149 9528.9999988034 10161.999984228 10765.000004884 11338.000000528 11876.99999862 12382.999991615 12855.000000397 13291.999992736 13696.999997586 14068.99999762 14410.000000444 14720.999998947 15003.000003592 15259.000004814 15489.000010674 15694.999992357 15879.000004276 16040.999995582 16182.00000031 16304.999980731 16409.00001063 16495.999997662 16565.9999968 16618.999991558 16657.000001169 16679.999988259 16688.000000605 16679.999982976
1453.9999985132 1877.9999987137 2363.9999987618 2910.9999989008 3511.0000051037 4156.99999598 4840.0000040487 5548.9999976478 6275.9999995067 7009.999998539 7741.9999933705 8463.9999996835 9168.9999934151 9851.9999940055 10506.999998842 11131.999996959 11721.999995638 12277.999996361 12797.999997084 13281.000001274 13728.999990688 14142.000008236 14520.999992728 14867.999986824 15183.999993377 15471.000003108 15730.999993106 15964.999997291 16173.999997263 16361.000002204 16526.999997807 16673.000004427 16799.99999326 16910.000001489 17002.999995921 17080.000005871 17141.999995996 17190.000000411 17223.999996584 17244.000000827 17250.999996374 17244.000009519
1865.9999982521 2364.0000006694 2926.9999997539 3546.0000009894 4214.9999984191 4921.9999992598 5659.000002799 6413.9999998313 7176.0000046069 7935.9999914974 8686.0000002558 9417.9999919446 10124.999998694 10801.999999677 11446.000000243 12054.999979285 12625.999998408 13158.999998353 13653.000003022 14110.999999727 14530.999998588 14916.999994207 15268.999999161 15588.999992788 15878.999999415 16140.999988594 16376.999997203 16588.999974727 16778.000012633 16946.000000444 17094.000011848 17224.000000306 17337.000011057 17435.000000503 17516.999988846 17585.999979761 17641.000013138 17683.000008917 17712.99999846 17729.999982628 17736.000011636 17729.999994358
2336.9999997894 2910.9999974343 3545.9999990943 4233.9999991323 4963.9999989273 5724.9999987684 6505.9999988651 7294.9999961594 8082.9999971788 8858.9999957947 9615.999986085 10347.000000065 11045.999997625 11709.999996903 12335.99999446 12922.999999622 13467.99999347 13973.99999785 14439.999989928 14868.000005405 15258.999982413 15615.000002266 15938.999993393 16231.999999665 16495.999992967 16732.999992508 16945.999995755 17135.000003155 17303.999999698 17453.999991585 17585.999997575 17701.000001165 17800.999991629 17886.000001363 17958.999999745 18019.000009005 18067.000000863 18103.999999301 18129.999992116 18145.000000858 18149.999994953 18145.00000562
2864.9999993828 3511.0000003983 4214.9999991232 4963.9999989644 5746.9999996827 6551.999996968 7366.9999996341 8180.9999921532 8982.9999992165 9764.9999964651 10520.000000343 11240.999999858 11925.0000011 12568.000002044 13170.00000216 13729.000001394 14245.999998885 14721.000001103 15156.000001632 15552.999979177 15912.999995856 16239.999990626 16535.00001171 16800.000005883 17037.999998034 17251.000001076 17441.000000336 17610.000005531 17759.999999991 17891.999995815 18008.000006602 18108.999996188 18195.999992852 18270.999968571 18334.000011502 18385.99999928 18428.000001466 18459.999986642 18483.00000604 18495.999982962 18500.000014059 18496.000007452
3441.9999998214 4156.9999982348 4921.999999383 5725.0000036817 6551.9999873979 7390.9999959019 8229.9999988327 9058.000000759 9864.0000025232 10642.999991101 11385.999998684 12089.999993892 12751.999990038 13370.000001013 13941.999995125 14471.000005291 14954.999991776 15397.999997786 15800.999993562 16165.999995884 16495.999986769 16792.000001997 17058.99999735 17298.000006423 17511.000001333 17701.000014025 17868.99999502 18019.00000769 18150.000002819 18266.000003262 18366.99999752 18454.999995566 18530.99999763 18596.000004577 18650.999996364 18694.999996083 18730.999995892 18759.000000385 18778.000001165 18790.000001595 18793.999997753 18790.000011064
