Code/Outputs/Output_20260212_155604/2.9_30_1000_Te_map_shift_20km.grd
DSAA
461 201
-4600000.0 4600000.0
-2000000.0 2000000.0
1000.0000277398196 199999.99700910217
[rows 104 to 129 of 201, columns 180 to 239 of 461]
28136.1 26030.2 23955.5 21912.5 19825.4 17554.2 14905.7 11705.1 7669.5 1085.1 1000 1000 1000 1000 1000 1000 1000.69 2617.99 153022 1003.11 153022 153022 150373 149265 1003.11 1001.19 123989 47977.5 47977.5 200000 200000 200000 200000 200000 200000 200000 200000 200000 200000 200000 200000 1.70141e+38 1.70141e+38 1.70141e+38 1.70141e+38 1.70141e+38 1.70141e+38 1.70141e+38 1.70141e+38 1.70141e+38 1.70141e+38 1.70141e+38 1.70141e+38 1.70141e+38 1.70141e+38 1.70141e+38 1.70141e+38 1.70141e+38 1.70141e+38 1.70141e+38
28089.9 25997.6 23935.6 21902.7 19823 17557 14911.6 11710.7 7670.42 1085.1 1000 1000 1000 1000 1000 1000 1001.01 2617.99 123989 1001.92 153022 154277 153022 153022 1009.99 1001.19 153022 47977.5 153022 200000 153022 200000 200000 200000 200000 200000 200000 200000 200000 200000 200000 1.70141e+38 1.70141e+38 1.70141e+38 1.70141e+38 1.70141e+38 1.70141e+38 1.70141e+38 1.70141e+38 1.70141e+38 1.70141e+38 1.70141e+38 1.70141e+38 1.70141e+38 1.70141e+38 1.70141e+38 1.70141e+38 1.70141e+38 1.70141e+38 1.70141e+38
28025.1 25948.5 23902.2 21882.3 19812.7 17554.7 14916 11718.8 7673.31 1085.1 1000 1000 1000 1000 1000 1000 1001.19 2617.99 123989 1001.19 153022 171751 171785 155437 1008.13 1003.11 153022 200000 47977.5 200000 200000 200000 200000 200000 200000 200000 200000 200000 200000 200000 200000 1.70141e+38 1.70141e+38 1.70141e+38 1.70141e+38 1.70141e+38 1.70141e+38 1.70141e+38 1.70141e+38 1.70141e+38 1.70141e+38 1.70141e+38 1.70141e+38 1.70141e+38 1.70141e+38 1.70141e+38 1.70141e+38 1.70141e+38 1.70141e+38 1.70141e+38
27937.3 25877.9 23849.4 21845.3 19788.8 17542.3 14915.2 11728.5 7679.9 1085.1 1000 1000 1000 1000 1000 1000 1000.45 2617.99 123989 1001.12 173663 153022 153022 153022 1008.13 1003.11 153022 200000 200000 200000 200000 200000 200000 200000 200000 200000 200000 200000 200000 200000 200000 1.70141e+38 1.70141e+38 1.70141e+38 1.70141e+38 1.70141e+38 1.70141e+38 1.70141e+38 1.70141e+38 1.70141e+38 1.70141e+38 1.70141e+38 1.70141e+38 1.70141e+38 1.70141e+38 1.70141e+38 1.70141e+38 1.70141e+38 1.70141e+38 1.70141e+38
27822.8 25780.7 23771.4 21785.3 19744.6 17513.1 14903.5 11737.2 7692.2 1085.1 1000 1000 1000 1000 1000 1000 1000.73 2617.99 153022 1002.03 153022 153022 153022 153022 1003.11 1003.11 153022 200000 200000 200000 200000 200000 200000 200000 200000 200000 200000 200000 200000 200000 200000 1.70141e+38 1.70141e+38 1.70141e+38 1.70141e+38 1.70141e+38 1.70141e+38 1.70141e+38 1.70141e+38 1.70141e+38 1.70141e+38 1.70141e+38 1.70141e+38 1.70141e+38 1.70141e+38 1.70141e+38 1.70141e+38 1.70141e+38 1.70141e+38 1.70141e+38
27679.8 25653.2 23663 21695.9 19672.8 17459.3 14873 11739.2 7711.57 1085.1 1000 1000 1000 1000 1000 1000 1001.32 2652.27 123989 1001.19 153022 172295 153022 167797 1005.02 1004.76 153022 200000 76481.7 77011.2 200000 200000 200000 200000 200000 200000 200000 200000 200000 200000 200000 1.70141e+38 1.70141e+38 1.70141e+38 1.70141e+38 1.70141e+38 1.70141e+38 1.70141e+38 1.70141e+38 1.70141e+38 1.70141e+38 1.70141e+38 1.70141e+38 1.70141e+38 1.70141e+38 1.70141e+38 1.70141e+38 1.70141e+38 1.70141e+38 1.70141e+38
27510 25494.7 23521.4 21572.4 19567.1 17372.8 14814.5 11725.5 7736.76 1085.1 1000 1000 1000 1000 1000 1000 1000.73 2634.95 153022 1001.92 153022 153022 153022 153022 1005.02 1009.99 153022 200000 200000 123989 200000 200000 200000 200000 200000 200000 200000 200000 200000 200000 200000 1.70141e+38 1.70141e+38 1.70141e+38 1.70141e+38 1.70141e+38 1.70141e+38 1.70141e+38 1.70141e+38 1.70141e+38 1.70141e+38 1.70141e+38 1.70141e+38 1.70141e+38 1.70141e+38 1.70141e+38 1.70141e+38 1.70141e+38 1.70141e+38 1.70141e+38
27320.3 25309.3 23347.9 21413.6 19423.6 17247.2 14718.4 11683.8 7760.95 1085.09 1000 1000 1000 1000 1000 1000 1001.92 2635.7 123989 1001.92 153022 153022 153022 153022 1003.11 1000 153022 200000 200000 200000 145764 200000 200000 200000 200000 200000 200000 200000 200000 200000 200000 1.70141e+38 1.70141e+38 1.70141e+38 1.70141e+38 1.70141e+38 1.70141e+38 1.70141e+38 1.70141e+38 1.70141e+38 1.70141e+38 1.70141e+38 1.70141e+38 1.70141e+38 1.70141e+38 1.70141e+38 1.70141e+38 1.70141e+38 1.70141e+38 1.70141e+38
27125.7 25108.4 23150.3 21224 19243.4 17079.7 14577.3 11600.9 7769.69 1085.11 1000 1000 1000 1000 1000 1000 1000.73 2617.99 123989 1001.19 173663 169557 153022 153022 1013.16 1008.65 153022 195764 200000 200000 200000 200000 200000 200000 200000 200000 200000 200000 200000 200000 200000 1.70141e+38 1.70141e+38 1.70141e+38 1.70141e+38 1.70141e+38 1.70141e+38 1.70141e+38 1.70141e+38 1.70141e+38 1.70141e+38 1.70141e+38 1.70141e+38 1.70141e+38 1.70141e+38 1.70141e+38 1.70141e+38 1.70141e+38 1.70141e+38 1.70141e+38
26949.2 24912.2 22945.6 21016.6 19035.5 16874.3 14389 11466 7742.05 1085.28 1000 1000 1000 1000 1000 1000 1001.09 2617.99 153022 1001.12 153022 169557 149932 162323 1005.02 1003.11 170966 123989 200000 170966 182056 200000 200000 200000 200000 200000 200000 200000 200000 200000 200000 1.70141e+38 1.70141e+38 1.70141e+38 1.70141e+38 1.70141e+38 1.70141e+38 1.70141e+38 1.70141e+38 1.70141e+38 1.70141e+38 1.70141e+38 1.70141e+38 1.70141e+38 1.70141e+38 1.70141e+38 1.70141e+38 1.70141e+38 1.70141e+38 1.70141e+38
26811.2 24743 22756.4 20813.3 18818.9 16645.6 14161.1 11275.9 7657.07 1085.65 1000 1000 1000 1000 1000 1000 1001.19 2617.99 153022 1002.06 153022 189337 153022 170966 1005.02 1002.94 123989 153022 47977.5 200000 200000 200000 200000 200000 200000 200000 200000 200000 200000 200000 200000 1.70141e+38 1.70141e+38 1.70141e+38 1.70141e+38 1.70141e+38 1.70141e+38 1.70141e+38 1.70141e+38 1.70141e+38 1.70141e+38 1.70141e+38 1.70141e+38 1.70141e+38 1.70141e+38 1.70141e+38 1.70141e+38 1.70141e+38 1.70141e+38 1.70141e+38
26702.3 24604.6 22596.9 20634.9 18618.4 16418.7 13914.3 11041.2 7505 1085.9 1000 1000 1000 1000 1000 1000 1001.19 2617.99 123989 1001.92 153022 185879 153022 153022 1003.11 1008.13 153022 123989 200000 200000 200000 200000 200000 200000 200000 200000 200000 200000 200000 200000 200000 1.70141e+38 1.70141e+38 1.70141e+38 1.70141e+38 1.70141e+38 1.70141e+38 1.70141e+38 1.70141e+38 1.70141e+38 1.70141e+38 1.70141e+38 1.70141e+38 1.70141e+38 1.70141e+38 1.70141e+38 1.70141e+38 1.70141e+38 1.70141e+38 1.70141e+38
26563.4 24461 22451.3 20482.3 18448.3 16217.9 13677.9 10788.5 7297.68 1084.82 1000 1000 1000 1000 1000 1000 1001.19 2617.99 153022 1001.19 173375 153022 153022 153022 1013.54 1005.02 123989 153022 200000 123989 123989 200000 200000 200000 200000 200000 200000 200000 200000 200000 200000 1.70141e+38 1.70141e+38 1.70141e+38 1.70141e+38 1.70141e+38 1.70141e+38 1.70141e+38 1.70141e+38 1.70141e+38 1.70141e+38 1.70141e+38 1.70141e+38 1.70141e+38 1.70141e+38 1.70141e+38 1.70141e+38 1.70141e+38 1.70141e+38 1.70141e+38
26305.3 24244.4 22271.2 20324.9 18295.1 16047.8 13473.4 10551 7069.74 1082.37 1000 1000 1000 1000 1000 1000 1000.69 2619.97 123989 1001.92 152025 152254 150849 153022 1012.69 1003.82 159876 197382 200000 200000 153022 200000 200000 200000 200000 200000 200000 200000 200000 200000 200000 1.70141e+38 1.70141e+38 1.70141e+38 1.70141e+38 1.70141e+38 1.70141e+38 1.70141e+38 1.70141e+38 1.70141e+38 1.70141e+38 1.70141e+38 1.70141e+38 1.70141e+38 1.70141e+38 1.70141e+38 1.70141e+38 1.70141e+38 1.70141e+38 1.70141e+38
25859.7 23892.1 21999.9 20112.7 18118.5 15882.2 13296 10348.6 6861.32 1081.77 1000 1000 1000 1000 1000 1000 1000.27 2393.23 200000 1001.19 153022 152539 151365 153022 1009.68 1005.39 123989 188910 200000 200000 123989 200000 200000 200000 200000 200000 200000 200000 200000 200000 200000 1.70141e+38 1.70141e+38 1.70141e+38 1.70141e+38 1.70141e+38 1.70141e+38 1.70141e+38 1.70141e+38 1.70141e+38 1.70141e+38 1.70141e+38 1.70141e+38 1.70141e+38 1.70141e+38 1.70141e+38 1.70141e+38 1.70141e+38 1.70141e+38 1.70141e+38
25213.4 23380.1 21602 19802.3 17870.5 15674.8 13111.3 10170.9 6692.41 1087.63 1000 1000 1000 1000 1000 1000 1000.43 2692.91 85983.1 1001.92 153022 172962 152539 153022 1008.13 1009.99 123989 123989 200000 200000 200000 200000 200000 200000 200000 200000 200000 200000 200000 200000 200000 1.70141e+38 1.70141e+38 1.70141e+38 1.70141e+38 1.70141e+38 1.70141e+38 1.70141e+38 1.70141e+38 1.70141e+38 1.70141e+38 1.70141e+38 1.70141e+38 1.70141e+38 1.70141e+38 1.70141e+38 1.70141e+38 1.70141e+38 1.70141e+38 1.70141e+38
24402.9 22723.5 21072.6 19371.8 17515.7 15380.4 12872.1 9979.72 6546.66 1100.32 1000 1000 1000 1000 1000 1000 1000.45 3068.17 200000 1001.19 150849 187217 153022 149265 1003.11 1008.36 153022 153022 30033.7 200000 200000 200000 200000 200000 200000 200000 200000 200000 200000 200000 200000 1.70141e+38 1.70141e+38 1.70141e+38 1.70141e+38 1.70141e+38 1.70141e+38 1.70141e+38 1.70141e+38 1.70141e+38 1.70141e+38 1.70141e+38 1.70141e+38 1.70141e+38 1.70141e+38 1.70141e+38 1.70141e+38 1.70141e+38 1.70141e+38 1.70141e+38
23483.9 21956 20426.3 18819.4 17037.2 14968.7 12537.1 9727.63 6379.95 1112.3 1000 1000 1000 1000 1000 1000 1000.45 3263.71 1610.74 1001.19 153022 172938 150488 153022 1003.11 1005.02 153022 123989 200000 153022 123989 200000 200000 200000 200000 200000 200000 200000 200000 200000 200000 1.70141e+38 1.70141e+38 1.70141e+38 1.70141e+38 1.70141e+38 1.70141e+38 1.70141e+38 1.70141e+38 1.70141e+38 1.70141e+38 1.70141e+38 1.70141e+38 1.70141e+38 1.70141e+38 1.70141e+38 1.70141e+38 1.70141e+38 1.70141e+38 1.70141e+38
22503.7 21108.8 19681.5 18151.7 16431.1 14426.3 12081.8 9375.1 6140.88 1109.99 1000 1000 1000 1000 1000 1000 1000.79 3201.8 1614.35 1001.82 153022 153022 152539 176434 1004.76 1003.11 153022 153022 47977.5 123989 200000 200000 200000 200000 200000 200000 200000 200000 200000 200000 200000 1.70141e+38 1.70141e+38 1.70141e+38 1.70141e+38 1.70141e+38 1.70141e+38 1.70141e+38 1.70141e+38 1.70141e+38 1.70141e+38 1.70141e+38 1.70141e+38 1.70141e+38 1.70141e+38 1.70141e+38 1.70141e+38 1.70141e+38 1.70141e+38 1.70141e+38
21488.4 20199.5 18849.4 17374.9 15699.4 13751.7 11496.3 8897.22 5786.73 1081.27 1000 1000 1000 1000 1000 1000 1000.73 2680.4 1418.61 1001.92 153022 153022 154347 153022 1003.11 1001.92 123989 123989 47977.5 47977.5 200000 200000 200000 200000 200000 200000 200000 200000 200000 200000 200000 1.70141e+38 1.70141e+38 1.70141e+38 1.70141e+38 1.70141e+38 1.70141e+38 1.70141e+38 1.70141e+38 1.70141e+38 1.70141e+38 1.70141e+38 1.70141e+38 1.70141e+38 1.70141e+38 1.70141e+38 1.70141e+38 1.70141e+38 1.70141e+38 1.70141e+38
20441.7 19229.9 17930.9 16489.5 14844.6 12949.7 10779.6 8281.6 5287.32 1024.18 1000 1000 1000 1000 1000 1000 1000.43 1021.37 1464.5 1002.82 153022 153022 153022 149932 1000 1003.11 123989 123989 123989 200000 200000 200000 200000 200000 200000 200000 200000 200000 200000 200000 200000 1.70141e+38 1.70141e+38 1.70141e+38 1.70141e+38 1.70141e+38 1.70141e+38 1.70141e+38 1.70141e+38 1.70141e+38 1.70141e+38 1.70141e+38 1.70141e+38 1.70141e+38 1.70141e+38 1.70141e+38 1.70141e+38 1.70141e+38 1.70141e+38 1.70141e+38
19350.6 18188.1 16916.6 15490.9 13869.5 12026.3 9931.95 7522.99 4616.54 1000 1000 1000 1000 1000 1000 1000 1000 1001.92 153022 1001.12 172704 152539 145060 153022 1003.11 1004.76 153022 153022 200000 47977.5 123989 200000 200000 200000 200000 200000 200000 200000 200000 200000 200000 1.70141e+38 1.70141e+38 1.70141e+38 1.70141e+38 1.70141e+38 1.70141e+38 1.70141e+38 1.70141e+38 1.70141e+38 1.70141e+38 1.70141e+38 1.70141e+38 1.70141e+38 1.70141e+38 1.70141e+38 1.70141e+38 1.70141e+38 1.70141e+38 1.70141e+38
18188.1 17051.4 15789.5 14371.8 12775.9 10983.1 8950.95 6617.34 3719.62 1000 1000 1000 1000 1000 1000 1000 1000.73 1001.19 148141 123989 153022 153022 153022 153022 123989 200000 200000 132961 200000 200000 200000 200000 200000 200000 200000 200000 200000 200000 200000 200000 200000 1.70141e+38 1.70141e+38 1.70141e+38 1.70141e+38 1.70141e+38 1.70141e+38 1.70141e+38 1.70141e+38 1.70141e+38 1.70141e+38 1.70141e+38 1.70141e+38 1.70141e+38 1.70141e+38 1.70141e+38 1.70141e+38 1.70141e+38 1.70141e+38 1.70141e+38
16916.6 15789.5 14531 13126.2 11562.6 9813.51 7830.83 5554.71 1769.89 1000 1000 1000 1000 1000 1000 1000 1000.43 1001.12 179821 123989 150458 153022 1015.19 153022 123989 200000 200000 200000 200000 200000 200000 200000 200000 200000 200000 200000 200000 200000 200000 200000 200000 1.70141e+38 1.70141e+38 1.70141e+38 1.70141e+38 1.70141e+38 1.70141e+38 1.70141e+38 1.70141e+38 1.70141e+38 1.70141e+38 1.70141e+38 1.70141e+38 1.70141e+38 1.70141e+38 1.70141e+38 1.70141e+38 1.70141e+38 1.70141e+38 1.70141e+38
15490.9 14371.8 13126.2 11747.5 10217.8 8502.69 6561.77 4293.59 1037.25 1000 1000 1000 1000 1000 1000 1000 1001.19 1003.11 153022 153022 153022 170966 200000 123989 153022 1057.28 47977.5 200000 123989 200000 200000 200000 200000 200000 200000 200000 200000 200000 200000 200000 200000 1.70141e+38 1.70141e+38 1.70141e+38 1.70141e+38 1.70141e+38 1.70141e+38 1.70141e+38 1.70141e+38 1.70141e+38 1.70141e+38 1.70141e+38 1.70141e+38 1.70141e+38 1.70141e+38 1.70141e+38 1.70141e+38 1.70141e+38 1.70141e+38 1.70141e+38
13869.5 12775.9 11562.6 10217.8 8717.31 7033.02 5117.62 2422.77 1000 1000 1000 1000 1000 1000 1000 1000 1001.19 115017 149932 171181 153022 149932 1001.92 200000 123989 200000 1008.13 200000 123989 200000 200000 200000 200000 200000 200000 200000 200000 200000 200000 1.70141e+38 1.70141e+38 1.70141e+38 1.70141e+38 1.70141e+38 1.70141e+38 1.70141e+38 1.70141e+38 1.70141e+38 1.70141e+38 1.70141e+38 1.70141e+38 1.70141e+38 1.70141e+38 1.70141e+38 1.70141e+38 1.70141e+38 1.70141e+38 1.70141e+38 1.70141e+38 1.70141e+38
