Code/Outputs/Output_20260212_155604/2.9_30_1000_rms_map_shift_40km.grd
DSAA
231 101
-4600000.0 4600000.0
-2000000.0 2000000.0
7.979320696835527 23696.236159560758
[rows 26 to 51 of 101, columns 59 to 117 of 231]
1.70141e+38 1.70141e+38 1.70141e+38 1.70141e+38 1.70141e+38 1.70141e+38 1.70141e+38 1.70141e+38 1.70141e+38 1.70141e+38 1.70141e+38 1.70141e+38 1.70141e+38 1.70141e+38 1.70141e+38 1.70141e+38 1.70141e+38 1.70141e+38 1.70141e+38 1.70141e+38 1.70141e+38 1.70141e+38 1.70141e+38 1.70141e+38 1.70141e+38 1.70141e+38 1.70141e+38 1.70141e+38 1.70141e+38 1.70141e+38 1.70141e+38 1.70141e+38 1.70141e+38 1.70141e+38 1.70141e+38 1.70141e+38 1.70141e+38 1.70141e+38 1.70141e+38 1.70141e+38 1.70141e+38 1.70141e+38 1.70141e+38 1.70141e+38 1.70141e+38 1.70141e+38 1.70141e+38 1.70141e+38 1.70141e+38 1.70141e+38 1.70141e+38 1.70141e+38 1.70141e+38 1.70141e+38 1.70141e+38 1.70141e+38 1.70141e+38 1.70141e+38 1.70141e+38
1.70141e+38 1.70141e+38 1.70141e+38 1.70141e+38 1.70141e+38 1.70141e+38 1.70141e+38 1.70141e+38 1.70141e+38 1.70141e+38 1.70141e+38 1.70141e+38 1.70141e+38 1.70141e+38 1.70141e+38 1.70141e+38 1.70141e+38 1.70141e+38 1.70141e+38 1.70141e+38 1.70141e+38 1.70141e+38 1.70141e+38 1.70141e+38 1.70141e+38 1.70141e+38 1.70141e+38 1.70141e+38 1.70141e+38 1.70141e+38 1.70141e+38 1.70141e+38 1.70141e+38 1.70141e+38 1.70141e+38 1.70141e+38 1.70141e+38 1.70141e+38 1.70141e+38 1.70141e+38 1.70141e+38 1.70141e+38 1.70141e+38 1.70141e+38 1.70141e+38 1.70141e+38 1.70141e+38 1.70141e+38 1.70141e+38 1.70141e+38 1.70141e+38 1.70141e+38 1.70141e+38 1.70141e+38 1.70141e+38 1.70141e+38 1.70141e+38 1.70141e+38 1.70141e+38
1.70141e+38 1.70141e+38 1.70141e+38 1.70141e+38 1.70141e+38 1.70141e+38 1.70141e+38 1.70141e+38 1.70141e+38 1.70141e+38 1.70141e+38 1.70141e+38 1.70141e+38 1.70141e+38 1.70141e+38 1.70141e+38 1.70141e+38 1.70141e+38 1.70141e+38 1.70141e+38 1.70141e+38 1.70141e+38 1.70141e+38 1.70141e+38 1.70141e+38 1.70141e+38 1.70141e+38 1.70141e+38 1.70141e+38 1.70141e+38 1.70141e+38 1.70141e+38 1.70141e+38 1.70141e+38 1.70141e+38 1.70141e+38 1.70141e+38 1.70141e+38 1.70141e+38 1.70141e+38 1.70141e+38 1.70141e+38 1.70141e+38 1.70141e+38 1.70141e+38 1.70141e+38 1.70141e+38 1.70141e+38 1.70141e+38 1.70141e+38 1.70141e+38 1.70141e+38 1.70141e+38 1.70141e+38 1.70141e+38 1.70141e+38 1.70141e+38 1.70141e+38 1.70141e+38
1.70141e+38 1.70141e+38 1.70141e+38 1.70141e+38 1.70141e+38 1.70141e+38 1.70141e+38 1.70141e+38 1.70141e+38 1.70141e+38 1.70141e+38 1.70141e+38 1.70141e+38 1.70141e+38 1.70141e+38 1.70141e+38 1.70141e+38 1.70141e+38 1.70141e+38 1.70141e+38 1.70141e+38 1.70141e+38 1.70141e+38 1.70141e+38 1.70141e+38 1.70141e+38 1.70141e+38 1.70141e+38 1.70141e+38 1.70141e+38 1.70141e+38 1.70141e+38 1.70141e+38 1.70141e+38 1.70141e+38 1.70141e+38 1.70141e+38 1.70141e+38 1.70141e+38 1.70141e+38 1.70141e+38 1.70141e+38 1.70141e+38 1.70141e+38 1.70141e+38 1.70141e+38 1.70141e+38 1.70141e+38 1.70141e+38 1.70141e+38 1.70141e+38 1.70141e+38 1.70141e+38 1.70141e+38 1.70141e+38 1.70141e+38 1.70141e+38 1.70141e+38 1.70141e+38
1.70141e+38 1.70141e+38 1.70141e+38 711.421 885.883 1059.94 1224.18 1370.24 1492.12 1586.96 1655.12 1699.81 1725.94 1739.07 1744.34 1745.67 1745.63 1745.45 1745.4 1745.39 1745.42 1745.53 1745.71 1745.3 1742.41 1733.79 1714.85 1680.12 1624.23 1542.97 1434.46 1299.92 1143.85 973.562 798.099 626.975 468.84 330.621 216.998 130.645 73.3509 46.5523 41.8164 41.8811 42.0287 42.2436 1.70141e+38 1.70141e+38 1.70141e+38 1.70141e+38 1.70141e+38 1.70141e+38 1.70141e+38 1.70141e+38 1.70141e+38 1.70141e+38 1.70141e+38 1.70141e+38 1.70141e+38
1.70141e+38 1.70141e+38 823.998 1061.11 1310.12 1557.57 1790.11 1996.93 2170.55 2306.78 2405.48 2470.78 2509.54 2529.54 2537.92 2540.25 2540.24 2539.84 2539.7 2539.69 2539.73 2540.03 2540.37 2539.57 2534.79 2521.41 2492.99 2441.91 2360.66 2243.46 2088.24 1897.28 1676.46 1434.92 1184.94 940.304 713.478 513.874 347.464 216.998 123.001 65.5104 43.825 41.8374 41.9393 42.1037 42.3353 42.6349 1.70141e+38 1.70141e+38 1.70141e+38 1.70141e+38 1.70141e+38 1.70141e+38 1.70141e+38 1.70141e+38 1.70141e+38 1.70141e+38 1.70141e+38
1.70141e+38 876.667 1170.89 1493.66 1822.29 2131.18 2407.48 2651.77 2866.51 3047.66 3186.69 3280.93 3337.3 3366.62 3379.09 3382.61 3382.5 3381.67 3381.25 3381.21 3381.38 3382.07 3382.77 3381.58 3374.4 3354.66 3313.18 3239.14 3122.87 2961.82 2762.9 2533.39 2273.57 1980.41 1658.98 1329.88 1019.23 744.432 513.874 330.621 194.221 102.355 53.75 42.0897 41.9128 42.0287 42.2086 42.464 42.7599 1.70141e+38 1.70141e+38 1.70141e+38 1.70141e+38 1.70141e+38 1.70141e+38 1.70141e+38 1.70141e+38 1.70141e+38 1.70141e+38
858.8 1193.96 1577 1966.33 2304.84 2578.72 2812.16 3023.29 3219.76 3409.48 3587.77 3728.89 3818.26 3865.49 3886.06 3892.24 3892.29 3890.85 3889.91 3889.74 3890.27 3891.59 3892.66 3890.34 3878.24 3846.14 3779.8 3664.57 3501.41 3315.16 3122.86 2919.99 2698.95 2448.6 2144.28 1774.8 1381.18 1019.23 713.478 468.84 283.902 154.235 75.363 44.6429 41.9324 42.0061 42.1351 42.3399 42.6054 42.8715 1.70141e+38 1.70141e+38 1.70141e+38 1.70141e+38 1.70141e+38 1.70141e+38 1.70141e+38 1.70141e+38 1.70141e+38
1125.85 1548.99 1993.25 2357.95 2638.91 2930.69 3224.92 3457.87 3651.75 3816.08 3971.49 4124.24 4248.11 4325.08 4362.37 4375.55 4377.56 4376.1 4374.69 4374.34 4375.28 4376.97 4377.34 4371.04 4347.72 4292.42 4191.62 4049.39 3893.65 3736.48 3559.36 3346.62 3089.18 2779.04 2503.12 2189.81 1774.8 1329.88 940.304 626.975 388.184 217.398 106.983 52.2268 42.011 42.0363 42.119 42.2709 42.4962 42.7327 1.70141e+38 1.70141e+38 1.70141e+38 1.70141e+38 1.70141e+38 1.70141e+38 1.70141e+38 1.70141e+38 1.70141e+38
1412.81 1910.21 2341.68 2654.04 3020.92 3335.66 3621.9 3877.62 4088.36 4242.7 4348.79 4440.99 4538.51 4621.18 4673.74 4699.49 4708.41 4709.57 4708.67 4708.33 4709.16 4709.53 4705.42 4689.38 4651.31 4583.21 4489.86 4394.29 4300.05 4172.76 3989.57 3754.39 3481.93 3183.03 2828.34 2503.12 2144.28 1658.98 1184.94 798.099 501.939 287.78 145.042 65.4288 42.6472 42.1104 42.155 42.256 42.4341 42.6347 42.8497 1.70141e+38 1.70141e+38 1.70141e+38 1.70141e+38 1.70141e+38 1.70141e+38 1.70141e+38 1.70141e+38
1702.91 2238.44 2613.66 2996.5 3358.26 3704.1 4041.48 4349.71 4605.48 4787.18 4882.37 4915.27 4945.84 4995.04 5040.89 5070.76 5085.71 5091.26 5092.5 5092.58 5092.17 5089.3 5079.78 5057.95 5019.62 4969.31 4927.83 4903 4845.33 4706.81 4485.55 4200.75 3874.93 3531.51 3183.03 2779.04 2448.6 1980.41 1434.92 973.562 618.994 360.919 185.946 82.3357 44.2781 42.2125 42.2299 42.2857 42.4154 42.5755 42.756 42.9524 1.70141e+38 1.70141e+38 1.70141e+38 1.70141e+38 1.70141e+38 1.70141e+38 1.70141e+38
1978.68 2519.18 2860.5 3292.27 3675.82 4076.77 4473.15 4836.61 5142.93 5365.35 5475.22 5473.13 5431.08 5423.41 5444.46 5468.64 5485.74 5494.98 5498.77 5499.41 5497.38 5491.21 5478.25 5457.12 5432.28 5421.81 5450.73 5485.36 5435.67 5266.52 4998.45 4660.53 4277.46 3874.93 3481.93 3089.18 2698.95 2273.57 1676.46 1143.85 732.674 432.161 226.313 100.36 46.8948 42.3331 42.338 42.3574 42.4403 42.5585 42.701 42.8648 1.70141e+38 1.70141e+38 1.70141e+38 1.70141e+38 1.70141e+38 1.70141e+38 1.70141e+38
2228.26 2762.56 3101.88 3548.43 3973.19 4431.5 4883.76 5298.33 5647.14 5898.98 6016.85 5985.06 5873.11 5797.47 5780.43 5789.33 5802.88 5812.98 5818.17 5819.17 5816.14 5808.54 5796.25 5783.37 5783.67 5826.65 5930.88 6017.96 5976.82 5787.44 5482.74 5097.52 4660.53 4200.75 3754.39 3346.62 2919.99 2533.39 1897.28 1299.92 836.733 497.26 263.188 117.213 49.879 42.4511 42.4658 42.4627 42.504 42.5806 42.6836 42.8117 1.70141e+38 1.70141e+38 1.70141e+38 1.70141e+38 1.70141e+38 1.70141e+38 1.70141e+38
2445.48 2982.39 3320.76 3766.86 4231.97 4743.02 5246.62 5702.28 6073.93 6325.49 6420.7 6342.39 6158.36 6012.07 5950.41 5937.39 5942.27 5949.82 5954.53 5955.51 5952.63 5946.21 5938.84 5940.18 5972.54 6074.05 6254.45 6401.99 6394.67 6217.04 5900.81 5482.74 4998.45 4485.55 3989.57 3559.36 3122.86 2762.9 2088.24 1434.46 926.125 552.829 294.318 131.259 52.4192 42.5306 42.591 42.5889 42.599 42.6379 42.702 42.7926 1.70141e+38 1.70141e+38 1.70141e+38 1.70141e+38 1.70141e+38 1.70141e+38 1.70141e+38
2625.49 3185.43 3509.02 3941.48 4431.87 4987.85 5535.31 6016.61 6383.68 6600.11 6640.16 6491.77 6227.22 6010.2 5902.74 5865.43 5859.24 5862.37 5865.41 5866.11 5864.15 5860.45 5860.18 5878.2 5944.6 6104.83 6363.96 6588.26 6643.66 6512.45 6217.04 5787.44 5266.52 4706.81 4172.76 3736.48 3315.16 2961.82 2243.46 1542.97 997.786 596.826 318.384 141.603 54.0272 42.5655 42.6829 42.7114 42.7093 42.7197 42.7496 42.8043 1.70141e+38 1.70141e+38 1.70141e+38 1.70141e+38 1.70141e+38 1.70141e+38 1.70141e+38
2763.97 3365.42 3685.91 4078.56 4560.51 5141.21 5717.52 6204.84 6541.77 6698.65 6659.62 6418.33 6060.61 5769.86 5615.69 5553.4 5535.6 5533.91 5534.99 5535.35 5534.49 5533.85 5541.14 5576.47 5677.68 5898.03 6242.65 6562.46 6704.77 6643.66 6394.67 5976.82 5435.67 4845.33 4300.05 3893.65 3501.41 3122.87 2360.66 1624.23 1050.92 628.761 335.135 148.129 54.6713 42.5653 42.7424 42.8068 42.8122 42.8122 42.8178 42.8414 1.70141e+38 1.70141e+38 1.70141e+38 1.70141e+38 1.70141e+38 1.70141e+38 1.70141e+38
2860.87 3505.39 3859.12 4203.51 4631.72 5192.92 5764.97 6232.93 6521 6602.6 6466.05 6112.78 5646.58 5271.37 5064.17 4974.19 4944.09 4937.56 4936.76 4936.78 4937 4939.35 4954.43 5008.56 5148.94 5437.88 5881 6313.82 6562.46 6588.26 6401.99 6017.96 5485.36 4903 4394.29 4049.39 3664.57 3239.14 2441.91 1680.12 1086.86 649.637 345.313 151.401 54.6713 42.5408 42.779 42.88 42.8945 42.8945 42.8945 42.898 1.70141e+38 1.70141e+38 1.70141e+38 1.70141e+38 1.70141e+38 1.70141e+38 1.70141e+38
2922 3597.33 3997.21 4329.22 4691.46 5186.29 5704.24 6117.33 6337.37 6332.88 6091.73 5618.21 5025.82 4542.2 4263.44 4135.42 4088.38 4075.25 4071.85 4071.39 4073.1 4079.55 4105.33 4185.36 4379.18 4758.98 5322.88 5881 6242.65 6363.96 6254.45 5930.88 5450.73 4927.83 4489.86 4191.62 3779.8 3313.18 2492.99 1714.85 1108.6 661.579 350.437 152.491 54.531 42.5028 42.8012 42.938 42.96 42.96 42.96 42.96 1.70141e+38 1.70141e+38 1.70141e+38 1.70141e+38 1.70141e+38 1.70141e+38 1.70141e+38
2956.15 3649.16 4080.8 4433.3 4762.58 5193.73 5637.87 5975.11 6118.17 6032.15 5700.07 5117.87 4393.55 3776.49 3396.64 3208.69 3132.3 3106.42 3097.5 3095.97 3100.96 3115.74 3161.04 3283.88 3557.66 4057.7 4758.98 5437.88 5898.03 6104.83 6074.05 5826.65 5421.81 4969.31 4583.21 4292.42 3846.14 3354.66 2521.41 1733.79 1119.93 667.211 352.309 152.525 54.381 42.4474 42.807 42.9811 43.0094 43.0094 43.0094 43.0094 1.70141e+38 1.70141e+38 1.70141e+38 1.70141e+38 1.70141e+38 1.70141e+38 1.70141e+38
2972.34 3673.97 4122.07 4499.02 4825.11 5226.35 5622.77 5903.04 5987.28 5842.31 5447.24 4787.2 3956.68 3211.27 2713.26 2442.17 2319.23 2270.84 2251.46 2247.83 2259.13 2289.29 2367.32 2553.93 2930.01 3557.66 4379.18 5148.94 5677.68 5944.6 5972.54 5783.67 5432.28 5019.62 4651.31 4347.72 3878.24 3374.4 2534.79 1742.41 1124.68 669.15 352.613 152.347 54.2343 42.3886 42.8065 43.0153 43.0483 43.0483 43.0483 43.0483 1.70141e+38 1.70141e+38 1.70141e+38 1.70141e+38 1.70141e+38 1.70141e+38 1.70141e+38
2978.19 3683.09 4138.23 4531.24 4865.14 5259.56 5636.28 5887.2 5937.97 5758.71 5327.42 4622.78 3726.53 2887.93 2284.69 1922.47 1739.09 1657.96 1622.35 1615.46 1636.62 1690.03 1813.35 2076.53 2553.93 3283.88 4185.36 5008.56 5576.47 5878.2 5940.18 5783.37 5457.12 5057.95 4689.38 4371.04 3890.34 3381.58 2539.57 1745.3 1126.02 669.45 352.494 152.203 54.0951 42.3307 42.8039 43.041 43.0776 43.0776 43.0776 43.0776 1.70141e+38 1.70141e+38 1.70141e+38 1.70141e+38 1.70141e+38 1.70141e+38 1.70141e+38
2979.17 3684.66 4141.89 4542.49 4884.79 5281.94 5654.21 5893.49 5928.42 5732.09 5283.09 4557.17 3627.75 2735.58 2060.44 1621.66 1376.14 1255.75 1199.18 1187.97 1222.07 1304.71 1478.73 1813.35 2367.32 3161.04 4105.33 4954.43 5541.14 5860.18 5938.84 5796.25 5478.25 5079.78 4705.42 4377.34 3892.66 3382.77 2540.37 1745.71 1126.07 669.334 352.373 152.087 53.9715 42.2812 42.8051 43.0624 43.1015 43.1015 43.1015 43.1015 1.70141e+38 1.70141e+38 1.70141e+38 1.70141e+38 1.70141e+38 1.70141e+38 1.70141e+38
2978.68 3683.74 4140.94 4543.96 4891.7 5293.58 5667.44 5903.75 5932.39 5728.58 5272.01 4537.42 3593.71 2675.64 1961.07 1472.9 1178.75 1022.09 943.946 928.044 975.917 1087.24 1304.71 1690.03 2289.29 3115.74 4079.55 4939.35 5533.85 5860.45 5946.21 5808.54 5491.21 5089.3 4709.53 4376.97 3891.59 3382.07 2540.03 1745.53 1125.96 669.247 352.285 152.001 53.8764 42.2344 42.8056 43.0765 43.1177 43.1177 43.1177 43.1177 1.70141e+38 1.70141e+38 1.70141e+38 1.70141e+38 1.70141e+38 1.70141e+38 1.70141e+38
2978.22 3682.75 4139.36 4542.61 4892.82 5298.22 5674.66 5911.04 5937.55 5730.74 5271.17 4533.32 3583.84 2654.14 1920.26 1405.31 1081.2 898.864 803.546 783.682 842.946 975.917 1222.07 1636.62 2259.13 3100.96 4073.1 4937 5534.49 5864.15 5952.63 5816.14 5497.38 5092.17 4709.16 4375.28 3890.27 3381.38 2539.73 1745.42 1125.89 669.186 352.228 151.945 53.8139 42.1902 42.8057 43.0832 43.1261 43.1261 43.1261 43.1261 1.70141e+38 1.70141e+38 1.70141e+38 1.70141e+38 1.70141e+38 1.70141e+38 1.70141e+38
2978.13 3682.43 4138.61 4541.57 4892.5 5299.45 5677.33 5914.13 5940.03 5732.15 5271.49 4532.48 3580.82 2646.42 1904.47 1377.97 1040.1 844.852 740.12 717.975 783.682 928.044 1187.97 1615.46 2247.83 3095.97 4071.39 4936.78 5535.35 5866.11 5955.51 5819.17 5499.41 5092.58 4708.33 4374.34 3889.74 3381.21 2539.69 1745.39 1125.86 669.159 352.203 151.921 53.7859 42.1702 42.8066 43.0863 43.1297 43.1297 43.1297 43.1297 1.70141e+38 1.70141e+38 1.70141e+38 1.70141e+38 1.70141e+38 1.70141e+38 1.70141e+38
2978.15 3682.51 4138.87 4541.97 4892.67 5299.09 5676.46 5913.09 5939.17 5731.62 5271.3 4532.66 3581.71 2648.86 1909.58 1386.92 1053.68 862.879 761.455 740.12 803.546 943.946 1199.18 1622.35 2251.46 3097.5 4071.85 4936.76 5534.99 5865.41 5954.53 5818.17 5498.77 5092.5 4708.67 4374.69 3889.91 3381.25 2539.7 1745.4 1125.87 669.168 352.211 151.929 53.7956 42.177 42.81 43.0873 43.1301 43.1301 43.1301 43.1301 1.70141e+38 1.70141e+38 1.70141e+38 1.70141e+38 1.70141e+38 1.70141e+38 1.70141e+38
