Code/Outputs/Output_20260212_155604/2.9_30_1000_moho_depth.grd
DSAA
511 251
-5100000.0 5100000.0
-2500000.0 2500000.0
-81047.000018452 -30000.999916246
[rows 96 to 127 of 251, columns 142 to 212 of 511]
-30100 -30100 -30100 -30100 -30100 -30100 -30100 -30100 -30100 -30100 -30100 -30100 -30100 -30100 -30100 -30100 -30100 -30100 -30100 -30100 -30100 -30100 -30100 -30100 -30100 -30100 -30100 -30100 -30100 -30100 -30100 -30100 -30100 -30100 -30100 -30100 -30100 -30100 -30100 -30100 -30100 -30100 -30100 -30100 -30100 -30100 -30100 -30100 -30100 -30100 -30100 -30100 -30100 -30100 -30100 -30100 -30100 -30100 -30100 -30100 -30100 -30100 -30100 -30100 -30100 -30100 -30100 -30100 -30100 -30100 -30100
-30100 -30100 -30100 -30100 -30100 -30100 -30100 -30100 -30100 -30100 -30100 -30100 -30100 -30100 -30100 -30100 -30100 -30100 -30100 -30100 -30100 -30100 -30100 -30100 -30100 -30100 -30100 -30100 -30100 -30100 -30100 -30100 -30100 -30100 -30100 -30100 -30100 -30100 -30100 -30100 -30100 -30100 -30100 -30100 -30100 -30100 -30100 -30100 -30100 -30100 -30100 -30100 -30100 -30100 -30100 -30100 -30100 -30100 -30100 -30100 -30100 -30100 -30100 -30100 -30100 -30100 -30100 -30100 -30100 -30100 -30100
-30100 -30100 -30100 -30100 -30100 -30100 -30100 -30100 -30100 -30100 -30100 -30100 -30100 -30100 -30100 -30100 -30100 -30100 -30100 -30100 -30100 -30100 -30100 -30100 -30100 -30100 -30100 -30100 -30100 -30100 -30100 -30100 -30100 -30051 -30107 -30153 -30187 -30208 -30215 -30208 -30187 -30153 -30107 -30051 -30100 -30100 -30100 -30100 -30100 -30100 -30100 -30100 -30100 -30100 -30100 -30100 -30100 -30100 -30100 -30100 -30100 -30100 -30100 -30100 -30100 -30100 -30100 -30100 -30100 -30100 -30100
-30100 -30100 -30100 -30100 -30100 -30100 -30100 -30100 -30100 -30100 -30100 -30100 -30100 -30100 -30100 -30100 -30100 -30100 -30100 -30100 -30100 -30100 -30100 -30100 -30100 -30100 -30100 -30100 -30100 -30032 -30140 -30243 -30339 -30425 -30500 -30560 -30604 -30631 -30641 -30631 -30604 -30560 -30500 -30425 -30339 -30243 -30140 -30032 -30100 -30100 -30100 -30100 -30100 -30100 -30100 -30100 -30100 -30100 -30100 -30100 -30100 -30100 -30100 -30100 -30100 -30100 -30100 -30100 -30100 -30100 -30100
-30100 -30100 -30100 -30100 -30100 -30100 -30100 -30100 -30100 -30100 -30100 -30100 -30100 -30100 -30100 -30100 -30100 -30100 -30100 -30100 -30100 -30100 -30100 -30100 -30100 -30100 -30100 -30101 -30243 -30385 -30525 -30659 -30783 -30895 -30991 -31069 -31126 -31161 -31172 -31161 -31126 -31069 -30991 -30895 -30783 -30659 -30525 -30385 -30243 -30101 -30100 -30100 -30100 -30100 -30100 -30100 -30100 -30100 -30100 -30100 -30100 -30100 -30100 -30100 -30100 -30100 -30100 -30100 -30100 -30100 -30100
-30100 -30100 -30100 -30100 -30100 -30100 -30100 -30100 -30100 -30100 -30100 -30100 -30100 -30100 -30100 -30100 -30100 -30100 -30100 -30100 -30100 -30100 -30100 -30100 -30100 -30107 -30279 -30458 -30641 -30823 -31002 -31172 -31331 -31473 -31595 -31693 -31766 -31810 -31825 -31810 -31766 -31693 -31595 -31473 -31331 -31172 -31002 -30823 -30641 -30458 -30279 -30107 -30100 -30100 -30100 -30100 -30100 -30100 -30100 -30100 -30100 -30100 -30100 -30100 -30100 -30100 -30100 -30100 -30100 -30100 -30100
-30100 -30100 -30100 -30100 -30100 -30100 -30100 -30100 -30100 -30100 -30100 -30100 -30100 -30100 -30100 -30100 -30100 -30100 -30100 -30100 -30100 -30100 -30100 -30051 -30243 -30450 -30668 -30895 -31126 -31356 -31581 -31795 -31994 -32172 -32325 -32448 -32539 -32595 -32613 -32595 -32539 -32448 -32325 -32172 -31994 -31795 -31581 -31356 -31126 -30895 -30668 -30450 -30243 -30051 -30100 -30100 -30100 -30100 -30100 -30100 -30100 -30100 -30100 -30100 -30100 -30100 -30100 -30100 -30100 -30100 -30100
-30100 -30100 -30100 -30100 -30100 -30100 -30100 -30100 -30100 -30100 -30100 -30100 -30100 -30100 -30100 -30100 -30100 -30100 -30100 -30100 -30100 -30100 -30140 -30362 -30604 -30864 -31137 -31420 -31707 -31994 -32273 -32539 -32786 -33007 -33196 -33350 -33462 -33531 -33554 -33531 -33462 -33350 -33196 -33007 -32786 -32539 -32273 -31994 -31707 -31420 -31137 -30864 -30604 -30362 -30140 -30100 -30100 -30100 -30100 -30100 -30100 -30100 -30100 -30100 -30100 -30100 -30100 -30100 -30100 -30100 -30100
-30100 -30100 -30100 -30100 -30100 -30100 -30100 -30100 -30100 -30100 -30100 -30100 -30100 -30100 -30100 -30100 -30100 -30100 -30100 -30100 -30100 -30208 -30458 -30734 -31035 -31356 -31693 -32041 -32395 -32747 -33090 -33417 -33720 -33991 -34224 -34412 -34550 -34634 -34663 -34634 -34550 -34412 -34224 -33991 -33720 -33417 -33090 -32747 -32395 -32041 -31693 -31356 -31035 -30734 -30458 -30208 -30100 -30100 -30100 -30100 -30100 -30100 -30100 -30100 -30100 -30100 -30100 -30100 -30100 -30100 -30100
-30100 -30100 -30100 -30100 -30100 -30100 -30100 -30100 -30100 -30100 -30100 -30100 -30100 -30100 -30100 -30100 -30100 -30100 -30100 -30009 -30250 -30525 -30833 -31172 -31540 -31931 -32342 -32766 -33196 -33624 -34042 -34439 -34807 -35137 -35421 -35649 -35818 -35921 -35955 -35921 -35818 -35649 -35421 -35137 -34807 -34439 -34042 -33624 -33196 -32766 -32342 -31931 -31540 -31172 -30833 -30525 -30250 -30009 -30100 -30100 -30100 -30100 -30100 -30100 -30100 -30100 -30100 -30100 -30100 -30100 -30100
-30100 -30100 -30100 -30100 -30100 -30100 -30100 -30100 -30100 -30100 -30100 -30100 -30100 -30100 -30100 -30100 -30100 -30100 -30009 -30264 -30560 -30895 -31269 -31679 -32122 -32595 -33090 -33601 -34119 -34634 -35137 -35616 -36060 -36458 -36800 -37077 -37280 -37404 -37446 -37404 -37280 -37077 -36800 -36458 -36060 -35616 -35137 -34634 -34119 -33601 -33090 -32595 -32122 -31679 -31269 -30895 -30560 -30264 -30009 -30100 -30100 -30100 -30100 -30100 -30100 -30100 -30100 -30100 -30100 -30100 -30100
-30100 -30100 -30100 -30100 -30100 -30100 -30100 -30100 -30100 -30100 -30100 -30100 -30100 -30100 -30100 -30100 -30100 -30100 -30250 -30560 -30916 -31318 -31766 -32256 -32786 -33350 -33940 -34550 -35168 -35784 -36385 -36957 -37488 -37965 -38374 -38706 -38949 -39098 -39149 -39098 -38949 -38706 -38374 -37965 -37488 -36957 -36385 -35784 -35168 -34550 -33940 -33350 -32786 -32256 -31766 -31318 -30916 -30560 -30250 -30100 -30100 -30100 -30100 -30100 -30100 -30100 -30100 -30100 -30100 -30100 -30100
-30100 -30100 -30100 -30100 -30100 -30100 -30100 -30100 -30100 -30100 -30100 -30100 -30100 -30100 -30100 -30100 -30100 -30208 -30525 -30895 -31318 -31795 -32325 -32905 -33531 -34197 -34896 -35616 -36348 -37077 -37789 -38468 -39098 -39665 -40151 -40545 -40836 -41013 -41073 -41013 -40836 -40545 -40151 -39665 -39098 -38468 -37789 -37077 -36348 -35616 -34896 -34197 -33531 -32905 -32325 -31795 -31318 -30895 -30525 -30208 -30100 -30100 -30100 -30100 -30100 -30100 -30100 -30100 -30100 -30100 -30100
-30100 -30100 -30100 -30100 -30100 -30100 -30100 -30100 -30100 -30100 -30100 -30100 -30100 -30100 -30100 -30100 -30140 -30458 -30833 -31269 -31766 -32325 -32945 -33624 -34357 -35137 -35955 -36800 -37659 -38515 -39352 -40151 -40894 -41562 -42137 -42602 -42945 -43155 -43225 -43155 -42945 -42602 -42137 -41562 -40894 -40151 -39352 -38515 -37659 -36800 -35955 -35137 -34357 -33624 -32945 -32325 -31766 -31269 -30833 -30458 -30140 -30100 -30100 -30100 -30100 -30100 -30100 -30100 -30100 -30100 -30100
-30100 -30100 -30100 -30100 -30100 -30100 -30100 -30100 -30100 -30100 -30100 -30100 -30100 -30100 -30100 -30051 -30362 -30734 -31172 -31679 -32256 -32905 -33624 -34412 -35262 -36167 -37117 -38099 -39098 -40096 -41073 -42007 -42876 -43657 -44330 -44876 -45278 -45525 -45608 -45525 -45278 -44876 -44330 -43657 -42876 -42007 -41073 -40096 -39098 -38099 -37117 -36167 -35262 -34412 -33624 -32905 -32256 -31679 -31172 -30734 -30362 -30051 -30100 -30100 -30100 -30100 -30100 -30100 -30100 -30100 -30100
-30100 -30100 -30100 -30100 -30100 -30100 -30100 -30100 -30100 -30100 -30100 -30100 -30100 -30100 -30100 -30243 -30604 -31035 -31540 -32122 -32786 -33531 -34357 -35262 -36239 -37280 -38374 -39507 -40661 -41814 -42945 -44027 -45036 -45944 -46727 -47362 -47830 -48117 -48214 -48117 -47830 -47362 -46727 -45944 -45036 -44027 -42945 -41814 -40661 -39507 -38374 -37280 -36239 -35262 -34357 -33531 -32786 -32122 -31540 -31035 -30604 -30243 -30100 -30100 -30100 -30100 -30100 -30100 -30100 -30100 -30100
-30100 -30100 -30100 -30100 -30100 -30100 -30100 -30100 -30100 -30100 -30100 -30100 -30100 -30100 -30107 -30450 -30864 -31356 -31931 -32595 -33350 -34197 -35137 -36167 -37280 -38468 -39718 -41013 -42334 -43657 -44956 -46201 -47362 -48408 -49311 -50044 -50585 -50916 -51028 -50916 -50585 -50044 -49311 -48408 -47362 -46201 -44956 -43657 -42334 -41013 -39718 -38468 -37280 -36167 -35137 -34197 -33350 -32595 -31931 -31356 -30864 -30450 -30107 -30100 -30100 -30100 -30100 -30100 -30100 -30100 -30100
-30100 -30100 -30100 -30100 -30100 -30100 -30100 -30100 -30100 -30100 -30100 -30100 -30100 -30100 -30279 -30668 -31137 -31693 -32342 -33090 -33940 -34896 -35955 -37117 -38374 -39718 -41133 -42602 -44103 -45608 -47087 -48507 -49832 -51028 -52060 -52898 -53517 -53896 -54023 -53896 -53517 -52898 -52060 -51028 -49832 -48507 -47087 -45608 -44103 -42602 -41133 -39718 -38374 -37117 -35955 -34896 -33940 -33090 -32342 -31693 -31137 -30668 -30279 -30100 -30100 -30100 -30100 -30100 -30100 -30100 -30100
-30100 -30100 -30100 -30100 -30100 -30100 -30100 -30100 -30100 -30100 -30100 -30100 -30100 -30101 -30458 -30895 -31420 -32041 -32766 -33601 -34550 -35616 -36800 -38099 -39507 -41013 -42602 -44254 -45944 -47641 -49311 -50916 -52416 -53769 -54937 -55885 -56585 -57014 -57158 -57014 -56585 -55885 -54937 -53769 -52416 -50916 -49311 -47641 -45944 -44254 -42602 -41013 -39507 -38099 -36800 -35616 -34550 -33601 -32766 -32041 -31420 -30895 -30458 -30101 -30100 -30100 -30100 -30100 -30100 -30100 -30100
-30100 -30100 -30100 -30100 -30100 -30100 -30100 -30100 -30100 -30100 -30100 -30100 -30100 -30243 -30641 -31126 -31707 -32395 -33196 -34119 -35168 -36348 -37659 -39098 -40661 -42334 -44103 -45944 -47830 -49727 -51595 -53392 -55070 -56585 -57892 -58952 -59734 -60213 -60375 -60213 -59734 -58952 -57892 -56585 -55070 -53392 -51595 -49727 -47830 -45944 -44103 -42334 -40661 -39098 -37659 -36348 -35168 -34119 -33196 -32395 -31707 -31126 -30641 -30243 -30100 -30100 -30100 -30100 -30100 -30100 -30100
-30100 -30100 -30100 -30100 -30100 -30100 -30100 -30100 -30100 -30100 -30100 -30100 -30032 -30385 -30823 -31356 -31994 -32747 -33624 -34634 -35784 -37077 -38515 -40096 -41814 -43657 -45608 -47641 -49727 -51827 -53896 -55885 -57744 -59419 -60864 -62034 -62897 -63424 -63602 -63424 -62897 -62034 -60864 -59419 -57744 -55885 -53896 -51827 -49727 -47641 -45608 -43657 -41814 -40096 -38515 -37077 -35784 -34634 -33624 -32747 -31994 -31356 -30823 -30385 -30032 -30100 -30100 -30100 -30100 -30100 -30100
-30100 -30100 -30100 -30100 -30100 -30100 -30100 -30100 -30100 -30100 -30100 -30100 -30140 -30525 -31002 -31581 -32273 -33090 -34042 -35137 -36385 -37789 -39352 -41073 -42945 -44956 -47087 -49311 -51595 -53896 -56163 -58342 -60375 -62205 -63781 -65056 -65994 -66568 -66761 -66568 -65994 -65056 -63781 -62205 -60375 -58342 -56163 -53896 -51595 -49311 -47087 -44956 -42945 -41073 -39352 -37789 -36385 -35137 -34042 -33090 -32273 -31581 -31002 -30525 -30140 -30100 -30100 -30100 -30100 -30100 -30100
-30100 -30100 -30100 -30100 -30100 -30100 -30100 -30100 -30100 -30100 -30100 -30100 -30243 -30659 -31172 -31795 -32539 -33417 -34439 -35616 -36957 -38468 -40151 -42007 -44027 -46201 -48507 -50916 -53392 -55885 -58342 -60700 -62897 -64871 -66568 -67939 -68946 -69561 -69768 -69561 -68946 -67939 -66568 -64871 -62897 -60700 -58342 -55885 -53392 -50916 -48507 -46201 -44027 -42007 -40151 -38468 -36957 -35616 -34439 -33417 -32539 -31795 -31172 -30659 -30243 -30100 -30100 -30100 -30100 -30100 -30100
-30100 -30100 -30100 -30100 -30100 -30100 -30100 -30100 -30100 -30100 -30100 -30100 -30339 -30783 -31331 -31994 -32786 -33720 -34807 -36060 -37488 -39098 -40894 -42876 -45036 -47362 -49832 -52416 -55070 -57744 -60375 -62897 -65242 -67346 -69150 -70605 -71673 -72324 -72543 -72324 -71673 -70605 -69150 -67346 -65242 -62897 -60375 -57744 -55070 -52416 -49832 -47362 -45036 -42876 -40894 -39098 -37488 -36060 -34807 -33720 -32786 -31994 -31331 -30783 -30339 -30100 -30100 -30100 -30100 -30100 -30100
-30100 -30100 -30100 -30100 -30100 -30100 -30100 -30100 -30100 -30100 -30100 -30051 -30425 -30895 -31473 -32172 -33007 -33991 -35137 -36458 -37965 -39665 -41562 -43657 -45944 -48408 -51028 -53769 -56585 -59419 -62205 -64871 -67346 -69561 -71457 -72984 -74103 -74786 -75015 -74786 -74103 -72984 -71457 -69561 -67346 -64871 -62205 -59419 -56585 -53769 -51028 -48408 -45944 -43657 -41562 -39665 -37965 -36458 -35137 -33991 -33007 -32172 -31473 -30895 -30425 -30051 -30100 -30100 -30100 -30100 -30100
-30100 -30100 -30100 -30100 -30100 -30100 -30100 -30100 -30100 -30100 -30100 -30107 -30500 -30991 -31595 -32325 -33196 -34224 -35421 -36800 -38374 -40151 -42137 -44330 -46727 -49311 -52060 -54937 -57892 -60864 -63781 -66568 -69150 -71457 -73429 -75015 -76176 -76883 -77121 -76883 -76176 -75015 -73429 -71457 -69150 -66568 -63781 -60864 -57892 -54937 -52060 -49311 -46727 -44330 -42137 -40151 -38374 -36800 -35421 -34224 -33196 -32325 -31595 -30991 -30500 -30107 -30100 -30100 -30100 -30100 -30100
-30100 -30100 -30100 -30100 -30100 -30100 -30100 -30100 -30100 -30100 -30100 -30153 -30560 -31069 -31693 -32448 -33350 -34412 -35649 -37077 -38706 -40545 -42602 -44876 -47362 -50044 -52898 -55885 -58952 -62034 -65056 -67939 -70605 -72984 -75015 -76646 -77839 -78566 -78810 -78566 -77839 -76646 -75015 -72984 -70605 -67939 -65056 -62034 -58952 -55885 -52898 -50044 -47362 -44876 -42602 -40545 -38706 -37077 -35649 -34412 -33350 -32448 -31693 -31069 -30560 -30153 -30100 -30100 -30100 -30100 -30100
-30100 -30100 -30100 -30100 -30100 -30100 -30100 -30100 -30100 -30100 -30100 -30187 -30604 -31126 -31766 -32539 -33462 -34550 -35818 -37280 -38949 -40836 -42945 -45278 -47830 -50585 -53517 -56585 -59734 -62897 -65994 -68946 -71673 -74103 -76176 -77839 -79055 -79795 -80044 -79795 -79055 -77839 -76176 -74103 -71673 -68946 -65994 -62897 -59734 -56585 -53517 -50585 -47830 -45278 -42945 -40836 -38949 -37280 -35818 -34550 -33462 -32539 -31766 -31126 -30604 -30187 -30100 -30100 -30100 -30100 -30100
-30100 -30100 -30100 -30100 -30100 -30100 -30100 -30100 -30100 -30100 -30100 -30208 -30631 -31161 -31810 -32595 -33531 -34634 -35921 -37404 -39098 -41013 -43155 -45525 -48117 -50916 -53896 -57014 -60213 -63424 -66568 -69561 -72324 -74786 -76883 -78566 -79795 -80544 -80795 -80544 -79795 -78566 -76883 -74786 -72324 -69561 -66568 -63424 -60213 -57014 -53896 -50916 -48117 -45525 -43155 -41013 -39098 -37404 -35921 -34634 -33531 -32595 -31810 -31161 -30631 -30208 -30100 -30100 -30100 -30100 -30100
-30100 -30100 -30100 -30100 -30100 -30100 -30100 -30100 -30100 -30100 -30100 -30215 -30641 -31172 -31825 -32613 -33554 -34663 -35955 -37446 -39149 -41073 -43225 -45608 -48214 -51028 -54023 -57158 -60375 -63602 -66761 -69768 -72543 -75015 -77121 -78810 -80044 -80795 -81047 -80795 -80044 -78810 -77121 -75015 -72543 -69768 -66761 -63602 -60375 -57158 -54023 -51028 -48214 -45608 -43225 -41073 -39149 -37446 -35955 -34663 -33554 -32613 -31825 -31172 -30641 -30215 -30100 -30100 -30100 -30100 -30100
-30100 -30100 -30100 -30100 -30100 -30100 -30100 -30100 -30100 -30100 -30100 -30208 -30631 -31161 -31810 -32595 -33531 -34634 -35921 -37404 -39098 -41013 -43155 -45525 -48117 -50916 -53896 -57014 -60213 -63424 -66568 -69561 -72324 -74786 -76883 -78566 -79795 -80544 -80795 -80544 -79795 -78566 -76883 -74786 -72324 -69561 -66568 -63424 -60213 -57014 -53896 -50916 -48117 -45525 -43155 -41013 -39098 -37404 -35921 -34634 -33531 -32595 -31810 -31161 -30631 -30208 -30100 -30100 -30100 -30100 -30100
-30100 -30100 -30100 -30100 -30100 -30100 -30100 -30100 -30100 -30100 -30100 -30187 -30604 -31126 -31766 -32539 -33462 -34550 -35818 -37280 -38949 -40836 -42945 -45278 -47830 -50585 -53517 -56585 -59734 -62897 -65994 -68946 -71673 -74103 -76176 -77839 -79055 -79795 -80044 -79795 -79055 -77839 -76176 -74103 -71673 -68946 -65994 -62897 -59734 -56585 -53517 -50585 -47830 -45278 -42945 -40836 -38949 -37280 -35818 -34550 -33462 -32539 -31766 -31126 -30604 -30187 -30100 -30100 -30100 -30100 -30100
