Code/Outputs/Output_20260212_155604/2.9_30_1000_Te_map_shift_20km.grd
DSAA
461 201
-4600000.0 4600000.0
-2000000.0 2000000.0
1000.0000277398196 199999.99700910217
[rows 104 to 129 of 201, columns 360 to 419 of 461]
1.70141e+38 1.70141e+38 1.70141e+38 1.70141e+38 1.70141e+38 1.70141e+38 1.70141e+38 1.70141e+38 1.70141e+38 1.70141e+38 1.70141e+38 1.70141e+38 1.70141e+38 1.70141e+38 1.70141e+38 1.70141e+38 170966 1000 1976.27 15708 36269.6 62201.1 70363 69775.1 66555.5 63777.3 61617.9 59990.2 58815.2 57987.8 57422.7 57063 56823.9 56674.1 56553.2 56451.5 56348.3 56230.8 56092.6 55932.5 55753 55578 55415 55292.9 55262.6 55262.6 55262.6 55262.6 55292.9 55415 55578 55753 55932.5 56092.6 56230.8 56348.3 56451.5 56553.2 56674.1 56823.9
1.70141e+38 1.70141e+38 1.70141e+38 1.70141e+38 1.70141e+38 1.70141e+38 1.70141e+38 1.70141e+38 1.70141e+38 1.70141e+38 1.70141e+38 1.70141e+38 1.70141e+38 1.70141e+38 1.70141e+38 1.70141e+38 149932 1000 1976.26 15695.2 36419.4 62337.5 70481 69891.7 66675.6 63903.1 61750.6 60130.5 58963.5 58144.6 57588.3 57227.5 56987.6 56837.3 56716.1 56614.3 56511.1 56393.6 56255.5 56095.4 55915.9 55740.9 55578 55456 55425.7 55425.7 55425.7 55425.7 55456 55578 55740.9 55915.9 56095.4 56255.5 56393.6 56511.1 56614.3 56716.1 56837.3 56987.6
1.70141e+38 1.70141e+38 1.70141e+38 1.70141e+38 1.70141e+38 1.70141e+38 1.70141e+38 1.70141e+38 1.70141e+38 1.70141e+38 1.70141e+38 1.70141e+38 1.70141e+38 1.70141e+38 1.70141e+38 1.70141e+38 153022 1000 1976.27 15680.6 36593 62482.1 70604.9 70011.9 66797.1 64028.3 61881.1 60267.1 59107 58295.4 57746.9 57394.5 57163.7 57012.8 56891.3 56789.3 56686.1 56568.5 56430.5 56270.5 56090.9 55915.9 55753 55631.1 55600.9 55600.9 55600.9 55600.9 55631.1 55753 55915.9 56090.9 56270.5 56430.5 56568.5 56686.1 56789.3 56891.3 57012.8 57163.7
1.70141e+38 1.70141e+38 1.70141e+38 1.70141e+38 1.70141e+38 1.70141e+38 1.70141e+38 1.70141e+38 1.70141e+38 1.70141e+38 1.70141e+38 1.70141e+38 1.70141e+38 1.70141e+38 1.70141e+38 1.70141e+38 164472 1000 1976.26 15665.5 36783.5 62628.6 70730.3 70131.7 66915.8 64148.6 62004.7 60395.2 59240.4 58434.9 57893.1 57548 57325.3 57183.3 57071.2 56969 56865.7 56748.2 56610.1 56450 56270.5 56095.4 55932.5 55810.6 55780.4 55780.4 55780.4 55780.4 55810.6 55932.5 56095.4 56270.5 56450 56610.1 56748.2 56865.7 56969 57071.2 57183.3 57325.3
1.70141e+38 1.70141e+38 1.70141e+38 1.70141e+38 1.70141e+38 1.70141e+38 1.70141e+38 1.70141e+38 1.70141e+38 1.70141e+38 1.70141e+38 1.70141e+38 1.70141e+38 1.70141e+38 1.70141e+38 1.70141e+38 153022 1000 1976.27 15652.4 36973 62755.8 70838 70233.7 67015.8 64249 62107.3 60501.2 59350.5 58549.9 58013.7 57674.9 57459.3 57325.3 57221.9 57129.1 57025.7 56908.2 56770.2 56610.1 56430.5 56255.5 56092.6 55970.8 55940.6 55940.6 55940.6 55940.6 55970.8 56092.6 56255.5 56430.5 56610.1 56770.2 56908.2 57025.7 57129.1 57221.9 57325.3 57459.3
1.70141e+38 1.70141e+38 1.70141e+38 1.70141e+38 1.70141e+38 1.70141e+38 1.70141e+38 1.70141e+38 1.70141e+38 1.70141e+38 1.70141e+38 1.70141e+38 1.70141e+38 1.70141e+38 1.70141e+38 1.70141e+38 153022 1000 1976.26 15642.5 37152.8 62862.1 70927.7 70317.8 67097 64329.6 62188.8 60584.6 59436.8 58639.7 58107.8 57774.2 57564.6 57437.5 57341.8 57257.7 57163.7 57046.2 56908.2 56748.2 56568.5 56393.6 56230.8 56109 56078.8 56078.8 56078.8 56078.8 56109 56230.8 56393.6 56568.5 56748.2 56908.2 57046.2 57163.7 57257.7 57341.8 57437.5 57564.6
1.70141e+38 1.70141e+38 1.70141e+38 1.70141e+38 1.70141e+38 1.70141e+38 1.70141e+38 1.70141e+38 1.70141e+38 1.70141e+38 1.70141e+38 1.70141e+38 1.70141e+38 1.70141e+38 1.70141e+38 1.70141e+38 149932 1000 1976.26 15636.3 37315.8 62950.2 71002.7 70387.5 67163.1 64393.9 62252.7 60649.1 59502.6 58707.7 58178.8 57849 57644.2 57522.7 57433.8 57357.3 57271.8 57163.7 57025.7 56865.7 56686.1 56511.1 56348.3 56226.6 56196.5 56196.5 56196.5 56196.5 56226.6 56348.3 56511.1 56686.1 56865.7 57025.7 57163.7 57271.8 57357.3 57433.8 57522.7 57644.2
1.70141e+38 1.70141e+38 1.70141e+38 1.70141e+38 1.70141e+38 1.70141e+38 1.70141e+38 1.70141e+38 1.70141e+38 1.70141e+38 1.70141e+38 1.70141e+38 1.70141e+38 1.70141e+38 1.70141e+38 1.70141e+38 150488 1000 1976.26 15632.7 37456.4 63027.5 71071.1 70451.1 67222.4 64450.3 62307.2 60702.7 59556.1 58761.9 58234.4 57907 57705.6 57588.5 57505.1 57435.1 57357.3 57257.7 57129.1 56969 56789.3 56614.3 56451.5 56329.8 56299.7 56299.7 56299.7 56299.7 56329.8 56451.5 56614.3 56789.3 56969 57129.1 57257.7 57357.3 57435.1 57505.1 57588.5 57705.6
1.70141e+38 1.70141e+38 1.70141e+38 1.70141e+38 1.70141e+38 1.70141e+38 1.70141e+38 1.70141e+38 1.70141e+38 1.70141e+38 1.70141e+38 1.70141e+38 1.70141e+38 1.70141e+38 1.70141e+38 1.70141e+38 153022 1000 1976.26 15628.4 37575.2 63107.8 71146.9 70522.7 67288.9 64512.7 62366.6 60759.7 59611.5 58816.3 58288.8 57962.3 57762.8 57648.9 57569.6 57505.1 57433.8 57341.8 57221.9 57071.2 56891.3 56716.1 56553.2 56431.4 56401.3 56401.3 56401.3 56401.3 56431.4 56553.2 56716.1 56891.3 57071.2 57221.9 57341.8 57433.8 57505.1 57569.6 57648.9 57762.8
1.70141e+38 1.70141e+38 1.70141e+38 1.70141e+38 1.70141e+38 1.70141e+38 1.70141e+38 1.70141e+38 1.70141e+38 1.70141e+38 1.70141e+38 1.70141e+38 1.70141e+38 1.70141e+38 1.70141e+38 1.70141e+38 147230 1000 1976.27 15616.9 37680.6 63212.5 71250.9 70622.9 67383.5 64602.4 62452 60841.3 59690 58892.4 58363.4 58036.4 57837.4 57725.2 57648.9 57588.5 57522.7 57437.5 57325.3 57183.3 57012.8 56837.3 56674.1 56552.1 56521.9 56521.9 56521.9 56521.9 56552.1 56674.1 56837.3 57012.8 57183.3 57325.3 57437.5 57522.7 57588.5 57648.9 57725.2 57837.4
1.70141e+38 1.70141e+38 1.70141e+38 1.70141e+38 1.70141e+38 1.70141e+38 1.70141e+38 1.70141e+38 1.70141e+38 1.70141e+38 1.70141e+38 1.70141e+38 1.70141e+38 1.70141e+38 1.70141e+38 1.70141e+38 147230 1000 1976.28 15590.6 37780.3 63353.3 71394.9 70765.1 67520.9 64735.3 62580.6 60965.8 59810.6 59009.5 58477.8 58148.9 57949.2 57837.4 57762.8 57705.6 57644.2 57564.6 57459.3 57325.3 57163.7 56987.6 56823.9 56701.6 56671.3 56671.3 56671.3 56671.3 56701.6 56823.9 56987.6 57163.7 57325.3 57459.3 57564.6 57644.2 57705.6 57762.8 57837.4 57949.2
1.70141e+38 1.70141e+38 1.70141e+38 1.70141e+38 1.70141e+38 1.70141e+38 1.70141e+38 1.70141e+38 1.70141e+38 1.70141e+38 1.70141e+38 1.70141e+38 1.70141e+38 1.70141e+38 1.70141e+38 1.70141e+38 153022 1000 1976.41 15536.4 37923.6 63587.5 71632.9 71001.5 67752.7 64962.6 62803.5 61184 60024 59218.4 58682.6 58350.7 58148.9 58036.4 57962.3 57907 57849 57774.2 57674.9 57548 57394.5 57227.5 57063 56940.1 56909.7 56909.7 56909.7 56909.7 56940.1 57063 57227.5 57394.5 57548 57674.9 57774.2 57849 57907 57962.3 58036.4 58148.9
1.70141e+38 1.70141e+38 1.70141e+38 1.70141e+38 1.70141e+38 1.70141e+38 1.70141e+38 1.70141e+38 1.70141e+38 1.70141e+38 1.70141e+38 1.70141e+38 1.70141e+38 1.70141e+38 1.70141e+38 1.70141e+38 151782 1000 1976.47 15445.9 38155.6 63947 71995.4 71363.6 68112 65319.5 63157.5 61534 60369.5 59559.1 59018.6 58682.6 58477.8 58363.4 58288.8 58234.4 58178.8 58107.8 58013.7 57893.1 57746.9 57588.3 57422.7 57299.2 57268.6 57268.6 57268.6 57268.6 57299.2 57422.7 57588.3 57746.9 57893.1 58013.7 58107.8 58178.8 58234.4 58288.8 58363.4 58477.8
1.70141e+38 1.70141e+38 1.70141e+38 1.70141e+38 1.70141e+38 1.70141e+38 1.70141e+38 1.70141e+38 1.70141e+38 1.70141e+38 1.70141e+38 1.70141e+38 1.70141e+38 1.70141e+38 1.70141e+38 1.70141e+38 153022 1000 1975.37 15312.2 38586.5 64509.5 72554.1 71921.6 68669.3 65876.6 63713.7 62088 60919.8 60104.6 59559.1 59218.4 59009.5 58892.4 58816.3 58761.9 58707.7 58639.7 58549.9 58434.9 58295.4 58144.6 57987.8 57863.3 57832.6 57832.6 57832.6 57832.6 57863.3 57987.8 58144.6 58295.4 58434.9 58549.9 58639.7 58707.7 58761.9 58816.3 58892.4 59009.5
1.70141e+38 1.70141e+38 1.70141e+38 1.70141e+38 1.70141e+38 1.70141e+38 1.70141e+38 1.70141e+38 1.70141e+38 1.70141e+38 1.70141e+38 1.70141e+38 1.70141e+38 1.70141e+38 1.70141e+38 1.70141e+38 153022 1000 1970.53 15142 39341.4 65330.3 73361 72729 69479.9 66691.8 64532.6 62908.1 61738.5 60919.8 60369.5 60024 59810.6 59690 59611.5 59556.1 59502.6 59436.8 59350.5 59240.4 59107 58963.5 58815.2 58689.6 58658.6 58658.6 58658.6 58658.6 58689.6 58815.2 58963.5 59107 59240.4 59350.5 59436.8 59502.6 59556.1 59611.5 59690 59810.6
1.70141e+38 1.70141e+38 1.70141e+38 1.70141e+38 1.70141e+38 1.70141e+38 1.70141e+38 1.70141e+38 1.70141e+38 1.70141e+38 1.70141e+38 1.70141e+38 1.70141e+38 1.70141e+38 1.70141e+38 1.70141e+38 151102 1000 1967.3 14959.1 40618.5 66490 74493.2 73862.4 70621.7 67844.3 65694.3 64075.7 62908.1 62088 61534 61184 60965.8 60841.3 60759.7 60702.7 60649.1 60584.6 60501.2 60395.2 60267.1 60130.5 59990.2 59863.2 59832 59832 59832 59832 59863.2 59990.2 60130.5 60267.1 60395.2 60501.2 60584.6 60649.1 60702.7 60759.7 60841.3 60965.8
1.70141e+38 1.70141e+38 1.70141e+38 1.70141e+38 1.70141e+38 1.70141e+38 1.70141e+38 1.70141e+38 1.70141e+38 1.70141e+38 1.70141e+38 1.70141e+38 1.70141e+38 1.70141e+38 1.70141e+38 1.70141e+38 150488 1000 2005.91 14815.9 42691.3 68097.4 76055.9 75426.1 72198 69437.3 67302.4 65694.3 64532.6 63713.7 63157.5 62803.5 62580.6 62452 62366.6 62307.2 62252.7 62188.8 62107.3 62004.7 61881.1 61750.6 61617.9 61500 61468.5 61468.5 61468.5 61468.5 61500 61617.9 61750.6 61881.1 62004.7 62107.3 62188.8 62252.7 62307.2 62366.6 62452 62580.6
1.70141e+38 1.70141e+38 1.70141e+38 1.70141e+38 1.70141e+38 1.70141e+38 1.70141e+38 1.70141e+38 1.70141e+38 1.70141e+38 1.70141e+38 1.70141e+38 1.70141e+38 1.70141e+38 1.70141e+38 1.70141e+38 146836 1000 2165.07 14820.2 45716.2 70228.1 78130.3 77502.7 74291 71552.1 69437.3 67844.3 66691.8 65876.6 65319.5 64962.6 64735.3 64602.4 64512.7 64450.3 64393.9 64329.6 64249 64148.6 64028.3 63903.1 63777.3 63668 63636.1 63636.1 63636.1 63636.1 63668 63777.3 63903.1 64028.3 64148.6 64249 64329.6 64393.9 64450.3 64512.7 64602.4 64735.3
1.70141e+38 1.70141e+38 1.70141e+38 1.70141e+38 1.70141e+38 1.70141e+38 1.70141e+38 1.70141e+38 1.70141e+38 1.70141e+38 1.70141e+38 1.70141e+38 1.70141e+38 1.70141e+38 1.70141e+38 1.70141e+38 153022 1000 2153.4 15162.9 49673.7 72981 80825.5 80201.3 77006.7 74291 72198 70621.7 69479.9 68669.3 68112 67752.7 67520.9 67383.5 67288.9 67222.4 67163.1 67097 67015.8 66915.8 66797.1 66675.6 66555.5 66454.1 66421.5 66421.5 66421.5 66421.5 66454.1 66555.5 66675.6 66797.1 66915.8 67015.8 67097 67163.1 67222.4 67288.9 67383.5 67520.9
1.70141e+38 1.70141e+38 1.70141e+38 1.70141e+38 1.70141e+38 1.70141e+38 1.70141e+38 1.70141e+38 1.70141e+38 1.70141e+38 1.70141e+38 1.70141e+38 1.70141e+38 1.70141e+38 1.70141e+38 1.70141e+38 183069 1000 1811.71 16101.6 54108.5 76173.8 83987.9 83382.5 80201.3 77502.7 75426.1 73862.4 72729 71921.6 71363.6 71001.5 70765.1 70622.9 70522.7 70451.1 70387.5 70317.8 70233.7 70131.7 70011.9 69891.7 69775.1 69680.1 69646.3 69646.3 69646.3 69646.3 69680.1 69775.1 69891.7 70011.9 70131.7 70233.7 70317.8 70387.5 70451.1 70522.7 70622.9 70765.1
1.70141e+38 1.70141e+38 1.70141e+38 1.70141e+38 1.70141e+38 1.70141e+38 1.70141e+38 1.70141e+38 1.70141e+38 1.70141e+38 1.70141e+38 1.70141e+38 1.70141e+38 1.70141e+38 1.70141e+38 1.70141e+38 153022 1000 1473.49 17070.1 55339.9 76613.2 84467.7 83987.9 80825.5 78130.3 76055.9 74493.2 73361 72554.1 71995.4 71632.9 71394.9 71250.9 71146.9 71071.1 71002.7 70927.7 70838 70730.3 70604.9 70481 70363 70270.2 70233.2 70233.2 70233.2 70233.2 70270.2 70363 70481 70604.9 70730.3 70838 70927.7 71002.7 71071.1 71146.9 71250.9 71394.9
1.70141e+38 1.70141e+38 1.70141e+38 1.70141e+38 1.70141e+38 1.70141e+38 1.70141e+38 1.70141e+38 1.70141e+38 1.70141e+38 1.70141e+38 1.70141e+38 1.70141e+38 1.70141e+38 1.70141e+38 1.70141e+38 153022 1000 1275.21 15382.4 44099.6 68580.7 76613.2 76173.8 72981 70228.1 68097.4 66490 65330.3 64509.5 63947 63587.5 63353.3 63212.5 63107.8 63027.5 62950.2 62862.1 62755.8 62628.6 62482.1 62337.5 62201.1 62096.8 62064.7 62064.7 62064.7 62064.7 62096.8 62201.1 62337.5 62482.1 62628.6 62755.8 62862.1 62950.2 63027.5 63107.8 63212.5 63353.3
1.70141e+38 1.70141e+38 1.70141e+38 1.70141e+38 1.70141e+38 1.70141e+38 1.70141e+38 1.70141e+38 1.70141e+38 1.70141e+38 1.70141e+38 1.70141e+38 1.70141e+38 1.70141e+38 1.70141e+38 1.70141e+38 151102 1000 1000 9968.83 22461.1 44099.6 55339.9 54108.5 49673.7 45716.2 42691.3 40618.5 39341.4 38586.5 38155.6 37923.6 37780.3 37680.6 37575.2 37456.4 37315.8 37152.8 36973 36783.5 36593 36419.4 36269.6 36164.6 36146.4 36146.4 36146.4 36146.4 36164.6 36269.6 36419.4 36593 36783.5 36973 37152.8 37315.8 37456.4 37575.2 37680.6 37780.3
1.70141e+38 1.70141e+38 1.70141e+38 1.70141e+38 1.70141e+38 1.70141e+38 1.70141e+38 1.70141e+38 1.70141e+38 1.70141e+38 1.70141e+38 1.70141e+38 1.70141e+38 1.70141e+38 1.70141e+38 1.70141e+38 152192 152539 1000 2175.45 9968.83 15382.4 17070.1 16101.6 15162.9 14820.2 14815.9 14959.1 15142 15312.2 15445.9 15536.4 15590.6 15616.9 15628.4 15632.7 15636.3 15642.5 15652.4 15665.5 15680.6 15695.2 15708 15716.6 15716.6 15716.6 15716.6 15716.6 15716.6 15708 15695.2 15680.6 15665.5 15652.4 15642.5 15636.3 15632.7 15628.4 15616.9 15590.6
1.70141e+38 1.70141e+38 1.70141e+38 1.70141e+38 1.70141e+38 1.70141e+38 1.70141e+38 1.70141e+38 1.70141e+38 1.70141e+38 1.70141e+38 1.70141e+38 1.70141e+38 1.70141e+38 1.70141e+38 1.70141e+38 1001.45 1000.9 1000.04 1000 1000 1275.21 1473.49 1811.71 2153.4 2165.07 2005.91 1967.3 1970.53 1975.37 1976.47 1976.41 1976.28 1976.27 1976.26 1976.26 1976.26 1976.26 1976.27 1976.26 1976.27 1976.26 1976.27 1976.26 1976.26 1976.26 1976.26 1976.26 1976.26 1976.27 1976.26 1976.27 1976.26 1976.27 1976.26 1976.26 1976.26 1976.26 1976.27 1976.28
1.70141e+38 1.70141e+38 1.70141e+38 1.70141e+38 1.70141e+38 1.70141e+38 1.70141e+38 1.70141e+38 1.70141e+38 1.70141e+38 1.70141e+38 1.70141e+38 1.70141e+38 1.70141e+38 1.70141e+38 1.70141e+38 1.70141e+38 153022 153022 171364 1000 1000 1000 1000 1000 1000 1000 1000 1000 1000 1000 1000 1000 1000 1000 1000 1000 1000 1000 1000 1000 1000 1000 1000 1000 1000 1000 1000 1000 1000 1000 1000 1000 1000 1000 1000 1000 1000 1000 1000
