Code/Outputs/Output_20260212_155604/2.9_30_1000_rms_map_shift_40km.grd
DSAA
231 101
-4600000.0 4600000.0
-2000000.0 2000000.0
7.979320696835527 23696.236159560758
[rows 52 to 77 of 101, columns 59 to 117 of 231]
2978.4 3683.17 4140.09 4543.37 4892.64 5296.52 5671.73 5907.93 5935.21 5729.56 5271.16 4534.56 3587.34 2662.32 1936.36 1432.6 1121.32 950.36 862.879 844.852 898.864 1022.09 1255.75 1657.96 2270.84 3106.42 4075.25 4937.56 5533.91 5862.37 5949.82 5812.98 5494.98 5091.26 4709.57 4376.1 3890.85 3381.67 2539.84 1745.45 1125.92 669.212 352.252 151.969 53.8405 42.2093 42.804 43.0795 43.1218 43.1218 43.1218 43.1218 1.70141e+38 1.70141e+38 1.70141e+38 1.70141e+38 1.70141e+38 1.70141e+38 1.70141e+38
2978.98 3684.31 4141.67 4543.91 4889.34 5288.89 5661.61 5898.75 5929.75 5728.86 5275.22 4543.94 3605.78 2698.14 1999.93 1533.05 1260.89 1121.32 1053.68 1040.1 1081.2 1178.75 1376.14 1739.09 2319.23 3132.3 4088.38 4944.09 5535.6 5859.24 5942.27 5802.88 5485.74 5085.71 4708.41 4377.56 3892.29 3382.5 2540.24 1745.63 1126.01 669.291 352.325 152.04 53.9193 42.2545 42.8034 43.0701 43.1103 43.1103 43.1103 43.1103 1.70141e+38 1.70141e+38 1.70141e+38 1.70141e+38 1.70141e+38 1.70141e+38 1.70141e+38
2979.03 3684.44 4141.03 4538.7 4877.07 5272.25 5645.52 5889.06 5930.26 5740.84 5298.95 4581.49 3665.46 2795.67 2151.9 1748.34 1533.05 1432.6 1386.92 1377.97 1405.31 1472.9 1621.66 1922.47 2442.17 3208.69 4135.42 4974.19 5553.4 5865.43 5937.39 5789.33 5468.64 5070.76 4699.49 4375.55 3892.24 3382.61 2540.25 1745.67 1126.11 669.399 352.429 152.141 54.0293 42.3032 42.8029 43.0512 43.0894 43.0894 43.0894 43.0894 1.70141e+38 1.70141e+38 1.70141e+38 1.70141e+38 1.70141e+38 1.70141e+38 1.70141e+38
2976.16 3679.91 4132.38 4518.57 4848.05 5243.98 5627.88 5890.58 5955.31 5790.5 5374.44 4688.44 3820.19 3022.93 2468.95 2151.9 1999.93 1936.36 1909.58 1904.47 1920.26 1961.07 2060.44 2284.69 2713.26 3396.64 4263.44 5064.17 5615.69 5902.74 5950.41 5780.43 5444.46 5040.89 4673.74 4362.37 3886.06 3379.09 2537.92 1744.34 1125.62 669.411 352.566 152.272 54.167 42.3618 42.8069 43.0307 43.0652 43.0652 43.0652 43.0652 1.70141e+38 1.70141e+38 1.70141e+38 1.70141e+38 1.70141e+38 1.70141e+38 1.70141e+38
2965.97 3664.16 4105.56 4470.99 4796.28 5208.53 5624.6 5929.57 6039.86 5921.02 5553.72 4928.14 4145.85 3461.55 3022.93 2795.67 2698.14 2662.32 2648.86 2646.42 2654.14 2675.64 2735.58 2887.93 3211.27 3776.49 4542.2 5271.37 5769.86 6010.2 6012.07 5797.47 5423.41 4995.04 4621.18 4325.08 3865.49 3366.62 2529.54 1739.07 1122.91 668.494 352.568 152.429 54.3051 42.4161 42.8057 42.9979 43.0289 43.0289 43.0289 43.0289 1.70141e+38 1.70141e+38 1.70141e+38 1.70141e+38 1.70141e+38 1.70141e+38 1.70141e+38
2941.87 3627.43 4045.45 4385.63 4726.46 5185.72 5665.48 6040.53 6221.41 6174.2 5884.61 5353.82 4694.33 4145.85 3820.19 3665.46 3605.78 3587.34 3581.71 3580.82 3583.84 3593.71 3627.75 3726.53 3956.68 4393.55 5025.82 5646.58 6060.61 6227.22 6158.36 5873.11 5431.08 4945.84 4538.51 4248.11 3818.26 3337.3 2509.54 1725.94 1115.32 665.014 351.667 152.577 54.4591 42.478 42.8063 42.9613 42.9864 42.9864 42.9864 42.9864 1.70141e+38 1.70141e+38 1.70141e+38 1.70141e+38 1.70141e+38 1.70141e+38 1.70141e+38
2895.4 3557.14 3934.76 4267.2 4660.21 5191.8 5742.62 6187.83 6444.31 6483.6 6294.43 5881.03 5353.82 4928.14 4688.44 4581.49 4543.94 4534.56 4532.66 4532.48 4533.32 4537.42 4557.17 4622.78 4787.2 5117.87 5618.21 6112.78 6418.33 6491.77 6342.39 5985.06 5473.13 4915.27 4440.99 4124.24 3728.89 3280.93 2470.78 1699.81 1099.28 656.571 348.399 152.151 54.6031 42.5246 42.7922 42.9105 42.9288 42.9288 42.9288 42.9289 1.70141e+38 1.70141e+38 1.70141e+38 1.70141e+38 1.70141e+38 1.70141e+38 1.70141e+38
2817.37 3441.35 3774.37 4140.83 4600.81 5178.69 5758.56 6240.01 6554.72 6675.71 6589.8 6294.43 5884.61 5553.72 5374.44 5298.95 5275.22 5271.16 5271.3 5271.49 5271.17 5272.01 5283.09 5327.42 5447.24 5700.07 6091.73 6466.05 6659.62 6640.16 6420.7 6016.85 5475.22 4882.37 4348.79 3971.49 3587.77 3186.69 2405.48 1655.12 1070.88 640.469 340.962 150.112 54.7217 42.5555 42.7634 42.8463 42.8563 42.8563 42.8568 42.8685 1.70141e+38 1.70141e+38 1.70141e+38 1.70141e+38 1.70141e+38 1.70141e+38 1.70141e+38
2700.07 3279.3 3597.43 4013.43 4505.14 5077.36 5641.96 6128.96 6483.63 6672.58 6675.71 6483.6 6174.2 5921.02 5790.5 5740.84 5728.86 5729.56 5731.62 5732.15 5730.74 5728.58 5732.09 5758.71 5842.31 6032.15 6332.88 6602.6 6698.65 6600.11 6325.49 5898.98 5365.35 4787.18 4242.7 3816.08 3409.48 3047.66 2306.78 1586.96 1026.63 614.268 327.645 145.317 54.4476 42.5652 42.7138 42.7612 42.7625 42.7649 42.7808 42.8188 1.70141e+38 1.70141e+38 1.70141e+38 1.70141e+38 1.70141e+38 1.70141e+38 1.70141e+38
2540.45 3086.03 3417.92 3859.73 4340.38 4875.32 5402.08 5872.78 6245.74 6483.63 6554.72 6444.31 6221.41 6039.86 5955.31 5930.26 5929.75 5935.21 5939.17 5940.03 5937.55 5932.39 5928.42 5937.97 5987.28 6118.17 6337.37 6521 6541.77 6383.68 6073.93 5647.14 5142.93 4605.48 4088.36 3651.75 3219.76 2866.51 2170.55 1492.12 964.274 576.339 307.275 136.918 53.3534 42.5529 42.6418 42.6531 42.6536 42.6768 42.723 42.7952 1.70141e+38 1.70141e+38 1.70141e+38 1.70141e+38 1.70141e+38 1.70141e+38 1.70141e+38
2341.2 2874.75 3215.39 3662.82 4108.73 4594.1 5072.73 5509.46 5872.78 6128.96 6240.01 6187.83 6040.53 5929.57 5890.58 5889.06 5898.75 5907.93 5913.09 5914.13 5911.04 5903.75 5893.49 5887.2 5903.04 5975.11 6117.33 6232.93 6204.84 6016.61 5702.28 5298.33 4836.61 4349.71 3877.62 3457.87 3023.29 2651.77 1996.93 1370.24 883.505 526.399 279.579 124.66 51.2445 42.4978 42.5309 42.5245 42.5485 42.6055 42.6888 42.7982 1.70141e+38 1.70141e+38 1.70141e+38 1.70141e+38 1.70141e+38 1.70141e+38 1.70141e+38
2107.2 2644.58 2982.58 3424.67 3828.01 4258.05 4682.85 5072.73 5402.08 5641.96 5758.56 5742.62 5665.48 5624.6 5627.88 5645.52 5661.61 5671.73 5676.46 5677.33 5674.66 5667.44 5654.21 5636.28 5622.77 5637.87 5704.24 5764.97 5717.52 5535.31 5246.62 4883.76 4473.15 4041.48 3621.9 3224.92 2812.16 2407.48 1790.11 1224.18 786.26 465.719 245.348 109.053 48.3924 42.3939 42.4 42.4058 42.4671 42.5643 42.6872 42.8335 1.70141e+38 1.70141e+38 1.70141e+38 1.70141e+38 1.70141e+38 1.70141e+38 1.70141e+38
1843.5 2384.42 2737.7 3150.93 3518.8 3890.97 4258.05 4594.1 4875.32 5077.36 5178.69 5191.8 5185.72 5208.53 5243.98 5272.25 5288.89 5296.52 5299.09 5299.45 5298.22 5293.58 5281.94 5259.56 5226.35 5193.73 5186.29 5192.92 5141.21 4987.85 4743.02 4431.5 4076.77 3704.1 3335.66 2930.69 2578.72 2131.18 1557.57 1059.94 676.663 397.057 206.394 91.3605 45.491 42.272 42.2813 42.3178 42.4237 42.5627 42.7242 42.9046 1.70141e+38 1.70141e+38 1.70141e+38 1.70141e+38 1.70141e+38 1.70141e+38 1.70141e+38
1558.63 2080.16 2484.07 2814.53 3193.76 3518.8 3828.01 4108.73 4340.38 4505.14 4600.81 4660.21 4726.46 4796.28 4848.05 4877.07 4889.34 4892.64 4892.67 4892.5 4892.82 4891.7 4884.79 4865.14 4825.11 4762.58 4691.46 4631.72 4560.51 4431.87 4231.97 3973.19 3675.82 3358.26 3020.92 2638.91 2304.84 1822.29 1310.12 885.883 560.472 324.296 165.358 73.5818 43.3226 42.1583 42.1877 42.2652 42.4191 42.5997 42.798 1.70141e+38 1.70141e+38 1.70141e+38 1.70141e+38 1.70141e+38 1.70141e+38 1.70141e+38 1.70141e+38
1267.78 1731.51 2178.94 2509.45 2814.53 3150.93 3424.67 3662.82 3859.73 4013.43 4140.83 4267.2 4385.63 4470.99 4518.57 4538.7 4543.91 4543.37 4541.97 4541.57 4542.61 4543.96 4542.49 4531.24 4499.02 4433.3 4329.22 4203.51 4078.56 3941.48 3766.86 3548.43 3292.27 2996.5 2654.04 2357.95 1966.33 1493.66 1061.11 711.421 444.242 251.955 125.431 58.2036 42.2192 42.0687 42.1313 42.2573 42.4593 42.6784 42.9088 1.70141e+38 1.70141e+38 1.70141e+38 1.70141e+38 1.70141e+38 1.70141e+38 1.70141e+38 1.70141e+38
988.975 1368.23 1789.13 2178.94 2484.07 2737.7 2982.58 3215.39 3417.92 3597.43 3774.37 3934.76 4045.45 4105.56 4132.38 4141.03 4141.67 4140.09 4138.87 4138.61 4139.36 4140.94 4141.89 4138.23 4122.07 4080.8 3997.21 3859.12 3685.91 3509.02 3320.76 3101.88 2860.5 2613.66 2341.68 1993.25 1577 1170.89 823.998 545.803 334.509 184.653 90.1429 47.6994 41.9476 42.0141 42.1189 42.2974 42.5447 42.7967 43.0518 1.70141e+38 1.70141e+38 1.70141e+38 1.70141e+38 1.70141e+38 1.70141e+38 1.70141e+38 1.70141e+38
736.588 1029.47 1368.23 1731.51 2080.16 2384.42 2644.58 2874.75 3086.03 3279.3 3441.35 3557.14 3627.43 3664.16 3679.91 3684.44 3684.31 3683.17 3682.51 3682.43 3682.75 3683.74 3684.66 3683.09 3673.97 3649.16 3597.33 3505.39 3365.42 3185.43 2982.39 2762.56 2519.18 2238.44 1910.21 1548.99 1193.96 876.667 609.817 396.892 236.968 126.644 63.1057 42.8792 41.9162 42.0102 42.1643 42.3951 1.70141e+38 1.70141e+38 1.70141e+38 1.70141e+38 1.70141e+38 1.70141e+38 1.70141e+38 1.70141e+38 1.70141e+38 1.70141e+38 1.70141e+38
1.70141e+38 736.588 988.975 1267.78 1558.63 1843.5 2107.2 2341.2 2540.45 2700.07 2817.37 2895.4 2941.87 2965.97 2976.16 2979.03 2978.98 2978.4 2978.15 2978.13 2978.22 2978.68 2979.17 2978.19 2972.34 2956.15 2922 2860.87 2763.97 2625.49 2445.48 2228.26 1978.68 1702.91 1412.81 1125.85 858.8 623.333 426.28 270.529 156.106 81.82 47.4121 41.8412 41.9203 42.0598 42.2657 42.5441 1.70141e+38 1.70141e+38 1.70141e+38 1.70141e+38 1.70141e+38 1.70141e+38 1.70141e+38 1.70141e+38 1.70141e+38 1.70141e+38 1.70141e+38
1.70141e+38 1.70141e+38 676.304 875.623 1085.3 1294.34 1491.51 1666.97 1813.62 1928.02 2010.54 2064.94 2097.05 2113.44 2120.21 2122.03 2122.02 2121.75 2121.68 2121.67 2121.69 2121.87 2122.12 2121.5 2117.7 2106.81 2083.37 2040.92 1973.1 1874.91 1744.2 1582.48 1395.08 1190.61 979.829 774.039 583.51 416.297 277.667 170.296 95.2812 53.7589 42.2476 41.853 41.9773 42.167 42.4233 42.7409 1.70141e+38 1.70141e+38 1.70141e+38 1.70141e+38 1.70141e+38 1.70141e+38 1.70141e+38 1.70141e+38 1.70141e+38 1.70141e+38 1.70141e+38
1.70141e+38 1.70141e+38 1.70141e+38 567.929 711.325 854.48 989.541 1109.53 1209.48 1287 1342.44 1378.47 1399.25 1409.43 1413.34 1414.22 1414.14 1414.02 1413.97 1413.96 1413.99 1414.07 1414.21 1414 1411.94 1405.38 1390.48 1362.64 1317.36 1251.09 1162.23 1051.79 923.494 783.437 639.149 498.613 369.147 256.702 165.463 98.2435 57.5545 43.0812 41.8101 41.9221 42.0935 42.3331 1.70141e+38 1.70141e+38 1.70141e+38 1.70141e+38 1.70141e+38 1.70141e+38 1.70141e+38 1.70141e+38 1.70141e+38 1.70141e+38 1.70141e+38 1.70141e+38 1.70141e+38
1.70141e+38 1.70141e+38 1.70141e+38 1.70141e+38 1.70141e+38 1.70141e+38 1.70141e+38 1.70141e+38 1.70141e+38 1.70141e+38 1.70141e+38 1.70141e+38 1.70141e+38 1.70141e+38 1.70141e+38 1.70141e+38 1.70141e+38 1.70141e+38 1.70141e+38 1.70141e+38 1.70141e+38 1.70141e+38 1.70141e+38 1.70141e+38 1.70141e+38 1.70141e+38 1.70141e+38 1.70141e+38 1.70141e+38 1.70141e+38 1.70141e+38 1.70141e+38 1.70141e+38 1.70141e+38 1.70141e+38 1.70141e+38 1.70141e+38 1.70141e+38 1.70141e+38 1.70141e+38 1.70141e+38 1.70141e+38 1.70141e+38 1.70141e+38 1.70141e+38 1.70141e+38 1.70141e+38 1.70141e+38 1.70141e+38 1.70141e+38 1.70141e+38 1.70141e+38 1.70141e+38 1.70141e+38 1.70141e+38 1.70141e+38 1.70141e+38 1.70141e+38 1.70141e+38
1.70141e+38 1.70141e+38 1.70141e+38 1.70141e+38 1.70141e+38 1.70141e+38 1.70141e+38 1.70141e+38 1.70141e+38 1.70141e+38 1.70141e+38 1.70141e+38 1.70141e+38 1.70141e+38 1.70141e+38 1.70141e+38 1.70141e+38 1.70141e+38 1.70141e+38 1.70141e+38 1.70141e+38 1.70141e+38 1.70141e+38 1.70141e+38 1.70141e+38 1.70141e+38 1.70141e+38 1.70141e+38 1.70141e+38 1.70141e+38 1.70141e+38 1.70141e+38 1.70141e+38 1.70141e+38 1.70141e+38 1.70141e+38 1.70141e+38 1.70141e+38 1.70141e+38 1.70141e+38 1.70141e+38 1.70141e+38 1.70141e+38 1.70141e+38 1.70141e+38 1.70141e+38 1.70141e+38 1.70141e+38 1.70141e+38 1.70141e+38 1.70141e+38 1.70141e+38 1.70141e+38 1.70141e+38 1.70141e+38 1.70141e+38 1.70141e+38 1.70141e+38 1.70141e+38
1.70141e+38 1.70141e+38 1.70141e+38 1.70141e+38 1.70141e+38 1.70141e+38 1.70141e+38 1.70141e+38 1.70141e+38 1.70141e+38 1.70141e+38 1.70141e+38 1.70141e+38 1.70141e+38 1.70141e+38 1.70141e+38 1.70141e+38 1.70141e+38 1.70141e+38 1.70141e+38 1.70141e+38 1.70141e+38 1.70141e+38 1.70141e+38 1.70141e+38 1.70141e+38 1.70141e+38 1.70141e+38 1.70141e+38 1.70141e+38 1.70141e+38 1.70141e+38 1.70141e+38 1.70141e+38 1.70141e+38 1.70141e+38 1.70141e+38 1.70141e+38 1.70141e+38 1.70141e+38 1.70141e+38 1.70141e+38 1.70141e+38 1.70141e+38 1.70141e+38 1.70141e+38 1.70141e+38 1.70141e+38 1.70141e+38 1.70141e+38 1.70141e+38 1.70141e+38 1.70141e+38 1.70141e+38 1.70141e+38 1.70141e+38 1.70141e+38 1.70141e+38 1.70141e+38
1.70141e+38 1.70141e+38 1.70141e+38 1.70141e+38 1.70141e+38 1.70141e+38 1.70141e+38 1.70141e+38 1.70141e+38 1.70141e+38 1.70141e+38 1.70141e+38 1.70141e+38 1.70141e+38 1.70141e+38 1.70141e+38 1.70141e+38 1.70141e+38 1.70141e+38 1.70141e+38 1.70141e+38 1.70141e+38 1.70141e+38 1.70141e+38 1.70141e+38 1.70141e+38 1.70141e+38 1.70141e+38 1.70141e+38 1.70141e+38 1.70141e+38 1.70141e+38 1.70141e+38 1.70141e+38 1.70141e+38 1.70141e+38 1.70141e+38 1.70141e+38 1.70141e+38 1.70141e+38 1.70141e+38 1.70141e+38 1.70141e+38 1.70141e+38 1.70141e+38 1.70141e+38 1.70141e+38 1.70141e+38 1.70141e+38 1.70141e+38 1.70141e+38 1.70141e+38 1.70141e+38 1.70141e+38 1.70141e+38 1.70141e+38 1.70141e+38 1.70141e+38 1.70141e+38
1.70141e+38 1.70141e+38 1.70141e+38 1.70141e+38 1.70141e+38 1.70141e+38 1.70141e+38 1.70141e+38 1.70141e+38 1.70141e+38 1.70141e+38 1.70141e+38 1.70141e+38 1.70141e+38 1.70141e+38 1.70141e+38 1.70141e+38 1.70141e+38 1.70141e+38 1.70141e+38 1.70141e+38 1.70141e+38 1.70141e+38 1.70141e+38 1.70141e+38 1.70141e+38 1.70141e+38 1.70141e+38 1.70141e+38 1.70141e+38 1.70141e+38 1.70141e+38 1.70141e+38 1.70141e+38 1.70141e+38 1.70141e+38 1.70141e+38 1.70141e+38 1.70141e+38 1.70141e+38 1.70141e+38 1.70141e+38 1.70141e+38 1.70141e+38 1.70141e+38 1.70141e+38 1.70141e+38 1.70141e+38 1.70141e+38 1.70141e+38 1.70141e+38 1.70141e+38 1.70141e+38 1.70141e+38 1.70141e+38 1.70141e+38 1.70141e+38 1.70141e+38 1.70141e+38
1.70141e+38 1.70141e+38 1.70141e+38 1.70141e+38 1.70141e+38 1.70141e+38 1.70141e+38 1.70141e+38 1.70141e+38 1.70141e+38 1.70141e+38 1.70141e+38 1.70141e+38 1.70141e+38 1.70141e+38 1.70141e+38 1.70141e+38 1.70141e+38 1.70141e+38 1.70141e+38 1.70141e+38 1.70141e+38 1.70141e+38 1.70141e+38 1.70141e+38 1.70141e+38 1.70141e+38 1.70141e+38 1.70141e+38 1.70141e+38 1.70141e+38 1.70141e+38 1.70141e+38 1.70141e+38 1.70141e+38 1.70141e+38 1.70141e+38 1.70141e+38 1.70141e+38 1.70141e+38 1.70141e+38 1.70141e+38 1.70141e+38 1.70141e+38 1.70141e+38 1.70141e+38 1.70141e+38 1.70141e+38 1.70141e+38 1.70141e+38 1.70141e+38 1.70141e+38 1.70141e+38 1.70141e+38 1.70141e+38 1.70141e+38 1.70141e+38 1.70141e+38 1.70141e+38
