Code/Output_20260208_185941/2.9_30_1000_moho_undulation.grd
DSAA
181 201
-5400000.0 5400000.0
-6000000.0 6000000.0
-112227.448380695 -0.0
[rows 140 to 167 of 201, columns 0 to 63 of 181]
-0 -1855.18 -7360.17 -16020.3 -26824.2 -38315 -48639.2 -56222.8 -60354.9 -61056.3 -60258.2 -59499.4 -58336.8 -56779.3 -55205.6 -53992.6 -53198.9 -52753.4 -52671 -53033.1 -53872.6 -55080.4 -56439 -57789.7 -59064.1 -60189.2 -61084.3 -61674.1 -61943.5 -61972.6 -61871.5 -61588.6 -61081.1 -60237.9 -59070.5 -57714.4 -56516.7 -55699.5 -55219.5 -54940.6 -54917.1 -55063.8 -55555.2 -56485.3 -57557.4 -58403.6 -58939.3 -59345.7 -59807.7 -60352.6 -60813.6 -61203.5 -61805 -62826.7 -64297.7 -65911 -67283.4 -68258.2 -68904.5 -69370.3 -69703.6 -69875.5 -69992.3 -70315.6
-0 -1854.83 -7371.66 -16039.8 -26834.8 -38338.7 -48761.5 -56485.4 -60672.4 -61268.4 -60288.2 -59447.3 -58431.5 -57106.1 -55658.2 -54449.4 -53622.8 -53183.8 -53148.3 -53550.2 -54362.9 -55461.3 -56646.5 -57749.7 -58717.9 -59522.1 -60096.6 -60393.7 -60413 -60244 -59967.1 -59568.8 -59018.8 -58245.6 -57288.5 -56410.3 -55746.1 -55383.4 -55241.1 -55250.8 -55358.2 -55654.8 -56264.2 -57196.5 -58261.3 -59128 -59638.4 -59897.7 -60115.4 -60413.5 -60868.6 -61379 -61962.3 -62741.6 -63734.4 -64771 -65690.3 -66446.8 -67120.6 -67796.2 -68416.9 -68851.6 -69214.7 -69675.2
-0 -1848.27 -7351.19 -16004.7 -26800.1 -38320.6 -48799.2 -56603.9 -60812.5 -61333.1 -60277.3 -59454.1 -58596.3 -57535.2 -56332.5 -55274.3 -54530.7 -54155.8 -54161.9 -54539.8 -55204.9 -56015.5 -56827.4 -57538.2 -58147.5 -58650.4 -58979.5 -59035 -58798 -58379.2 -57921.8 -57465.2 -57091.8 -56711.3 -56216.1 -55909.6 -55775.8 -55744.2 -55805.1 -55919.7 -56086.4 -56382 -56911.8 -57692.2 -58596.4 -59365.1 -59783 -59894.3 -59948.4 -60191.3 -60719.2 -61452.3 -62192.5 -62879.6 -63543.3 -64152.9 -64785.3 -65448.7 -66149.8 -66925.8 -67687.1 -68311 -68805.9 -69338.6
-0 -1835.37 -7298.46 -15931.8 -26722 -38238 -48729.7 -56611.7 -60933.6 -61518.2 -60458.1 -59640.9 -58871.8 -58016.3 -57104.8 -56306.6 -55739.5 -55452 -55454.6 -55722.3 -56146.9 -56576 -56913.3 -57169.5 -57426.6 -57699.3 -57877.9 -57810.7 -57440.3 -56874.9 -56326.4 -55938.8 -55757.4 -55810.3 -55969.4 -56152.6 -56376.7 -56524.5 -56613.4 -56699.7 -56837.1 -57074.9 -57476.8 -58041.9 -58683.1 -59244 -59533.9 -59567.6 -59576.5 -59831.1 -60455.7 -61339.6 -62237.9 -62971.6 -63540.5 -64035.6 -64530.8 -65066.4 -65689.5 -66413.1 -67158.6 -67823.7 -68369.2 -68888.1
-0 -1812.15 -7218.38 -15789.6 -26520.7 -37968.7 -48443.5 -56455.1 -61054.6 -61894.4 -60934 -60092.5 -59300.4 -58520.5 -57810.8 -57251.6 -56871.8 -56667.3 -56637.3 -56758 -56937.4 -57042.3 -56990.4 -56877.6 -56858.1 -56972.4 -57084.3 -56990.1 -56597.4 -56015.6 -55498.1 -55239.9 -55308.4 -55647 -56151.9 -56672 -57076.9 -57280.1 -57348.2 -57404.1 -57535.4 -57759.7 -58057.7 -58405.9 -58772.9 -59072.2 -59202.3 -59191.1 -59214.8 -59491.5 -60124.4 -61020.5 -61946.6 -62722.9 -63345.7 -63897.2 -64414.3 -64912.5 -65413.7 -65966.4 -66575.3 -67180.8 -67727.1 -68227.9
-0 -1788.39 -7112.07 -15555.9 -26119.3 -37410.6 -47847.8 -56035.6 -61020.3 -62256.1 -61512.1 -60690 -59823.2 -59002.4 -58342.2 -57886 -57608.5 -57456.1 -57406.8 -57435.1 -57459.8 -57368.2 -57129.2 -56845.8 -56695.8 -56728.7 -56802.6 -56705 -56337.6 -55804.5 -55357.9 -55195.2 -55379.6 -55787 -56367.7 -56965.9 -57429.7 -57678.6 -57790.3 -57896 -58078.7 -58324.3 -58565.4 -58752.1 -58884 -58966.8 -58973.9 -58943.5 -59008.4 -59295 -59852.6 -60620.1 -61442.1 -62190.4 -62881 -63561.3 -64193.5 -64731.8 -65164.6 -65578.6 -66054.2 -66589.2 -67128.5 -67632.9
-0 -1766.44 -7006.8 -15291.5 -25630.7 -36733 -47148 -55539 -60841.5 -62401.2 -61863.5 -61127 -60270.9 -59437.8 -58785.6 -58347.6 -58082.7 -57938.7 -57879.6 -57859.9 -57792 -57583.3 -57238.2 -56900.7 -56732.7 -56758.7 -56826.9 -56733 -56395.3 -55920.9 -55547.2 -55434.6 -55608.7 -55971.5 -56484.9 -57036.2 -57499.3 -57809.6 -58013.8 -58205.6 -58433.2 -58664.9 -58834.2 -58887 -58858.9 -58813.5 -58790.4 -58804.8 -58929.5 -59230.7 -59714 -60326.8 -61007 -61695.4 -62411.1 -63132.8 -63842.5 -64450.6 -64910 -65281.8 -65684.6 -66172.5 -66692.5 -67183.5
-0 -1751.87 -6931.16 -15045.4 -25175.3 -36127 -46538.7 -55074.5 -60594.5 -62337.5 -61939 -61340.6 -60610.6 -59856.7 -59201.2 -58725.7 -58428.4 -58274.8 -58216.8 -58174 -58034.6 -57728 -57317.4 -56967.8 -56822.6 -56877.7 -56970.2 -56903.5 -56615.8 -56210.3 -55900.7 -55811.2 -55946.8 -56248.1 -56637.2 -57069.4 -57488 -57844.7 -58135.3 -58393.2 -58616.1 -58785.8 -58873.5 -58832 -58736.4 -58674.1 -58689.2 -58801.4 -58981.9 -59267.4 -59667.5 -60168.8 -60729.4 -61332.9 -61995.6 -62716.8 -63435.4 -64062 -64555.3 -64957.6 -65361.3 -65817.1 -66299 -66759.5
-0 -1745.99 -6868.38 -14862.7 -24863 -35752.8 -46183 -54756.2 -60295 -62083 -61813.7 -61407 -60890.3 -60285.5 -59638.8 -59088.5 -58722.6 -58555.6 -58515.1 -58463.6 -58258.8 -57846.9 -57354.5 -56985.3 -56871.3 -56974.7 -57113.3 -57098 -56881 -56561.2 -56324.5 -56266.4 -56376.1 -56595.4 -56883.4 -57229 -57579.4 -57919.9 -58222.8 -58478.3 -58672 -58775 -58770.3 -58691.3 -58623.7 -58639.9 -58760 -58928.5 -59137 -59380.7 -59719.1 -60137.3 -60615.7 -61141.4 -61706.7 -62316.4 -62946.6 -63541.7 -64058.8 -64512.9 -64948.2 -65401.1 -65856.2 -66273.2
-0 -1746.68 -6846.9 -14792.5 -24775.1 -35704.5 -46179.3 -54712.4 -60124.3 -61825.3 -61628 -61442.1 -61170.6 -60697.7 -60042.1 -59388.6 -58928.4 -58746.5 -58751.1 -58730.9 -58495 -58004.1 -57423.7 -57003.4 -56879.6 -57002.3 -57183 -57236.5 -57105.2 -56876.8 -56724 -56727.1 -56875.1 -57108.5 -57374.7 -57647.6 -57900.6 -58133 -58332.4 -58494.1 -58604 -58656.6 -58643.2 -58619.2 -58658.1 -58804.6 -59027.1 -59234.6 -59393 -59537 -59764.3 -60117.5 -60572.7 -61061 -61531.2 -61972.6 -62428.3 -62918.4 -63407.9 -63883.7 -64350.9 -64819.2 -65279.4 -65709.8
-0 -1750.5 -6851.6 -14797.8 -24816.8 -35818.6 -46331.5 -54811.2 -60107.8 -61731.5 -61578 -61528.1 -61385.5 -60940.9 -60196.6 -59413.9 -58860.5 -58676.1 -58759.2 -58842.4 -58682.4 -58215.1 -57625.4 -57177.9 -57008.1 -57080.5 -57230.5 -57301.9 -57235.9 -57089.6 -56999.5 -57053.7 -57267.3 -57581.8 -57913.6 -58183 -58348.4 -58416.4 -58442.4 -58446.4 -58445 -58477.3 -58512.3 -58601.9 -58790 -59066.6 -59357.5 -59555.2 -59604.5 -59602.5 -59694.8 -59976.5 -60427.4 -60924.1 -61368.4 -61698 -62008.2 -62379.1 -62785.5 -63225.9 -63703.2 -64213 -64742 -65255.6
-0 -1755.01 -6862.51 -14820 -24864.1 -35883.9 -46378.1 -54791.8 -60038 -61685.2 -61605.1 -61621.7 -61476.6 -60942.4 -60061.3 -59157.2 -58562.9 -58415.5 -58591.8 -58798.1 -58770.3 -58421.3 -57899.7 -57460.2 -57242.2 -57232.5 -57305.2 -57353.9 -57325.3 -57237.1 -57185.4 -57262.7 -57516.5 -57901.5 -58310.9 -58615.6 -58747.8 -58662.6 -58508.9 -58355.3 -58268.6 -58268.3 -58359.9 -58553.4 -58856.7 -59226.3 -59550.1 -59711.3 -59650.5 -59528.4 -59524.4 -59754.7 -60202.3 -60720.7 -61166.6 -61495.1 -61755.7 -61998.9 -62309.1 -62700.7 -63178.4 -63748.9 -64385.8 -65006.8
-0 -1759.63 -6875.66 -14842.3 -24880 -35849.2 -46270.5 -54641 -59920.8 -61655 -61633.1 -61624.3 -61373.5 -60693.8 -59694.9 -58741.6 -58168.1 -58087.6 -58348.4 -58654 -58759.8 -58575.2 -58189.9 -57800.1 -57527.9 -57406 -57394.8 -57421.7 -57429.7 -57386.7 -57339.8 -57384.1 -57602.9 -58004 -58487.9 -58885.1 -59048.8 -58910.2 -58606.9 -58312.1 -58141.1 -58126.9 -58252.5 -58499.5 -58852.9 -59255.9 -59584 -59720.7 -59638.4 -59461.9 -59387.3 -59555 -59980.9 -60514 -60987 -61322.4 -61558.5 -61771 -62021.9 -62349 -62807.7 -63411.9 -64132.4 -64864.3
-0 -1764.14 -6890.88 -14858.8 -24849.5 -35715.3 -46023.1 -54358.2 -59716.2 -61560.7 -61557.4 -61437.3 -61016.3 -60222.3 -59206.3 -58327.5 -57856 -57841.6 -58119.8 -58448.4 -58637.5 -58599.1 -58377.9 -58090.8 -57817.4 -57624.4 -57551.8 -57587.7 -57660.6 -57673.2 -57608.6 -57553.5 -57650.5 -57997.8 -58496.6 -58968.7 -59210.2 -59110.1 -58790 -58445.7 -58227.8 -58187.9 -58304.1 -58538.1 -58863.9 -59232.4 -59537.8 -59679.6 -59633.1 -59493.5 -59425.3 -59558.6 -59927.3 -60410.9 -60862.4 -61201.1 -61448.2 -61653.9 -61873.2 -62165.6 -62610 -63244.6 -64037.3 -64849.5
-0 -1768.99 -6912.83 -14897.2 -24863.5 -35642.2 -45857.2 -54174.9 -59585.4 -61477.3 -61405.1 -61128.4 -60550.7 -59700 -58779.9 -58072.5 -57747 -57781.2 -58000.4 -58240.2 -58412.5 -58477.4 -58410.4 -58245.4 -58034.6 -57857.5 -57804.8 -57913.8 -58103.7 -58203.6 -58120.1 -57938.7 -57853.8 -58075.1 -58470.4 -58940.9 -59262.4 -59262.3 -59020.8 -58733.2 -58558.5 -58536.4 -58644.4 -58842.5 -59102.5 -59401 -59665.6 -59818.3 -59845.2 -59800.4 -59793.8 -59904.5 -60168.5 -60519.5 -60866.7 -61132.9 -61349.3 -61546.7 -61761.2 -62049 -62492.6 -63144.9 -63966.1 -64807
-0 -1774.23 -6938.96 -14950.6 -24917 -35657.5 -45825.4 -54147.4 -59588.7 -61446.2 -61207.4 -60751.8 -60056.8 -59192.1 -58415.2 -57900.4 -57689 -57700.7 -57813.5 -57939.3 -58080.5 -58240.9 -58348.8 -58347 -58243 -58134.2 -58151.8 -58364.4 -58677.8 -58868.1 -58795.7 -58527.4 -58274.3 -58246 -58461 -58880.6 -59241.7 -59356.7 -59227.5 -59039.7 -58953.6 -58977.4 -59093.7 -59273.9 -59483.1 -59717.5 -59952.4 -60140.6 -60249.6 -60295.8 -60344 -60425.7 -60562.8 -60727.7 -60930.7 -61104.9 -61261.6 -61436.6 -61657.5 -61961.6 -62416.1 -63071.7 -63890.5 -64723.9
-0 -1779.79 -6965.55 -15013.5 -25007.1 -35751 -45920.7 -54254.6 -59684.4 -61447.2 -61081.3 -60430.8 -59584.7 -58717.9 -58053.2 -57666 -57497.8 -57433.6 -57407.3 -57440.1 -57594.6 -57877.3 -58187.8 -58395.7 -58466.5 -58488.3 -58613 -58920.1 -59321.3 -59576.5 -59503.2 -59141.1 -58699.6 -58449.3 -58512.6 -58821.4 -59152.9 -59320.2 -59313.9 -59250.9 -59249.2 -59348.3 -59518.5 -59711 -59904.3 -60110.3 -60337.7 -60566.7 -60756.3 -60897.5 -60983.6 -61032.1 -61059.2 -61067.5 -61071.6 -61090.7 -61172.7 -61336.9 -61581.1 -61914.9 -62382.9 -63017.1 -63783.9 -64569.7
-0 -1784.69 -6982.1 -15044.5 -25050.8 -35809.8 -46004 -54360.3 -59780.1 -61465.4 -60973.1 -60181.2 -59222.6 -58299.1 -57608.9 -57175.6 -56915.4 -56722.8 -56591.4 -56609.8 -56877.5 -57378.7 -57939.4 -58392.9 -58682.4 -58863.5 -59080.1 -59422.4 -59825.8 -60076 -59993.6 -59606.9 -59071.6 -58687.7 -58605 -58792 -59026.9 -59168.9 -59192.7 -59182.7 -59235.3 -59379.8 -59586.5 -59813.2 -60044.1 -60293.4 -60574 -60870 -61125.1 -61335.2 -61448.3 -61471 -61417.9 -61315.1 -61202.2 -61109.7 -61136.5 -61301.6 -61578 -61947.9 -62422.4 -63005.8 -63669.7 -64356.6
-0 -1786.49 -6986.35 -15036.8 -25020.4 -35763.2 -45959.9 -54323.3 -59726 -61369.7 -60820.1 -59968 -58950 -57953.6 -57161.1 -56577.4 -56140.3 -55802.4 -55602.5 -55668.3 -56104.5 -56859.4 -57710.4 -58433.9 -58920.7 -59224.8 -59493.3 -59817 -60157.1 -60351.8 -60241.9 -59841 -59325.3 -58919.1 -58753.5 -58802.2 -58943.8 -59050.8 -59081.8 -59089.2 -59143.8 -59275.4 -59463.8 -59688.8 -59949.9 -60257.6 -60613.5 -60990.7 -61352.7 -61603.7 -61736.5 -61738.9 -61622.3 -61434.9 -61244.8 -61125.8 -61136.9 -61301.6 -61605.8 -62010.5 -62485.4 -63015.4 -63575.4 -64111.7
-0 -1785.74 -6970.96 -14981.9 -24913.8 -35609.5 -45781 -54140.7 -59551.2 -61212.1 -60694.7 -59848.3 -58804.2 -57733.1 -56776 -55968.8 -55307.9 -54817.5 -54594.9 -54760.8 -55375 -56355.3 -57462.2 -58421.7 -59096.1 -59510.5 -59790.1 -60045.4 -60280.1 -60381.6 -60236 -59860.5 -59395.5 -59022.7 -58832.9 -58829.6 -58920.9 -58995.2 -59012.2 -59003 -59007.3 -59065.1 -59198 -59391.1 -59664.4 -60040.5 -60498.5 -60982.2 -61414.4 -61719.2 -61857 -61833.2 -61679.6 -61458.1 -61248.5 -61128.1 -61152.7 -61340.5 -61667.8 -62084.6 -62537.8 -62988.3 -63423 -63814.7
-0 -1785.4 -6947.83 -14909.8 -24770.8 -35389.5 -45498.8 -53822.8 -59243.2 -60976.6 -60610 -59866 -58875.5 -57781 -56702.6 -55717.9 -54873.9 -54249.1 -53991.9 -54213.5 -54932.2 -56029.6 -57241.3 -58304.7 -59084.1 -59579.7 -59875 -60062.6 -60169.2 -60154.6 -59957.4 -59603.7 -59220.2 -58965.1 -58837.5 -58864.8 -58983.6 -59095.3 -59155.4 -59170.5 -59124.3 -59075.7 -59105.6 -59180.8 -59383.8 -59764.5 -60280.4 -60847 -61355.6 -61701.5 -61832.2 -61781.1 -61602.5 -61376.4 -61184.2 -61094.1 -61147.6 -61350.3 -61679 -62083.5 -62504.3 -62893.7 -63260.5 -63561.6
-0 -1787.28 -6940.13 -14873.3 -24681.7 -35232.8 -45279.9 -53568.9 -59002.5 -60800.9 -60488.3 -59876.8 -59012.7 -57946.5 -56785.5 -55667 -54708.7 -54039.4 -53787.9 -54040.5 -54780.3 -55885.8 -57115.6 -58211.2 -59030.3 -59552.5 -59842.4 -59974.3 -59982.4 -59871.3 -59637.7 -59323.7 -59015.2 -58804 -58742 -58827.2 -59006 -59192.2 -59336.6 -59406.8 -59390.4 -59301.3 -59185.4 -59117.1 -59218.6 -59570.2 -60115.5 -60732.6 -61281 -61637 -61757.9 -61681.5 -61486.4 -61268.6 -61106.6 -61049.9 -61123.5 -61323 -61638.8 -62019.5 -62413.7 -62773.6 -63069.4 -63306
-0 -1791.53 -6942.6 -14869.3 -24658.6 -35172.1 -45162.5 -53393.4 -58812.5 -60658.8 -60453.5 -59975.6 -59216.4 -58219 -57080.8 -55953.1 -54986 -54325.8 -54087.8 -54320.8 -54990.1 -55983.8 -57091.3 -58094.7 -58874.8 -59392.4 -59673 -59765.6 -59712.9 -59543.2 -59283.8 -58995.5 -58748.2 -58604.2 -58593.6 -58721.7 -58959.1 -59241.2 -59510 -59691.8 -59727.2 -59606.5 -59387.3 -59193.7 -59179.5 -59449.1 -59953.5 -60568.2 -61127.8 -61487.2 -61599.8 -61512 -61317.5 -61123.5 -61001.3 -60977.6 -61064.3 -61252.1 -61531.1 -61877.3 -62249.9 -62599.7 -62893 -63125.3
-0 -1796.01 -6968.39 -14921.6 -24730.1 -35233.9 -45172 -53330.5 -58707.8 -60535.5 -60361 -59959.9 -59305.5 -58430 -57400.3 -56387.1 -55539.6 -54990.9 -54825.6 -55041.3 -55584.4 -56363.9 -57249.5 -58069.2 -58721.5 -59163.8 -59405.9 -59474.1 -59399.6 -59217.3 -58974.7 -58729 -58528.2 -58420.3 -58415.8 -58542.2 -58789.6 -59142.8 -59491.6 -59766.3 -59881.7 -59801.2 -59560.8 -59290.3 -59167.5 -59336.2 -59750.2 -60308 -60844.5 -61192.1 -61306.6 -61236.3 -61077.8 -60943.3 -60881 -60891.7 -60992.1 -61167 -61399.3 -61702.7 -62052.9 -62405.5 -62720.7 -62979
-0 -1802.66 -7002.28 -14988.7 -24821.3 -35318.2 -45215.2 -53294.4 -58581.7 -60381.1 -60228.9 -59886.7 -59311 -58559.1 -57686.8 -56851.2 -56189.6 -55792.1 -55696.5 -55888.8 -56308.9 -56864.6 -57491.3 -58086 -58576.4 -58928.1 -59123.6 -59166.8 -59084.6 -58918.1 -58718.1 -58548.2 -58404.1 -58311 -58306.1 -58407.1 -58624 -58977.4 -59389.2 -59743 -59925.1 -59874.9 -59628.7 -59319.1 -59124.1 -59201.2 -59545.8 -60039 -60517.1 -60843.3 -60965 -60925.1 -60820.9 -60743.8 -60740.9 -60814.9 -60931.2 -61081.3 -61278.8 -61538.8 -61861.9 -62220 -62560.2 -62845.1
-0 -1814.1 -7041.67 -15059.4 -24904 -35380.8 -45225.3 -53219.9 -58418.1 -60154 -59978.1 -59655.1 -59145.3 -58508.9 -57801.3 -57168.8 -56745.7 -56567.1 -56612 -56828.5 -57147.2 -57524.2 -57930.7 -58304.8 -58588.3 -58787.4 -58888.4 -58887.5 -58808.9 -58686.1 -58561 -58498.7 -58444.9 -58395.9 -58385.5 -58426.3 -58555.9 -58823.8 -59172.6 -59498.9 -59694.5 -59686.6 -59489 -59211.5 -59015.1 -59054.9 -59338.6 -59758.3 -60173.4 -60471.7 -60606.1 -60612.7 -60573 -60569.8 -60637.5 -60770.2 -60909.9 -61045.1 -61203.6 -61416.7 -61702.3 -62041.8 -62383.3 -62680
-0 -1824.03 -7073.77 -15111.5 -24949.6 -35382.5 -45151.7 -53078.2 -58205.1 -59891.3 -59691.3 -59370.7 -58926.9 -58403.5 -57874.7 -57468.7 -57254.5 -57246.1 -57403.5 -57657.7 -57922.5 -58155.7 -58361.3 -58532.9 -58668.3 -58753.1 -58771.7 -58718.1 -58629.6 -58550.2 -58512.7 -58525.4 -58564.8 -58598 -58610.8 -58616.3 -58655.8 -58810.1 -59055 -59311.4 -59477 -59477.5 -59320.4 -59100.8 -58947.2 -58980.1 -59221.6 -59593 -59957.1 -60232.9 -60373.9 -60411.7 -60423 -60487.8 -60612.1 -60762.5 -60912.6 -61044 -61166.5 -61321.2 -61556.4 -61859 -62190.4 -62489.1
-0 -1831.87 -7095.57 -15131.5 -24941.8 -35316.6 -45005.8 -52848.2 -57909.6 -59562.8 -59362.9 -59067 -58675.6 -58244.7 -57848.8 -57630.6 -57616.6 -57783.7 -58060.3 -58354.1 -58592.3 -58749.7 -58841 -58871.1 -58868.7 -58835.2 -58763.5 -58661.6 -58561.2 -58507.5 -58538.4 -58653.3 -58800.4 -58917 -58963.3 -58943.1 -58905.2 -58941.2 -59041.2 -59171.4 -59266.7 -59266.9 -59165.8 -59022.9 -58938.3 -59011.6 -59251 -59588.3 -59915.7 -60159.9 -60290.2 -60338.9 -60373.9 -60465 -60613.9 -60782.7 -60932 -61037.4 -61120.3 -61227.6 -61412.7 -61673.4 -61976.3 -62263.2
