Code/Output_20260208_185941/2.9_30_1000_moho_undulation.grd
DSAA
181 201
-5400000.0 5400000.0
-6000000.0 6000000.0
-112227.448380695 -0.0
[rows 168 to 195 of 201, columns 64 to 127 of 181]
-62227.1 -62396 -62513.6 -62615.7 -62747.4 -62923 -63104.6 -63269.3 -63364.5 -63373.4 -63337.3 -63321.8 -63398.9 -63605.1 -63942.4 -64320.6 -64671.6 -64948.8 -65150 -65314.3 -65469.1 -65643.9 -65822 -65920.1 -65900.4 -65760 -65506.5 -65226.8 -65031.6 -64979.8 -65058.1 -65187.2 -65256.2 -65173.4 -64911.1 -64518.5 -64098.6 -63752.2 -63523.6 -63388.5 -63263.9 -63042.9 -62643 -62062.6 -61383.8 -60721.4 -60204.2 -59934.5 -59950.1 -60190.8 -60569.2 -60984.5 -61355.9 -61633.7 -61791.9 -61803.7 -61617.5 -61200.1 -60555.2 -59677.9 -58617 -57436.8 -56207.8 -54992.3
-61972.2 -62183.8 -62338.6 -62461.2 -62589 -62737.2 -62894.3 -63020.7 -63086.4 -63082.3 -63029.6 -62984.4 -63014.6 -63159.4 -63412.3 -63737.5 -64086.4 -64408.6 -64684.7 -64924.4 -65142.3 -65340.2 -65493.7 -65557.6 -65495.3 -65306.6 -65034.5 -64767.3 -64599.5 -64575.8 -64671.3 -64804 -64868.2 -64777.6 -64505.5 -64100.8 -63668.2 -63309.3 -63069.1 -62922.4 -62782.1 -62536.5 -62098.2 -61455.5 -60695.9 -59963.1 -59407.5 -59143.5 -59218.6 -59600.9 -60196.4 -60883.3 -61541 -62065.1 -62397.1 -62481.1 -62276 -61762.2 -60938 -59826.9 -58526 -57130.3 -55734.5 -54413.6
-61660.9 -61930.5 -62142.3 -62300.9 -62434.6 -62554.6 -62678.3 -62750.1 -62776 -62764.5 -62718.6 -62682.9 -62712.1 -62836.6 -63033.1 -63297.8 -63616.3 -63928.2 -64215.9 -64492.1 -64754.8 -64982.6 -65149.8 -65217.8 -65148.5 -64950.5 -64676.1 -64411 -64242.9 -64215.2 -64300.2 -64422.1 -64486.3 -64403.8 -64143 -63740.6 -63285.7 -62868.2 -62535.6 -62281 -62034.1 -61692.3 -61176.5 -60479 -59691.8 -58952.5 -58399.8 -58143.3 -58236.1 -58654.3 -59320 -60112.6 -60871.2 -61483.2 -61921.4 -62090.6 -61925.1 -61396.4 -60503.4 -59297.7 -57895.3 -56407.6 -54943.8 -53584.8
-61365.5 -61659.3 -61912.3 -62111.7 -62257.2 -62360 -62428.3 -62461.1 -62458.9 -62432.1 -62394.8 -62381.6 -62422.6 -62533.1 -62713.8 -62948.9 -63216.3 -63498.9 -63787 -64080.2 -64369.6 -64627.4 -64813.9 -64887.6 -64823.8 -64632.8 -64366.5 -64108.3 -63939.7 -63900 -63968.2 -64073.6 -64123.9 -64040.7 -63788 -63389.3 -62920 -62461 -62050.9 -61678.1 -61290.5 -60817.6 -60204.4 -59456.1 -58655.6 -57923.7 -57391.7 -57159.7 -57271.8 -57708.4 -58399.2 -59233.6 -60071.2 -60795.8 -61311.2 -61526.4 -61380.1 -60847.9 -59928 -58675.2 -57216.8 -55672.5 -54157 -52759.5
-61058.6 -61354.4 -61623.3 -61837.1 -61982.2 -62066.2 -62101 -62094.1 -62064.6 -62043.8 -62043.5 -62085.7 -62185 -62341.4 -62545.3 -62774.3 -63010.3 -63248.9 -63495.2 -63759.9 -64036.6 -64296.1 -64498.7 -64604.1 -64584.7 -64442.8 -64217.8 -63981.2 -63810.5 -63745.4 -63767.7 -63818.8 -63824.3 -63715.8 -63453.5 -63044.7 -62545.8 -62022.7 -61497.2 -60961.7 -60402.7 -59784.3 -59086.6 -58323.1 -57556.2 -56891 -56438.1 -56267.8 -56397 -56806.3 -57441.2 -58214 -58995 -59682.6 -60197.3 -60432 -60316.8 -59830.3 -58955.4 -57741.5 -56315.8 -54801 -53315.6 -51950.3
-60781 -61074.3 -61350.1 -61571.3 -61712.7 -61774.7 -61775.3 -61741.8 -61702.9 -61687.6 -61721.1 -61819.6 -61978.2 -62183 -62405.6 -62624.1 -62833.5 -63038.3 -63253.4 -63487 -63743.6 -64005.4 -64228.7 -64368.6 -64392 -64294.9 -64108.5 -63892.5 -63715.3 -63605.9 -63563.2 -63557.7 -63520.1 -63384.7 -63105.5 -62676.2 -62131.1 -61517.7 -60859.1 -60178.4 -59493.2 -58777.5 -58027.4 -57269.8 -56565.8 -55992.8 -55631 -55518.8 -55651.4 -56027.8 -56595.6 -57286.2 -58001.6 -58648.9 -59137.3 -59381.7 -59309 -58877.5 -58078.5 -56938.1 -55570.8 -54105.2 -52655.8 -51319.1
-60598 -60857.4 -61115.9 -61331.8 -61474.3 -61536.7 -61533.4 -61494.5 -61452 -61442.6 -61497.6 -61629.2 -61827.6 -62078 -62337.3 -62571.6 -62776.7 -62961 -63145 -63343.2 -63565.4 -63804.7 -64030 -64199.7 -64271.7 -64229.7 -64094 -63909.3 -63733.6 -63579.6 -63454.4 -63359.6 -63242.3 -63047.7 -62727.2 -62265.3 -61683.7 -61016.7 -60256 -59446.6 -58668.9 -57893.2 -57129 -56411.1 -55792.7 -55333.3 -55104.1 -55092.9 -55237.5 -55572.9 -56056.2 -56639.4 -57248.3 -57806 -58238.8 -58481.3 -58460.5 -58118 -57423.8 -56405.1 -55162.6 -53805 -52435 -51149
-60491 -60705.9 -60934.4 -61141.3 -61288.5 -61360.1 -61369.3 -61331.2 -61288.9 -61285.2 -61350.3 -61500.3 -61727.4 -62000.1 -62278 -62530.8 -62746.4 -62924.9 -63083.8 -63250.1 -63442.6 -63659.2 -63875.7 -64054.1 -64158.6 -64169.3 -64086.7 -63931.3 -63739.9 -63548 -63379.8 -63214.1 -62997 -62712.8 -62337.8 -61835.3 -61209.2 -60483.1 -59680 -58829.8 -57970.3 -57134.3 -56363.5 -55714.3 -55222.1 -54881.7 -54720.6 -54756.5 -54942.9 -55244.8 -55635.5 -56084.3 -56575.5 -57053.5 -57459.3 -57718.3 -57751.8 -57493.9 -56904.8 -56001.1 -54873.4 -53623 -52359 -51173.3
-60482.4 -60655.2 -60858.6 -61064.5 -61231.2 -61334.3 -61384.4 -61374.5 -61344.9 -61338.7 -61388.4 -61518.6 -61727.3 -61989.6 -62268 -62532.5 -62768.9 -62963.7 -63127.7 -63288.1 -63462.2 -63654.3 -63853.5 -64028.7 -64144.6 -64177.1 -64116.4 -63970.5 -63761.1 -63515.1 -63280 -63031.4 -62706.2 -62336.5 -61913.2 -61381.6 -60739.2 -60003.8 -59187.6 -58321.6 -57460.3 -56641.3 -55913.5 -55342 -54959.8 -54724.6 -54646.7 -54758.8 -54966.5 -55230.2 -55546.8 -55893.8 -56269 -56655.2 -57013.4 -57277.9 -57363.3 -57195.7 -56727.9 -55961.4 -54972.7 -53862.8 -52736.7 -51661.4
-60459 -60603.5 -60790.2 -60996.5 -61190.5 -61336.1 -61410.2 -61433.9 -61425.3 -61417.6 -61453.7 -61558.7 -61743.7 -61991 -62270.7 -62550.4 -62797.9 -63007.2 -63189.3 -63353.9 -63516.4 -63688.8 -63865.4 -64028.9 -64145.8 -64189.3 -64146.4 -64004.7 -63776.9 -63496.3 -63175.6 -62810.8 -62416 -61991.9 -61511.4 -60952.1 -60304.4 -59570.2 -58753.1 -57890 -57040.4 -56247.6 -55573.8 -55081.3 -54774.5 -54651.5 -54681.7 -54821.8 -55026.8 -55253.8 -55488.7 -55744.8 -56024.7 -56325.5 -56619.3 -56858 -56976.8 -56898.8 -56579.8 -55979.5 -55141.6 -54179.3 -53175.8 -52214.7
-60454.6 -60577.5 -60747.9 -60954.2 -61169.5 -61356.9 -61469 -61542.6 -61567.4 -61562.8 -61582.1 -61657.1 -61808.5 -62025.3 -62292.9 -62585.9 -62855.7 -63098 -63317.5 -63505.6 -63673.2 -63832.5 -63983.9 -64126.1 -64221.7 -64244.7 -64188.5 -64028.6 -63767.5 -63447.4 -63076.1 -62624 -62144.7 -61671.9 -61162.4 -60596.4 -59968.8 -59278 -58502.8 -57684.3 -56904.5 -56182.2 -55568.9 -55140.9 -54900.6 -54828.5 -54884.2 -55022.6 -55199.6 -55366.8 -55522.9 -55691 -55881 -56098.7 -56322.3 -56525.5 -56667.2 -56649.5 -56432.2 -55961.9 -55257.3 -54453.9 -53641.3 -52875.8
-60429 -60534.6 -60693.3 -60899.6 -61129 -61344.5 -61513.2 -61618.9 -61665.7 -61676.6 -61686.7 -61735.5 -61853.7 -62048.5 -62306.3 -62601.7 -62904.9 -63189.6 -63439.6 -63649.9 -63826.5 -63979.9 -64114.7 -64224.9 -64295.1 -64304 -64230 -64052.2 -63767.2 -63390.4 -62942.1 -62446.2 -61923.8 -61388.5 -60841 -60269.6 -59657.2 -58992.9 -58279.1 -57537.3 -56807.6 -56142 -55599.7 -55228 -55037 -55004.2 -55083.9 -55217.6 -55352.7 -55457.4 -55527.2 -55586.2 -55671.1 -55803.4 -55981.5 -56174 -56325.8 -56371.2 -56247.1 -55920.7 -55420.8 -54803 -54129.4 -53438.4
-60333.3 -60428.3 -60570.3 -60758.6 -60976.2 -61191.7 -61371.7 -61497.7 -61572.3 -61610.2 -61638.4 -61694.4 -61812.9 -62007.1 -62268.8 -62577.1 -62906.1 -63226.7 -63514.1 -63752.3 -63942.8 -64097.7 -64223.3 -64315.5 -64362.6 -64349 -64256 -64062.9 -63762.6 -63366.1 -62892.8 -62364.4 -61805.6 -61240.3 -60678.7 -60113.5 -59526.9 -58906.3 -58252.1 -57587.5 -56945.7 -56360.2 -55877 -55535.5 -55349.2 -55296.1 -55328.3 -55383.7 -55414.5 -55401.6 -55358 -55320.7 -55315.6 -55370.1 -55486.2 -55640.2 -55793.9 -55887.6 -55851.5 -55641.3 -55285.4 -54872.9 -54437.8 -53857.6
-60237.4 -60326.1 -60449.8 -60618.8 -60824.2 -61039.8 -61235.1 -61387 -61486.2 -61542.7 -61583.2 -61644.8 -61764.7 -61961.3 -62232.8 -62561.3 -62917 -63266.6 -63581.8 -63842.2 -64044.8 -64197.9 -64308.6 -64380.7 -64409.2 -64380.2 -64274.3 -64068.7 -63751.6 -63331.1 -62826.3 -62265.6 -61680 -61095.4 -60526 -59971.3 -59420.8 -58861.4 -58284.8 -57698.1 -57124.5 -56599 -56161 -55843.2 -55649.3 -55555.5 -55517.1 -55480.5 -55419.9 -55309.7 -55161 -55015.5 -54905.8 -54875.4 -54940.6 -55080.5 -55253.2 -55400.5 -55459.2 -55392.8 -55222.2 -54983.1 -54688.8 -54352.5
-60147.9 -60247.9 -60359.6 -60503.7 -60676.5 -60862 -61040.8 -61190.5 -61298.5 -61370.4 -61428.8 -61507.9 -61646 -61858.7 -62141.8 -62480.4 -62846.8 -63207.6 -63533.6 -63804.2 -64012.8 -64166.1 -64273.9 -64342.1 -64367.9 -64338.7 -64235.4 -64034.4 -63722.9 -63305.8 -62799.3 -62232.5 -61638.9 -61047.6 -60477.8 -59937.7 -59422.3 -58914.5 -58398.8 -57876.5 -57365.3 -56890.8 -56483.9 -56161.9 -55913.4 -55758.8 -55627.6 -55419.2 -55244 -55019.8 -54717.5 -54454.2 -54269.1 -54172.2 -54223.8 -54372.4 -54591.9 -54834.2 -55040.1 -55133.7 -55123.3 -55120.7 -54946.1 -54721.4
-60074.1 -60180.4 -60281.1 -60401.8 -60544.7 -60699.7 -60852.2 -60986 -61093.3 -61178.6 -61256.1 -61354.7 -61510.3 -61737.1 -62031.7 -62379.8 -62754.2 -63122.4 -63454.8 -63730.7 -63943.5 -64099.2 -64207.4 -64275 -64301.2 -64275.3 -64178.7 -63986.5 -63684.8 -63277 -62777.4 -62212.7 -61616.3 -61021.6 -60452.3 -59919.9 -59423.1 -58950.6 -58492.1 -58043 -57605.4 -57187.2 -56809.2 -56487.4 -56207.1 -55963.5 -55699.7 -55356.8 -55014.2 -54640.4 -54219.4 -53853.3 -53587.5 -53440 -53471.5 -53645.5 -53926.1 -54260 -54583.8 -54824.1 -54983.5 -55147.9 -55185.5 -55160.1
-60036 -60170.5 -60280.6 -60388.5 -60509.3 -60637.9 -60763.4 -60874.6 -60967.1 -61046.6 -61129 -61239.3 -61402.8 -61632.4 -61926.4 -62269.8 -62637.1 -62997.3 -63322 -63593.4 -63805 -63961 -64070.4 -64140 -64169.1 -64149.2 -64064.3 -63886.5 -63599.2 -63206.7 -62722 -62170.1 -61583.3 -60995.4 -60432.7 -59909.7 -59428.4 -58981.1 -58558.5 -58153.9 -57766.9 -57401.8 -57057.1 -56727.2 -56404.3 -56065.9 -55685.4 -55244.1 -54712.4 -54122.7 -53584.7 -53113.8 -52772.9 -52607.8 -52638.4 -52852 -53216.3 -53683.7 -54161.2 -54572.5 -54914.2 -55182.9 -55387.1 -55535.5
-60044.1 -60218.7 -60347.9 -60455.8 -60562.3 -60666.7 -60762.5 -60842.2 -60909.2 -60973.9 -61050.6 -61158.9 -61319.5 -61542.6 -61824.1 -62147.7 -62490.8 -62828.3 -63136.7 -63397.7 -63603.6 -63758.1 -63869.8 -63944.9 -63982.4 -63973.1 -63900.7 -63738.6 -63470.4 -63099.7 -62640 -62113.6 -61547.3 -60973.2 -60419.9 -59906.6 -59438.7 -59012.7 -58623.9 -58263.3 -57918.9 -57580.9 -57239.2 -56885.6 -56507.7 -56073.1 -55546.7 -54927.2 -54218.3 -53481.5 -52824.9 -52264.4 -51867.6 -51686.4 -51750.4 -52050.6 -52538.5 -53143 -53770.8 -54342.6 -54846.6 -55279.9 -55640 -55906.4
-60068.7 -60260.9 -60409.3 -60526.6 -60618.5 -60693.6 -60757.4 -60812.5 -60862.9 -60918.3 -60988.1 -61090.6 -61241.9 -61449.8 -61714.3 -62018.8 -62339.1 -62656.1 -62950.1 -63199.6 -63399.1 -63553.2 -63667.5 -63746 -63788 -63785.6 -63723 -63577.8 -63334.4 -62991.8 -62557.8 -62052.1 -61503.3 -60943.3 -60402.6 -59903.7 -59455.9 -59057.4 -58699.5 -58369.6 -58052.7 -57730.9 -57381.7 -56982.5 -56518.2 -55966.9 -55306.6 -54540.4 -53702.3 -52853.2 -52045.5 -51384.2 -50941 -50764.6 -50878 -51264.1 -51860.7 -52598.3 -53391.9 -54161.4 -54851.5 -55437.2 -55906.3 -56245.1
-60083.3 -60299.7 -60478.4 -60623.4 -60728 -60801.5 -60852.5 -60890.2 -60922.3 -60963.2 -61012.3 -61091.2 -61214.6 -61388 -61630.9 -61913.6 -62192.4 -62475.4 -62752 -62988.9 -63180.3 -63329.4 -63438.9 -63508.7 -63540.9 -63531.8 -63465.6 -63323.8 -63095.4 -62780.6 -62381.8 -61911.8 -61397.2 -60868.3 -60353.2 -59875.9 -59445.4 -59057.9 -58705.5 -58376.3 -58054.6 -57715.1 -57330.3 -56868.9 -56333.1 -55711.7 -54943.5 -54019.5 -53015.7 -52070.7 -51162.4 -50442 -49967.7 -49790.6 -49957.4 -50454.7 -51157.1 -52015.9 -52939.2 -53839.9 -54654.9 -55368.1 -55950.3 -56312.3
-60076.2 -60338.7 -60551.4 -60716.5 -60832 -60907.2 -60952 -60975.1 -60986.5 -61002.9 -61030.3 -61088.8 -61189.7 -61338.6 -61543 -61784.4 -62038.4 -62299.1 -62554.9 -62779.5 -62962.6 -63105 -63207.8 -63271.8 -63296.7 -63278.3 -63206.8 -63066.5 -62847.4 -62550.4 -62180.3 -61749.5 -61278.2 -60788.8 -60303.1 -59846.3 -59430.4 -59052.9 -58707.2 -58379.6 -58050.5 -57692.5 -57275 -56763.5 -56142.7 -55396.4 -54490.3 -53445.8 -52339 -51274.7 -50284.5 -49505.4 -49003.8 -48843.3 -49055.9 -49620.3 -50442.8 -51432.3 -52485.7 -53526.2 -54490.6 -55313.2 -55959.4 -56389.5
-60034.6 -60314.6 -60544.1 -60719 -60841.7 -60919.7 -60962.5 -60979.6 -60982.3 -60983.3 -60998.1 -61038.2 -61117 -61250.3 -61426.3 -61639.4 -61884.8 -62136.2 -62374 -62586.1 -62760.4 -62893 -62984.6 -63041.9 -63058.1 -63017.1 -62925.5 -62779.8 -62569.6 -62295 -61956.8 -61552.6 -61109.5 -60674.6 -60242.2 -59813.5 -59413 -59041.2 -58691.7 -58350.9 -57997 -57597.4 -57122.1 -56533.4 -55808.5 -54974.2 -53991.9 -52861.9 -51698.3 -50545.3 -49491.6 -48673.4 -48169.1 -48029.1 -48263.4 -48845.7 -49733.6 -50831.5 -52017.9 -53182.6 -54247.1 -55120.5 -55793.6 -56260.7
-59976 -60248.9 -60478.2 -60655.6 -60781.7 -60862.9 -60907.6 -60923.8 -60922.7 -60917.7 -60924.1 -60953.7 -61019.8 -61138.5 -61294.9 -61488.5 -61721.8 -61964.9 -62196.8 -62405.3 -62575.5 -62699.6 -62774.9 -62813.3 -62805.4 -62737.6 -62626.4 -62469.7 -62260.6 -62005.5 -61707 -61347.5 -60954.6 -60572.6 -60178.7 -59778.4 -59393.7 -59023.7 -58658.2 -58281.2 -57876.3 -57420.1 -56887.2 -56236 -55437.3 -54526.8 -53466.5 -52250.6 -51038.6 -49847.6 -48767.7 -47934.4 -47427.3 -47299.9 -47558.1 -48174.5 -49113.2 -50264.1 -51507.5 -52734.1 -53864.7 -54798 -55508.7 -55989
-58455.8 -58715 -58933.6 -59106.4 -59231.2 -59312.6 -59357.5 -59373.6 -59370.6 -59360.6 -59357.5 -59375.4 -59428.3 -59524.8 -59665 -59845.1 -60055.9 -60281.1 -60502.7 -60702.8 -60864.9 -60979.6 -61042.9 -61055 -61017.5 -60932.5 -60806.1 -60640.2 -60436.5 -60200.3 -59933.9 -59639 -59321.2 -58988.6 -58641.1 -58282.7 -57920.8 -57552.1 -57172.1 -56771.3 -56334 -55839.3 -55260.7 -54563.8 -53726.2 -52750.6 -51641.3 -50428.3 -49177.5 -47963.2 -46886.9 -46061.2 -45563.3 -45445 -45721.6 -46368 -47323.6 -48493.3 -49763.8 -51020.9 -52164.5 -53121.5 -53855.7 -54354.3
-54228.6 -54418.8 -54570.6 -54688.6 -54775 -54832.7 -54866.2 -54879.4 -54876.6 -54869.5 -54871.2 -54891.9 -54943.8 -55034.9 -55167 -55337.9 -55536.5 -55746.7 -55954.7 -56141.6 -56288.6 -56385.6 -56430.4 -56424.3 -56370.1 -56273.9 -56142 -55979.8 -55795.9 -55596.5 -55378.3 -55140.1 -54883.2 -54607.7 -54314.9 -54003.9 -53669.6 -53310.2 -52927.7 -52517 -52066.4 -51560.4 -50975.9 -50287.6 -49480.5 -48552.4 -47513.2 -46401.6 -45271.4 -44172.2 -43204.8 -42467.4 -42028 -41932 -42188.8 -42774.3 -43646 -44715.8 -45873.5 -47025.1 -48078.9 -48962.3 -49641.8 -50102.7
-47598.1 -47718.5 -47816.6 -47892.7 -47947.3 -47982.9 -48002.5 -48009.5 -48007.6 -48004.4 -48009.7 -48031.8 -48080.9 -48164.1 -48283.3 -48436.8 -48614.8 -48802.7 -48987.9 -49153.2 -49281.3 -49362 -49390.8 -49368.2 -49300.7 -49198.7 -49070 -48920.1 -48758.8 -48593.8 -48426 -48252.7 -48064.9 -47854.8 -47622.6 -47366.1 -47078.8 -46755.5 -46394.2 -45992 -45550.3 -45064 -44510.5 -43871 -43135.3 -42304.5 -41392 -40433.1 -39467.4 -38532.9 -37715.3 -37096.4 -36732.5 -36660.3 -36883.6 -37383.4 -38128.4 -39046.7 -40043.6 -41038.7 -41951.6 -42719 -43310.9 -43712
-39246.4 -39312.4 -39365.5 -39405.1 -39432.1 -39448.3 -39455.9 -39457.1 -39454.9 -39454.2 -39460.9 -39482.4 -39526.6 -39598.3 -39698.9 -39826.2 -39974.1 -40132.2 -40287.4 -40424.3 -40529 -40592.5 -40610.5 -40583.4 -40516.2 -40417.3 -40297.1 -40166.3 -40033.9 -39905 -39779.1 -39653.6 -39523.5 -39380 -39214.6 -39018.1 -38784.8 -38513.3 -38201.9 -37849.3 -37453.2 -37009.8 -36511.7 -35951.1 -35327.1 -34641.2 -33899.8 -33121.3 -32339.4 -31606.8 -30974.9 -30498.3 -30218.4 -30165.1 -30347.7 -30753.3 -31346.9 -32074.5 -32871.1 -33669.5 -34400.6 -35025 -35507.4 -35833.9
-30036.2 -30054.1 -30072.6 -30083.4 -30087.7 -30087.3 -30083.5 -30077.9 -30072.4 -30070.4 -30076 -30093.8 -30129.1 -30185.1 -30262.4 -30359.6 -30472.2 -30592.5 -30710.4 -30814.1 -30893.2 -30940.5 -30952.7 -30930.1 -30876.3 -30797.7 -30704.2 -30604.4 -30506.1 -30413.6 -30321.2 -30229 -30137.6 -30035.9 -29914.3 -29764.7 -29583.4 -29369.2 -29121.2 -28837.9 -28517.8 -28162.2 -27771.4 -27341.8 -26878.3 -26384.4 -25852.1 -25285.7 -24719.9 -24218 -23784.1 -23454.4 -23265.5 -23238.1 -23377.7 -23670.9 -24088.8 -24599.7 -25165.5 -25731.4 -26240.6 -26687.6 -27037.8 -27273.8
