Code/Output_20260208_185941/2.9_30_1000_moho_undulation.grd
DSAA
181 201
-5400000.0 5400000.0
-6000000.0 6000000.0
-112227.448380695 -0.0
[rows 112 to 139 of 201, columns 0 to 63 of 181]
-0 -1973.25 -7846.41 -16896.4 -27734.4 -38807.8 -48804.2 -56705 -61615.8 -63095.2 -62954 -62893.8 -62623.1 -62134 -61860.2 -61974.8 -62161.6 -62066.2 -61742.6 -61422.4 -61142 -60850.2 -60660.2 -60596.3 -60353.5 -59672.2 -58992.3 -59107.5 -60061 -60957.4 -61162.5 -60818.2 -60102.6 -58879.1 -57301.3 -55979.6 -55211.6 -54862.2 -54648 -54790.7 -55590.9 -56869.4 -58182.6 -58888 -58640.1 -58117.8 -58511.8 -60241.8 -62682.3 -64818.9 -66151.9 -66644.6 -66601.8 -66449.3 -66665.7 -67633.2 -69485 -72037.6 -74509.3 -76285.4 -77414.5 -78703.6 -80182.5 -80254.9
-0 -1943.79 -7705.9 -16686 -27674.3 -39032.9 -49122.3 -56870.1 -61602.3 -63069.8 -63031.6 -63039.4 -62762.7 -62232.8 -61907.2 -61920.5 -61961 -61760.2 -61471.2 -61291 -61141.5 -60916.9 -60760.5 -60636.5 -60169.1 -59283.3 -58670 -59052.5 -60203.3 -61100.8 -61233 -60902 -60329 -59167.8 -57345.2 -55393.9 -54015.6 -53544.7 -53745.2 -54456.4 -55624.1 -57013 -58268.8 -58746.8 -58197.7 -57606.6 -58318.4 -60473.3 -62961.8 -64656.7 -65439.4 -65707.3 -65865.5 -66104 -66584.7 -67702.6 -69657.9 -71308 -71406.8 -72262.5 -73847 -76019.1 -77454.5 -79110.9
-0 -1921.58 -7567.24 -16438.3 -27450.2 -38902.6 -48983.4 -56642 -61484.4 -63244.8 -63404.8 -63379.4 -62873.9 -62131 -61754.2 -61823.8 -61922 -61719.5 -61378.5 -61165.6 -61035.7 -60821.4 -60575.1 -60274.7 -59785 -59248 -59163.2 -59810.3 -60752 -61251.5 -61174.1 -60946 -60674.4 -59791.4 -58053.6 -55937.4 -54336.1 -53953.5 -54567.4 -55641.2 -56769.2 -57791 -58433.2 -58254.4 -57353.3 -56920.7 -58095.1 -60543.4 -62832.7 -64032.8 -64438.2 -64894.8 -65670.8 -66501.2 -67202.8 -68281.5 -68817 -68282.3 -68770.2 -69472.9 -70245.2 -71884.5 -74468 -77513.6
-0 -1922.29 -7517.45 -16331.8 -27263.3 -38568.3 -48478.5 -56123.5 -61236.3 -63352.4 -63696.5 -63631.8 -62968.4 -62066.2 -61614.4 -61706.9 -61879.9 -61716.8 -61325.2 -61040.9 -60911.4 -60696.4 -60293.2 -59832.9 -59584.2 -59765.4 -60385.5 -61127.3 -61524.1 -61410.4 -61114 -61025.8 -61015.9 -60569.8 -59351.1 -57621.6 -56147 -55711.9 -56156.6 -56882.2 -57453.1 -57734.9 -57586.4 -56877.1 -56052.5 -56250.5 -58075.6 -60651.1 -62607.7 -63463.7 -63867.5 -64662.2 -65915 -66987 -67631.2 -68585.3 -67540.7 -66573.6 -67482.6 -67490.1 -65855.6 -67431.2 -71564.5 -75791
-0 -1930.74 -7556.66 -16355.4 -27145.6 -38196.5 -47904.7 -55539.5 -60745.5 -62908.9 -63251.3 -63263.3 -62791.4 -62033.2 -61521.5 -61473.1 -61587.5 -61443.3 -61022 -60653.6 -60506.5 -60342.5 -59915.3 -59475 -59542.6 -60321.6 -61391.7 -62067.8 -62044.1 -61645.3 -61386.1 -61409.9 -61504.6 -61362.7 -60742.6 -59634.2 -58400.9 -57640.5 -57407.6 -57390 -57273.4 -56915.5 -56256.9 -55436.7 -55096 -56084.5 -58355 -60833.4 -62503.4 -63299.7 -63958.2 -65107.5 -66514.3 -67351.7 -67526.5 -68157.9 -66125.7 -65826.3 -66513.7 -65027.2 -63834.7 -66752.8 -69010.9 -74163.4
-0 -1948.19 -7618.05 -16371 -26993.1 -37862.3 -47534.7 -55196.7 -60274.3 -62119.9 -62213.5 -62325.7 -62265.4 -61885.5 -61383.4 -61148.9 -61165.4 -61058.3 -60631.9 -60134.9 -59877.1 -59760.4 -59477.7 -59193.4 -59425.4 -60332.9 -61384.3 -61923.7 -61893.7 -61783.2 -61881.8 -62026.2 -62070.2 -62037.7 -61829.4 -61210.3 -60178.6 -59108.9 -58339.7 -57847.2 -57392.5 -56758.9 -55921.6 -55223.6 -55364.3 -56816.9 -59077.2 -61209 -62667.8 -63663.6 -64786.5 -66334.6 -67738.3 -68029.6 -67353.7 -67275.5 -65266.8 -64673.6 -65469.3 -64076.6 -62611.8 -64428.2 -68448.5 -73267.8
-0 -1974.18 -7653.11 -16315.5 -26783.4 -37603.5 -47431.4 -55238.8 -60198.8 -61676.5 -61447.6 -61534.3 -61719.3 -61592.5 -61127.8 -60822.2 -60866.7 -60903.9 -60562.3 -59984.8 -59599.5 -59500.8 -59392.3 -59257.6 -59440.3 -60053.1 -60710.8 -61029.9 -61149.3 -61472.7 -61953.9 -62271.1 -62388.4 -62508.8 -62573.3 -62244.2 -61378.3 -60262.3 -59358.8 -58780.1 -58290.3 -57598.2 -56725.4 -56181.7 -56650 -58213.8 -60190.8 -61924.9 -63277.4 -64557.1 -66128.6 -68021.4 -69439.9 -69231.9 -67609.6 -66477.6 -64365.3 -63730.8 -65141.5 -65084.2 -65582.3 -67015.1 -69380.2 -72102.7
-0 -1990.97 -7664.9 -16244.4 -26607.3 -37430.4 -47395.9 -55358.4 -60318.4 -61677 -61300.6 -61272.4 -61395.6 -61228 -60775.4 -60549.5 -60757.5 -60996.6 -60804.9 -60278.1 -59905.2 -59873 -59906.5 -59851.1 -59878.4 -60088.9 -60255.5 -60266.5 -60331.1 -60715.8 -61265.7 -61734 -62135.3 -62594.9 -62952.8 -62862.6 -62206 -61196 -60265.3 -59581.3 -58968.3 -58211 -57366.7 -57048.3 -57804.4 -59417.2 -61156.3 -62672.8 -64046.7 -65537.4 -67308.4 -69290.2 -70733.3 -70304.5 -68016.7 -65871 -63638.1 -63037.7 -65332.2 -67333.8 -67855 -69179.9 -70977.1 -72002.4
-0 -2001.75 -7674.25 -16208.3 -26507.2 -37296.6 -47254.7 -55203.5 -60171.2 -61615.5 -61317.8 -61242 -61182.3 -60877.8 -60493 -60462.6 -60835.7 -61147.6 -60997.8 -60555.4 -60323.6 -60440.3 -60606.7 -60611 -60523.5 -60433.6 -60234.9 -59973.5 -59844.8 -59975.4 -60285 -60730.9 -61351.7 -62101.3 -62697.4 -62880.4 -62578.5 -61778.2 -60751.5 -59760.7 -58859.9 -58016.2 -57304.4 -57256.7 -58208.5 -59775.9 -61350.7 -62823.4 -64357.6 -66036.9 -67798.3 -69601.7 -70938.7 -70442.9 -67806.2 -64918.1 -64301.6 -62824.1 -64940.3 -67725.5 -68376.2 -69328.3 -71607.2 -73318.4
-0 -2008.13 -7675.73 -16176.8 -26419.9 -37150.8 -47012.9 -54820.2 -59736 -61296.7 -61200.1 -61168.7 -60973.6 -60615.6 -60422.6 -60646.2 -61077.6 -61224.8 -60896.5 -60452.5 -60390 -60710.4 -61019.5 -61101.7 -60975.5 -60689.7 -60285.8 -59898.4 -59675.6 -59594.8 -59608.3 -59824.2 -60346.6 -61017.5 -61675.5 -62168.7 -62370.9 -61950 -60927.4 -59680.3 -58582.9 -57730.5 -57197.2 -57262.3 -58101.5 -59369.6 -60700.9 -62165.8 -63964.6 -65867.1 -67544.6 -69009.7 -70018.8 -69381.5 -66601 -63194.7 -61706.4 -63090.4 -65036 -69369.2 -69273.3 -70388.1 -70743.5 -71904.8
-0 -2009.14 -7659.29 -16108.3 -26290.3 -36984.5 -46781.9 -54471.4 -59339.4 -61019.8 -61079.6 -61050.2 -60750.3 -60417.8 -60477.2 -60922.8 -61286.7 -61114.1 -60498 -60027.5 -60153.7 -60696.9 -61153.3 -61283.9 -61092.1 -60654.9 -60112.5 -59689.2 -59499 -59391.4 -59258.6 -59241 -59467.8 -59819.9 -60341.8 -61020.5 -61675.5 -61738.8 -60941.2 -59727.6 -58678.3 -57932.5 -57472.4 -57386.2 -57810.8 -58617.8 -59648.4 -61106.3 -63102.3 -65099 -66559.3 -67537.7 -68025.8 -67143.8 -64450.4 -60989.7 -59180 -59925.3 -62412.8 -65262 -67593.7 -69159.6 -69983.5 -70369.4
-0 -2006.75 -7641.9 -16033.7 -26153.7 -36815.1 -46586.3 -54225.2 -59089.9 -60857.7 -60971.7 -60878.7 -60487.3 -60207.9 -60464.9 -61004.8 -61200.1 -60714.5 -59911.8 -59523.2 -59866.2 -60593 -61133.4 -61255.6 -60976.1 -60402.9 -59743.7 -59275.2 -59112.4 -59076.3 -58986.5 -58919.5 -58970.3 -59116.4 -59380.6 -59939.4 -60712.1 -61078.9 -60596.5 -59650.8 -58819.2 -58192.3 -57678.9 -57305.8 -57275 -57681.7 -58541.5 -59978.7 -61841.9 -63545.2 -64564.4 -65009.5 -64995.1 -63974.3 -61675.5 -58882.1 -57502.2 -58172.7 -60048.5 -62170.9 -64306.2 -66460.5 -68222.2 -69802.8
-0 -2001.51 -7625.98 -15986.4 -26058.3 -36665.2 -46388.5 -53990.6 -58857.1 -60653.9 -60739.8 -60607.1 -60217.4 -60052 -60405.7 -60868.8 -60823 -60125.7 -59323.5 -59105 -59605.2 -60376.8 -60878.2 -60941.1 -60621.3 -60028.1 -59363.7 -58866.8 -58667.7 -58672.7 -58719.6 -58802.3 -58909.1 -58957.6 -58976.2 -59196.9 -59687.1 -60031.7 -59825.2 -59243.6 -58664.1 -58149.5 -57537 -56879.9 -56492 -56656.5 -57438 -58800.5 -60266.6 -61374.9 -61837.9 -61863.2 -61572.6 -60563 -58746.4 -56998.1 -56443.3 -57286.5 -58706.2 -60122.7 -61958.6 -64489.8 -67293 -69918.4
-0 -1993.14 -7601.58 -15956.4 -26008.8 -36571.7 -46261.2 -53851.1 -58690.6 -60407.3 -60408.2 -60301.1 -60095.3 -60143.1 -60503.1 -60744.4 -60432.8 -59646 -58966.8 -58885.6 -59377.7 -60010.6 -60359.9 -60351.5 -60082.4 -59635 -59134.1 -58707.4 -58479.8 -58477.3 -58628.2 -58868.5 -59066.9 -59045.4 -58804.6 -58623.7 -58742.9 -59021.8 -59119 -58997.4 -58759.7 -58343.7 -57605.8 -56659.8 -55904.2 -55781.8 -56392 -57539.6 -58726.2 -59408.6 -59526.4 -59398.6 -59049.8 -58050.1 -56452.9 -55183 -55210.2 -56293 -57506.2 -58575.6 -60242.6 -63045.1 -66474.1 -69772.3
-0 -1976.74 -7557.97 -15928.8 -25988.2 -36551.3 -46301.4 -53982.1 -58797.6 -60331.4 -60172.1 -60116.4 -60227.7 -60512.5 -60782.4 -60721.1 -60192.9 -59443.6 -58937.6 -58908.2 -59261.6 -59682.2 -59874 -59817.1 -59627.9 -59377 -59104.8 -58830.7 -58630.1 -58596.8 -58741.8 -58972 -59094.9 -58906.8 -58430.5 -57985.2 -57932.5 -58347.3 -58936.4 -59419.8 -59590.3 -59257.4 -58350.6 -57093.3 -55934.4 -55391 -55638.7 -56483.3 -57434.7 -58087.1 -58404.7 -58525.4 -58229.4 -57098.1 -55341.9 -53980.4 -54006.7 -55178.4 -56601.8 -57862.1 -59573 -62408.9 -66051.5 -69818.4
-0 -1959.87 -7533.58 -15928.9 -25990.9 -36542 -46402.7 -54272 -59123.3 -60467.8 -60141.7 -60169.7 -60536.7 -60939.2 -61001.6 -60621.8 -59975.1 -59368.9 -59047 -59034 -59272.5 -59593.9 -59744.8 -59666.4 -59477.5 -59303.6 -59175.5 -59036.7 -58873.6 -58781.4 -58818.4 -58890.1 -58808.4 -58417.3 -57779.2 -57216.9 -57157.4 -57858.1 -59034.9 -60151 -60685.1 -60343.7 -59224.1 -57743.2 -56359.3 -55486.4 -55338.3 -55853.7 -56702.8 -57579.1 -58348.7 -58878.8 -58691 -57348.7 -55204.4 -53475.6 -53242.6 -54548.8 -56542.5 -58454.2 -60402.8 -63041.2 -66522.1 -70499.5
-0 -1954.14 -7546.48 -15982.1 -26009.3 -36440.4 -46304.8 -54342.4 -59320.4 -60632.6 -60282.5 -60413 -60901.6 -61236 -60996.2 -60331.3 -59647.6 -59211.2 -59038.3 -59059.5 -59313.8 -59725.5 -59965.5 -59858.9 -59545.5 -59285.8 -59175.9 -59099.3 -58932.9 -58743.2 -58638.2 -58543.8 -58296.3 -57779.1 -57052.8 -56404 -56306.2 -57205.8 -58831.7 -60410 -61130.3 -60646.5 -59310.4 -57807 -56576.3 -55740.5 -55378.1 -55562.5 -56261.5 -57298.6 -58448.4 -59392 -59538.7 -58348.2 -56175.3 -54224.4 -53735.4 -55118.5 -57544.4 -59984 -62091.9 -64419.7 -67543.5 -71405.2
-0 -1954.87 -7582.58 -16058.4 -26022.4 -36230.7 -45914 -53990.4 -59160.5 -60679.8 -60564.7 -60816.1 -61298.4 -61436.7 -60891.2 -60022 -59338.1 -59015.6 -58924.5 -59004.9 -59376.8 -59965.3 -60305.6 -60113.3 -59593.1 -59171.6 -59016.5 -58946.5 -58744.3 -58452.4 -58233.1 -58041.6 -57722.9 -57158.3 -56387.1 -55665.5 -55498.6 -56461.3 -58312.1 -60097 -60786.4 -60045.5 -58500.8 -57112.9 -56314.8 -55870.8 -55585.3 -55564.9 -56047.7 -57046.6 -58379.3 -59758.7 -60593.3 -60279.5 -58775.9 -56968.3 -56207.1 -57218 -59369 -61691.2 -63675.7 -65721.6 -68536.6 -72272.8
-0 -1951.83 -7592.75 -16094.7 -26023 -36036 -45438.5 -53389.8 -58703.9 -60554.6 -60800.4 -61208.1 -61638.6 -61585.5 -60851.8 -59913.7 -59262.6 -58993.7 -58945.4 -59106.8 -59602.2 -60283.5 -60595 -60235.4 -59505.9 -58943.5 -58728.9 -58620.5 -58371.1 -58029.2 -57751.3 -57502.3 -57123.7 -56517.1 -55757.6 -55124.1 -55090.4 -56175.5 -58124.4 -59885.8 -60346.6 -59262.4 -57488 -56181.1 -55787.9 -55861.7 -55913.3 -56010.4 -56413.4 -57286 -58682.8 -60553.4 -62354 -63360.9 -62970.4 -61631.5 -60638.1 -60734.2 -61886 -63483.5 -65107.9 -67026.7 -69745.7 -73290
-0 -1936.77 -7546.69 -16075 -26044.5 -36004.4 -45155.7 -52816.9 -58058.9 -60126.5 -60593.3 -61219 -61648.4 -61519.1 -60788.2 -59942.2 -59383.6 -59168.9 -59184.5 -59455 -60018.1 -60627.1 -60750.3 -60192.7 -59335 -58702.5 -58411.3 -58188.5 -57856.8 -57510.5 -57243.3 -56947 -56468.9 -55814.3 -55196.4 -54944.9 -55397.9 -56799.3 -58777.4 -60285.4 -60279.5 -58807.1 -56821 -55510.2 -55317.2 -55804.6 -56323.3 -56745.4 -57330.6 -58281.6 -59803 -62079.7 -64791.3 -66906.4 -67552.1 -66777.7 -65538.8 -64813.8 -64965.8 -65760.6 -67029.5 -68987.7 -71778.6 -74932.3
-0 -1912.8 -7480.41 -16015.1 -26094.9 -36163.5 -45133 -52374.2 -57250.8 -59276.1 -59908.5 -60658.7 -61121.1 -61031 -60448.8 -59795.7 -59371.5 -59240.9 -59365.9 -59766.3 -60348.1 -60783.8 -60675.1 -60015.4 -59203.5 -58615.8 -58241.7 -57818.1 -57310.2 -56941.7 -56716.9 -56411.1 -55902.9 -55311.1 -55015.1 -55338 -56460.9 -58229.3 -60072.8 -61061.1 -60419.9 -58562.9 -56466.4 -55194.1 -55108.3 -55801.2 -56782.8 -57652.2 -58531.6 -59602 -61156 -63655 -66933 -69844.7 -71247.7 -70855.8 -69616.8 -68515.9 -68149.8 -68500.6 -69604.2 -71686.1 -74502.1 -76869.6
-0 -1891.15 -7412.76 -15916.7 -26124.2 -36414.2 -45279.8 -52041.2 -56409.4 -58206.1 -58897.6 -59736 -60226.1 -60169.6 -59724.3 -59226.7 -58897.7 -58837.7 -59082.6 -59607 -60206 -60511.1 -60301.8 -59767.6 -59254.5 -58895.7 -58504.7 -57860.5 -57076 -56564.4 -56336.6 -56095.3 -55730.3 -55401.2 -55554.4 -56428.1 -58044.6 -59934 -61366.2 -61617.2 -60408.8 -58246.1 -56190.7 -55132 -55205.9 -56040.1 -57161.6 -58336.2 -59381.7 -60380.4 -61763.7 -64209.4 -67675.3 -70960.9 -72838 -72862.8 -72010.2 -71176.7 -70885.2 -71172.1 -72239.3 -74351.1 -76785.2 -78722.3
-0 -1874.44 -7349.37 -15830.6 -26145.9 -36658 -45561.9 -51939.8 -55889 -57464.2 -58161.4 -59009.3 -59410.4 -59224.8 -58744.7 -58251.6 -57912.4 -57854.9 -58168.1 -58788.6 -59440.3 -59763.1 -59686.7 -59536.5 -59569.4 -59664.4 -59432.5 -58667 -57607.5 -56807.3 -56466 -56340.3 -56257.2 -56312.2 -56873.3 -58105.1 -59763.1 -61342.5 -62116.1 -61595.7 -59869.1 -57657.1 -55910.8 -55237.7 -55537.3 -56411.2 -57508 -58620.6 -59558.8 -60261.8 -61341.5 -63517.5 -66874 -70310.5 -72517.2 -73156.2 -72921.8 -72743.1 -72862.1 -73294.4 -74333.9 -76249.3 -78145.6 -79595.3
-0 -1863.76 -7289.88 -15743.3 -26154.9 -36892.8 -45962.6 -52303.7 -56030.6 -57503.6 -58137.1 -58837.9 -58956.7 -58428.9 -57709.5 -57080 -56651.9 -56531.5 -56830.1 -57491.4 -58222.2 -58706.3 -58954.9 -59334.6 -60024.1 -60728.2 -60891.3 -60231.4 -59040.3 -57964.6 -57443.1 -57420.4 -57719 -58169.6 -58912.4 -60000.4 -61161 -62045.4 -62076.6 -60964.7 -58996.3 -56955.5 -55642.4 -55366.6 -55854.7 -56675.9 -57608.2 -58518 -59206.4 -59685.4 -60463.4 -62270.9 -65348.6 -68841.6 -71511.5 -72895.5 -73448.8 -73830.9 -74304.3 -74866 -75770.5 -77270.6 -79211.6 -80492.2
-0 -1853.08 -7243.9 -15695 -26220.5 -37192.5 -46531.2 -53049.6 -56833.4 -58255.2 -58718 -59092.5 -58757.3 -57780 -56731.6 -55935.3 -55427.8 -55231 -55440.6 -56053.4 -56843.2 -57539.1 -58166.1 -59036 -60279.3 -61560.4 -62265.4 -62011.7 -60997.2 -59878 -59261.5 -59294.7 -59771.8 -60397.3 -60948.9 -61449.8 -61768.9 -61789.5 -61178.2 -59774.8 -57875.6 -56168.9 -55277 -55308.5 -55886.5 -56592.2 -57323.9 -58092.7 -58743.3 -59209.4 -59834.3 -61289.7 -63959.7 -67365.8 -70457.9 -72605.9 -73904.2 -74749.2 -75375.1 -75860.7 -76184.5 -77367.9 -78538.6 -79265.7
-0 -1842.4 -7235.97 -15730.2 -26381.2 -37581.3 -47226.2 -54041.4 -57965 -59267.5 -59421.5 -59391.9 -58587.5 -57205.8 -55884.7 -54969.2 -54429.8 -54177.3 -54261.7 -54748.4 -55536.9 -56412.7 -57352.3 -58549.3 -60087.9 -61702.8 -62866.4 -63172.5 -62667.1 -61849.6 -61356.4 -61414.1 -61833.9 -62220 -62244.4 -61883.4 -61269.7 -60533.5 -59523.5 -58139.6 -56573.7 -55324.9 -54835.9 -55107.9 -55740.3 -56364.7 -56987.5 -57740.4 -58538.7 -59201.4 -59823.9 -60908.6 -63014.7 -66020 -69182.9 -71811.9 -73642.4 -74773.6 -75406.5 -75722 -75966 -76310 -76725.7 -76951.2
-0 -1837.61 -7271.15 -15839.3 -26592.5 -37957.3 -47875.8 -54990.7 -59039 -60142.8 -59920.9 -59528.8 -58410.1 -56782.3 -55294.8 -54283.5 -53697.5 -53389.6 -53364.2 -53729.9 -54498 -55524.1 -56691.8 -58061.9 -59645.7 -61275 -62600.6 -63307.9 -63358.6 -63022.7 -62793.8 -62846.1 -62989.4 -62826.5 -62211.9 -61100 -59808.5 -58652.3 -57567.7 -56464.7 -55404.9 -54695.9 -54631.7 -55166.7 -55922.3 -56571.8 -57167.1 -57903.2 -58775.1 -59565.6 -60179.4 -60911.5 -62358.5 -64706.3 -67502.8 -70113.8 -72080.3 -73282.3 -73871.6 -74084 -74139.4 -74149.6 -74120.2 -74110.9
-0 -1846.75 -7320.24 -15952.6 -26753.6 -38206.6 -48355.6 -55730.4 -59847.1 -60757.5 -60210.3 -59545.8 -58317.5 -56641 -55064 -53944.3 -53254.4 -52868.6 -52783.3 -53110.2 -53905.9 -55062.9 -56393.3 -57823.1 -59304.7 -60732 -61926.6 -62709.5 -63037.6 -63033.7 -62969.4 -62903 -62686.9 -61989.5 -60947.7 -59485.4 -58009.5 -56851.9 -55990.1 -55309.6 -54824.8 -54622.9 -54914.3 -55701.7 -56639.5 -57388 -57967.1 -58576.3 -59305.7 -60031.8 -60561.7 -61030.2 -61922.4 -63550.6 -65712.6 -67904.3 -69657.8 -70779.4 -71367.9 -71640.6 -71732.5 -71703 -71646.6 -71721.4
