Code/Output_20260208_185941/2.9_30_1000_moho_undulation.grd
DSAA
181 201
-5400000.0 5400000.0
-6000000.0 6000000.0
-112227.448380695 -0.0
[rows 28 to 55 of 201, columns 0 to 63 of 181]
-0 -2598.96 -10039.8 -21353.6 -35217.3 -49956.4 -63669.6 -75360.2 -83129.3 -86176.4 -86579.7 -86265.2 -86363.3 -86748.4 -87027.7 -87223.2 -87564.1 -87611.4 -88563.2 -88460.9 -88613.2 -88875.7 -89068.4 -89214.6 -89854 -89241 -89045.8 -88631.1 -88444.2 -87811.4 -87482 -86878.5 -86214.9 -86343 -86354.5 -85966.6 -85648 -85684.2 -85458.6 -85093.6 -85603.2 -85542.4 -85007.5 -85200.1 -85403.4 -85661 -85735.9 -85758.3 -85780.1 -85870.8 -86043.2 -86408.5 -86953.8 -87556.3 -88318.8 -89026.4 -89669.4 -90343.7 -91100.3 -91722 -91926 -91756.8 -91455.7 -91244
-0 -2625.24 -10106.9 -21372.1 -35262.6 -49957.8 -63720.3 -75309.1 -83071.7 -86196.1 -86694.3 -86491.5 -86683.4 -86986 -87248.6 -87310 -87396.3 -87305.2 -88105.5 -87714.5 -88258.5 -88571.2 -88666.2 -89793.8 -88978.3 -89132.7 -88937.8 -88619.5 -88358.6 -87796.7 -87469.3 -87048.3 -86575.6 -86500.1 -86677.9 -86586.4 -86438.1 -86338 -86094.3 -85835.3 -86588 -85702.8 -85804.4 -85859.1 -85780.5 -86025.1 -85773.9 -86147.7 -86041.4 -86074.9 -86217.7 -86535.7 -87013 -87589.6 -88251.2 -88900.3 -89492 -90249.4 -91047.8 -91475.8 -91731.4 -91617.9 -91388.9 -91235.7
-0 -2657.46 -10122 -21458.1 -35345.6 -50059.6 -63934.8 -75414.6 -83195.8 -86424.3 -86641 -87464.6 -86977.5 -87331.8 -87501.2 -87379.5 -87199.5 -86856.4 -86857.5 -87304.8 -87901.4 -88254.5 -88513.9 -89622.8 -88632 -89029.3 -88930.2 -88690.5 -88245 -87802.8 -87478.8 -87294.7 -86970.6 -86857.9 -86867.5 -87173.7 -87306.4 -86997.2 -86818.7 -86698.3 -86668.9 -86644.5 -86711.4 -86591 -86206.2 -86667.9 -86059.9 -86554.1 -86406.1 -86399.2 -86550.9 -86808.5 -87202.9 -87733.7 -88263 -88801.5 -89484.9 -90186.2 -90963.5 -91116.6 -91458.3 -91466.9 -91206.9 -91178
-0 -2630.95 -10079.9 -21558.5 -35560.7 -50394.8 -64400.5 -75963.6 -83733.2 -86808 -87116.5 -87376.8 -87167.4 -87464.6 -87541.4 -87322.1 -86913.7 -86533.7 -86401.7 -86950.1 -87450.4 -87822.7 -88064.4 -88313.1 -88526.3 -88865.7 -88789.1 -88497.3 -88056.1 -87688.6 -87509.1 -87423.7 -87346.6 -87287.2 -87537.8 -87842.4 -87861.3 -87706 -87527.5 -87257.6 -87217.6 -87180.4 -87335.1 -87393.9 -87843.7 -88453.5 -86944.8 -87108.2 -86881.1 -86842.8 -86889.6 -87689 -87968.8 -87769 -88204.7 -88583.5 -89166.4 -89747 -90387.6 -90653.7 -90987.5 -91161.4 -91112.9 -91186.7
-0 -2599.77 -10127.2 -21690.6 -35836.3 -50801.6 -64969.8 -76596.2 -84236.8 -87117.2 -87462.6 -87542.3 -87479.7 -87571.4 -87536.7 -87147.1 -86629.1 -86118.6 -86140 -86485.5 -86955.1 -87366.8 -87240.8 -87738.1 -88370.8 -88726 -88623.9 -88253.8 -87874 -87601.4 -87567.3 -87696.5 -87703.5 -87956.6 -88379.7 -88505 -88386.5 -88402.7 -88127.3 -87943.3 -87986.1 -87784.8 -88039.7 -88246.3 -89555.2 -89981.5 -88430.5 -87568.5 -87448.5 -87297.9 -87204.8 -88564.2 -88704.5 -87798.3 -88116.3 -88402.5 -88754.2 -89161.5 -89655 -90131.8 -90489.5 -90913 -91070.8 -91369.8
-0 -2616.8 -10209 -21860.2 -36049.7 -51207.7 -65454.1 -77149.5 -84862.9 -87678.1 -87960.3 -88116.3 -87817 -88062.7 -87501.6 -86868.9 -86190.8 -85612.6 -85600.8 -85806.7 -86332.2 -86943.2 -87106 -87871.9 -88249.4 -88402.3 -88322.1 -88022.9 -87692.2 -87603 -87729.2 -87807.3 -88114.9 -88736.4 -89080.9 -89246.2 -89159 -89057.3 -88849.8 -88630.8 -88786.1 -88865.7 -88982.1 -89021.3 -89506.5 -89615.4 -88290.7 -87992.8 -87967.7 -87754.5 -87675.5 -88098.8 -88219.2 -87911.3 -87885.4 -88101.7 -88264.6 -88458.6 -88897.6 -89455.5 -90170.4 -90870.2 -91095.6 -91536
-0 -2627.09 -10285 -22024.2 -36332.4 -51604.8 -65946 -77661.2 -85301.9 -87942.4 -88273.4 -88433.2 -87926 -88260.3 -87345.9 -86538.8 -85870.2 -85249.6 -85085.4 -85199.4 -85754.4 -86490.2 -86928.3 -87791.8 -87936.1 -88056.1 -88007.7 -87774.1 -87539.1 -87639.4 -87795.9 -88037.3 -88916 -89509.9 -89778.3 -89956.4 -89759.3 -89648.6 -89493.5 -89345 -89533.5 -90080.8 -89601.4 -89815.9 -89677.5 -89565.5 -88961.2 -88587.3 -88629.6 -88353.9 -88128.1 -87782 -87857 -88170.9 -87713.7 -87820.5 -87761 -87793.6 -88190.9 -88825.8 -89796.3 -90754 -91072.6 -91637.2
-0 -2620.03 -10358.1 -22296.5 -36598 -51909.8 -66702.7 -78013.5 -85473.3 -87774.4 -87993.9 -88167.3 -87875 -87807.6 -87127.4 -86291.6 -85918.3 -85062.5 -84791 -84780.1 -85262.1 -85893.1 -86398.4 -87731.3 -87677.3 -87661.3 -87623.4 -87523.6 -87474.6 -87669.3 -87725.5 -88204.2 -89631.5 -90067.6 -90441 -90377.9 -89944.1 -90098.5 -90101.5 -89974.2 -90153.1 -90681.2 -90556.6 -90464.3 -90691.5 -90552.1 -90841.2 -89507.6 -88929.3 -88784.9 -88537.7 -88082.5 -88092.6 -88446.6 -87873.2 -87689.9 -87518.8 -87400.6 -87628.9 -88376.6 -89412.5 -90380.4 -91010 -91475
-0 -2626.9 -10421.3 -22327.7 -36723.5 -52168.5 -66936 -78172.7 -85526.4 -88022.3 -88373.2 -87771.5 -87785.4 -87576.9 -87044.9 -86454.2 -85850.6 -85164.3 -84746.8 -84640.6 -84928.4 -85436.1 -86093.5 -86980 -86984.2 -87110.3 -87127.3 -87223.1 -87448.9 -87702.3 -87732.1 -88775.8 -89795.5 -90395.2 -90789.8 -90640.6 -90184.9 -90486.3 -90452.9 -90340.7 -90617.8 -90983.1 -91099.6 -90885.4 -91425.3 -91587.6 -91233.3 -89764.7 -89302.3 -89128.7 -88900.3 -88420.2 -88299 -88549.3 -87869.9 -87676.4 -87470.7 -87405.8 -87593.9 -88326.7 -89344.9 -90368.4 -91025.1 -91451.7
-0 -2646.81 -10341.1 -22163.2 -36965.4 -52359.2 -66662.8 -78122.6 -85704.2 -88927.2 -88064.4 -87619.3 -87740.6 -87585.7 -87130 -86607.8 -86030.7 -85442.2 -84951.4 -84686.4 -84680.4 -85107 -85627.1 -85848.6 -86188.4 -86473.7 -86687.2 -86921.3 -87500.1 -87789.5 -87808.1 -88915.5 -89796.1 -90402.6 -91192.4 -90556.5 -90499.9 -90759.9 -90585.2 -90560.8 -90757.8 -91058.1 -91230.3 -91127.8 -91901.7 -92065.9 -91068.2 -90130.4 -89921 -89534.6 -89125.1 -88835.4 -88464.8 -88301.8 -87985.3 -87792.2 -87783.3 -87824 -88102.9 -88668.6 -89615.1 -90447.4 -91105 -91406.2
-0 -2636.3 -10286 -22102.4 -36865.7 -52254 -66577.3 -77939.2 -85508.5 -88798.6 -88053.4 -87588.7 -87708.2 -87669 -87330.2 -86936 -86423.1 -85777 -85517.1 -84920.7 -84643 -84956.8 -85192.5 -85431.1 -85925.5 -86341.6 -86433.5 -86571.9 -87101.6 -87020 -88116.3 -89208.1 -89944.1 -90478 -91035 -90580.7 -90715.9 -90843.4 -90643.8 -91416.2 -91614.7 -91076.4 -91265.4 -91341.8 -91836.6 -91779 -91042.5 -90464.9 -90066.5 -89687.7 -89097.9 -88791.9 -88344 -88068.5 -88113.6 -88613.3 -88857.9 -88416.2 -88873.7 -89429.1 -90278.8 -90885.8 -91294.9 -91431.9
-0 -2618.16 -10237.6 -22048.7 -36565 -52003.5 -66332.2 -77623.9 -85129.7 -88238.6 -87812.5 -87562.5 -87792.9 -87772.9 -87527.2 -87217.6 -86696.9 -86098.8 -85839.8 -84942.8 -84723.8 -84878.1 -84964.5 -85211.8 -85776.9 -86090.1 -85860.1 -86109 -86575.1 -86500.3 -88357.4 -89431.8 -90132.7 -90298.6 -90412.6 -90785.5 -90779.6 -90804.1 -90990.7 -92002.8 -91335 -90872.8 -91193.1 -91398.4 -91578.8 -91363.9 -91064.2 -90476.3 -90049.9 -89689.4 -88974.1 -88647.1 -88210.1 -88026.1 -88454.1 -89007.5 -89756.1 -89248.5 -89729.3 -90374.3 -91053.7 -91528.2 -91629.7 -91485.3
-0 -2602.67 -10170.2 -21842.3 -36224.2 -51612.6 -65784.9 -77184.7 -84750.9 -87659.4 -87857.7 -87844.9 -87985.6 -87749.1 -87414.7 -87016.2 -86654.9 -86183.4 -85672.8 -85188.7 -84974.4 -84907.6 -84809.5 -84841.9 -85025.5 -85116.7 -85168 -85309.4 -86270.7 -86940.4 -88650.3 -89650.1 -89353.4 -89565.3 -90317.4 -90179.7 -90430.3 -90457.9 -90739.4 -90727.5 -90252.4 -90398.4 -90738.9 -90998.7 -91164.2 -91029.7 -90861.2 -90438.3 -89994.9 -89316.4 -89189.9 -88510.7 -88159.2 -88292.5 -89246.2 -89039.7 -89461.5 -89845 -90865.6 -91338.7 -91437.4 -91762.8 -92028.1 -91926
-0 -2586.75 -10102 -21582.7 -35864.9 -51079.6 -65686.2 -77315.3 -84534 -87558.6 -87763.4 -88073.8 -88090.5 -88024.4 -87185.9 -86816.8 -86476.6 -86012.5 -85597.6 -85374.8 -85160.2 -84931.9 -84777.3 -84749 -84713.5 -84715.6 -84858.8 -84966.7 -85941.4 -86915.6 -88245.2 -88608.5 -88548.2 -88671.1 -89742.1 -89300.8 -89773.9 -89833.5 -89850.4 -89744.4 -89818.8 -90070.9 -90288.6 -90546.4 -90506.9 -90423.2 -90259.5 -89913.6 -89490.8 -89003.9 -89030.9 -88378.1 -88173.9 -88429.6 -89669.3 -89331.6 -89887.3 -90700 -91689.9 -92177.1 -92767.6 -93016.7 -92413.5 -92190.1
-0 -2570.83 -9982.49 -21410.2 -35499.9 -50513.5 -65895.7 -77543.5 -84552.6 -87772.6 -88003.5 -88249.6 -88028.8 -88422.2 -86895.5 -86485.9 -86129 -85806.8 -85442.6 -85704.5 -85226.1 -84986.2 -84951.5 -85004.7 -84818.4 -84690.8 -84769 -84907.6 -85664.3 -86568.8 -87267.9 -87659.6 -87704.1 -87898.3 -88154.7 -88537.1 -88894 -89015.5 -89197.5 -89275.3 -89587.1 -89595.2 -89990.5 -90044.5 -89705.2 -89582.1 -89381.5 -89118.8 -89222.9 -88713.8 -88342.4 -88287.3 -88199.6 -88546.4 -89257 -90052.4 -90681.3 -91307.7 -92152.8 -92850.3 -94581.4 -94144.4 -92513.5 -91792
-0 -2554.9 -9949.38 -21372.7 -35466.8 -50756.5 -66170.1 -77968.4 -85329 -87949.5 -88104.3 -88137 -87822.3 -87552.7 -86601.9 -86093.9 -85877.5 -85640.9 -85460.7 -85460.7 -85143 -85335.4 -85198.7 -85521.9 -85378 -85241.9 -85607.5 -86219.9 -86082 -86565.9 -87267.1 -87484.4 -87330.1 -87278.3 -87337.8 -87702.4 -87762.3 -88155.5 -88672.5 -88769.4 -89093.9 -89007.7 -89406.7 -89449.5 -89114.6 -88659.7 -89658.2 -89167.9 -88453.1 -88031.8 -87869.4 -87911.4 -88295.5 -88682.4 -89503.1 -90379.9 -91159.4 -91975.8 -92774.1 -93053.5 -93339.6 -92546.2 -92037.6 -91251.6
-0 -2547.45 -9952.02 -21424.7 -35589.3 -51087.1 -66256.1 -78134 -85521 -88130.1 -88131.8 -87872.2 -87438 -86826.4 -86216.1 -85774.4 -85604.6 -85293.5 -85413.8 -85052.6 -85297.7 -85759.9 -85833.8 -86165.2 -86114.9 -85865.4 -86946.6 -87383.6 -86743.5 -86767.3 -87325.5 -87331.5 -87047.3 -86715.6 -86689.9 -86941.8 -87020.8 -87663 -88317 -88502.8 -88581.5 -89063.2 -88946.2 -88985 -88608.1 -88334.4 -88878.4 -88997.1 -88124.2 -87694 -87747.7 -87885.5 -88395 -88840.7 -89593.4 -90489.5 -91400.5 -92293.8 -92847.2 -92952.5 -92874.5 -92322.2 -91466.6 -90649.5
-0 -2551.08 -9987.28 -21537.5 -35820.5 -51413.9 -66119.4 -77963.9 -85722.1 -88333.7 -88142.8 -87645.5 -86887.4 -86312.7 -85875.4 -85482 -85244.8 -85006.3 -84776.1 -85143 -85695.9 -86258.4 -86579.2 -86855.4 -86802.1 -87265.8 -87829.7 -88126.3 -87509 -87018.5 -87342.1 -87221.5 -86819.5 -86402.3 -86221.3 -86253.8 -86756.9 -87499.2 -88223.2 -88305 -88890.5 -88780.3 -88595.9 -88611.6 -88205.5 -87699 -87363.8 -87718.6 -87904.6 -87764.9 -87983.5 -88168.4 -88486.4 -88961.9 -89656.4 -90501.8 -91477.2 -91958.1 -92575.9 -92672.6 -93298.1 -92368.1 -90954.7 -90063.5
-0 -2555.56 -9984.2 -21522.8 -35966.3 -51697.4 -66596.5 -78395.6 -85980.7 -88409.3 -87958.8 -87464.8 -86800.8 -86232 -85880.5 -85589.7 -85371.3 -85029.3 -84847.6 -85251.4 -85829 -86481.5 -87191.9 -87630.1 -87796.3 -87367.2 -87123.9 -86996.7 -86799.2 -86938.7 -86722.7 -87097.9 -86681.5 -86172.2 -85885.1 -86509.8 -87082 -87324.3 -88552.2 -88623.4 -88776.3 -88442.2 -88480.8 -88250.5 -87803.6 -87472.1 -87421.5 -88003.7 -87948.8 -88261.7 -88305.7 -88359.6 -88877.6 -89313.2 -89888.4 -90650.4 -91503.1 -92337.7 -92769.1 -93228.5 -92910.1 -92074.3 -90962.3 -90302.8
-0 -2549.04 -9951.33 -21387.6 -35827.8 -51507.6 -66624.4 -78209.7 -85902.6 -88284.1 -87948.2 -87554.5 -87004.9 -86362.5 -86330.9 -86082.5 -85793.6 -85324.6 -85158.5 -85442.8 -86037.3 -86903.4 -87666.3 -88253.9 -88051.2 -87165.9 -86880.8 -86412.6 -86210.9 -86273.5 -86013.5 -86425.9 -86156.7 -85936.3 -86213.5 -87131.9 -87703.3 -87809.7 -88806 -88811.2 -88637.9 -88592.2 -88451.3 -88053.3 -87678.3 -87612.6 -88005.3 -88084.3 -88745.3 -88754.5 -88759.5 -88979 -89524.3 -89944.8 -90442.3 -90892.1 -91515.3 -92275.9 -92894.8 -93549.2 -92946 -92480.2 -92063.3 -90682.6
-0 -2532.45 -9870.71 -21186.9 -35467.2 -50958.1 -66172.1 -77731.9 -85639.2 -88287.2 -88282.9 -87866.6 -87450.9 -86755.3 -87061.1 -86825.5 -86394.5 -85836.6 -85577 -85751.7 -86388.3 -87433 -88135.4 -88566.5 -88094.7 -87497.3 -86678.8 -86387.6 -85508.9 -85129.8 -84837.3 -85365.5 -85243.5 -85458.6 -86557.2 -87787.9 -88380.3 -88715.9 -89060.8 -89094.5 -89033.2 -88880.5 -88494.9 -88148 -87881.1 -87874.2 -88473 -88511.6 -89316.9 -89495.8 -89398.4 -89908.2 -90394.7 -90702.6 -91236.4 -91499.2 -91719.1 -92223.1 -92927.9 -93605.5 -93238 -93491.5 -92619.8 -91649.9
-0 -2513.2 -9789.23 -21036.6 -35097.8 -50371.4 -65056.2 -77193.4 -85260.3 -88622.3 -88844.7 -88336.1 -88054 -87732.7 -87791.3 -87690.7 -87092.6 -86569.5 -86286.9 -86388.3 -87079.6 -87960.6 -88778.5 -89355.5 -88041.8 -87646 -86514.8 -85330.4 -84082.4 -83323.4 -83535.4 -84190.6 -84866.6 -85698.8 -86796.6 -88043.4 -88862.7 -89371.4 -89657.4 -89624.7 -89582.8 -89386.5 -88998.1 -88934 -88614 -88710.7 -88870.8 -89219.3 -89864.6 -90215.6 -90454.6 -90907.8 -91452.5 -91179.5 -92566.8 -92497.7 -92018.1 -92423.6 -92779.9 -93184.5 -93436.1 -94248.7 -92309.6 -91966.7
-0 -2490.38 -9686.76 -20814 -34798.4 -49881 -64444.9 -76612.1 -84897.6 -88639 -88726.2 -88719.4 -88571.8 -88499.2 -88571.6 -88276.9 -87746.1 -87443 -87166.9 -87467.6 -87722.1 -88729.6 -89138.4 -89063.8 -88788.9 -87971.4 -86521.8 -84812.5 -83002.9 -82134.4 -82254.7 -83071.7 -84097.3 -85317.1 -87215 -88624.3 -88994.3 -89899.4 -90387.8 -90363.1 -90178.5 -89944.6 -89748.6 -89809.2 -89735.1 -89675.9 -89858.5 -90038.9 -90619.5 -91072.7 -91692.9 -91851.4 -92314.5 -92751.1 -93063.5 -92233.4 -92247 -92576.3 -92882.4 -93315.4 -93365.2 -93852 -93286.9 -91849.4
-0 -2476.51 -9614.81 -20653 -34581.4 -49553.3 -64057.5 -76257.7 -84588.2 -88225.3 -88676.7 -88792.9 -88949.2 -89177.7 -89103.8 -88750.8 -88417.6 -88115.7 -87944.2 -88581 -88548.9 -89469.9 -89600.2 -89458.5 -89239.6 -88230.8 -86074.9 -84423.4 -82753 -81778.1 -81849.8 -82768 -83761.8 -85498.8 -87617.6 -89069.4 -89220.3 -90492.2 -90733.7 -90788.2 -90702.6 -90785 -90987 -90701.3 -90799.6 -91079.3 -90551.4 -90860.2 -91445.5 -92412.1 -92989.4 -93094.3 -93199.9 -93601.5 -93074.9 -92402.1 -92293.1 -92319.9 -92711.4 -93252.3 -93133.1 -93026.1 -92762.5 -91495
-0 -2478.62 -9591.65 -20600.8 -34424.5 -49428.4 -63900.3 -76097.7 -84805.3 -88576.9 -88453.4 -88915.5 -89192 -89743 -89408.4 -89050.4 -88759.8 -88519.1 -88702.4 -89214.2 -89824.1 -90022.7 -89940.3 -89696.1 -89375.5 -88000.4 -85397.3 -84961 -83434.7 -82402.8 -82319.9 -83133.1 -84327.7 -85975.9 -87906.1 -89085.6 -89679.5 -90880 -90714.5 -91136.7 -91695.4 -92194.1 -91642.1 -91530.8 -91548.7 -92234.4 -91122.7 -91569.6 -92801.6 -93353.8 -94081.4 -94570.7 -93885.1 -94089.3 -93648.7 -93046.9 -92084 -91779.6 -92167.3 -92778.8 -92724.3 -92445.3 -91734.6 -90691
-0 -2485.3 -9625.62 -20654.7 -34691.3 -49586.2 -64033.3 -76586.3 -85251.6 -88290 -88424.4 -88513.5 -89038.3 -89355 -89309.7 -89073.9 -88962.6 -88973.3 -89315.3 -89771.6 -90726.5 -90243.7 -90540.8 -90115.4 -89257.2 -88274.5 -86743.6 -86014.8 -84809.8 -83733.6 -83283.5 -83429.5 -84340 -86111.2 -87774.7 -88806.3 -89538.2 -90276.1 -90847.2 -91635.7 -91638 -91251.9 -92138.2 -92202.4 -92281 -91485.7 -92269 -92104.2 -92745.5 -93956.5 -94146.4 -94437.2 -95013.1 -93590.9 -92846.4 -92323 -91841.1 -91458.8 -91587.2 -91923.1 -91778 -91695.1 -90855.4 -89943
-0 -2488.29 -9681.48 -20793.2 -34747.6 -49932 -64559 -77081.8 -85396.9 -88124.6 -88458.7 -88522.3 -89032.5 -89015.2 -88989.7 -88856.1 -88613.3 -88685.8 -89087.2 -89400.5 -90104.6 -89807.6 -90097.5 -89485.8 -88644.4 -88418.2 -87730.8 -86534.6 -85072.9 -84230.9 -84028 -84331.4 -85145.1 -85947.5 -87726.5 -88405.1 -89261.2 -89883.4 -91356.1 -91736.3 -91497.7 -91412.8 -91804.9 -91691.3 -91733.1 -92011 -92121.9 -92207.7 -92477.1 -93273.3 -93719.6 -93788.7 -93673.2 -92470.2 -92094.1 -91719.1 -91488.8 -91437.5 -91081.5 -91157.4 -90946.6 -90594.7 -90148.4 -89515.2
-0 -2504.52 -9757.12 -20969.4 -34940.6 -50261.9 -64903.7 -77296.2 -85345.4 -88154.1 -88390.4 -88651 -88887.7 -88716.3 -89021.1 -88496.9 -88076.4 -87988.5 -88359.7 -88854.5 -89372.8 -89254.8 -89189.3 -88391 -88093.4 -88532.4 -87878.8 -86771 -85810.7 -85046.7 -84682.6 -85187.1 -85453.5 -85807.5 -87308.7 -87844.4 -89022 -90101.6 -91474.5 -92005.7 -91968 -91421 -91350.3 -91446 -91509.4 -92007.8 -91712 -91920.8 -92028 -92168.3 -92610.6 -92564.2 -91958.7 -91449.3 -91187.7 -91022.4 -91075.2 -91201.1 -90833.2 -91236.6 -90736.7 -90017.9 -89933.2 -89518.4
