Code/Output_20260212_141051/2.9_30_700_rms_map_shift_60km.grd
DSAA
170 190
-5100000.0 5040000.0
-5700000.0 5640000.0
212.91039242287363 29774.209222922178
[rows 150 to 179 of 190, columns 0 to 66 of 170]
23539.5 22150.2 19447.4 15810.9 11714.5 7693.74 4318.15 2203.01 1486.33 1597.36 1531.09 1404.78 1247.75 1159.77 1110.56 1094.11 1111.46 1121.78 1101.29 1065.22 1025.48 997.219 991.17 984.347 972.775 949.76 919.081 876.141 803.551 711.608 611.643 519.501 456.661 421.977 416.191 434.167 451.418 429.48 576.485 795.826 875.176 913.183 913.751 879.017 828.995 780.641 749.882 745.567 760.304 773.989 745.987 749.732 686.338 677.65 713.724 746.015 750.773 753.999 730.974 699.182 678.32 684.085 745.651 817.122 904.326 982.396 1030.22
23494.2 22100.8 19392.6 15753.6 11662 7655.22 4307.43 2244.69 1620.41 1751.29 1678.95 1538.13 1374.02 1291 1251.91 1258.95 1291.6 1298.1 1254.57 1167.02 1063.37 984.19 951.404 939.613 926.414 902.488 866.634 819.128 748.663 653.316 556.781 473.687 421.895 395.708 395.254 420.52 449.857 438.748 589.763 810.835 896.061 935.885 936.216 895.743 832.611 767.199 720.332 699.741 700.517 713.85 709.579 719.145 760.418 713.076 738.441 758.189 758.202 764.964 733.612 692.639 651.873 629.006 655.235 704.196 779.629 851.562 900.681
23444.8 22048.5 19336.8 15697.8 11613 7619.63 4291.38 2264.47 1711.9 1849.7 1762.26 1603.09 1420.68 1342.18 1319.48 1358.45 1411.97 1424 1363.59 1243.38 1086.7 947.737 884.124 863.409 848.714 827.791 792.924 745.314 685.826 596.393 504.303 433.121 397.75 383.803 382.915 405.152 443.665 452.874 592.782 799.083 883.365 920.675 924.084 888.084 820.909 740.933 675.301 639.224 630.016 639.608 653.949 677.337 734.214 720.526 736.406 748.623 740.884 742.463 705.956 665.192 614.001 574.886 574.75 611.498 670.658 737.382 784.987
23394 21994.2 19279.5 15641.8 11564.9 7583.74 4267.57 2269.59 1752.2 1890.73 1785.97 1601.85 1401.76 1333.89 1330.6 1394.43 1470.13 1489.22 1421.8 1285.89 1091.6 896.988 790.236 765.164 749.364 733.573 704.171 661.995 613.028 538.027 447.651 379.746 357.634 363.251 364.342 376.867 415.7 450.163 568.525 752.335 827.016 853.355 858.848 838.609 780.131 694.289 609.513 555.275 537.392 548.943 580.337 625.007 701.26 691.586 706.501 720.426 713.472 704.093 664.645 628.627 575.901 531.403 519.296 543.759 585.558 645.923 689.652
23345.1 21941.1 19223.9 15588.3 11519.2 7548.76 4239.83 2260.66 1760.87 1895.29 1772.01 1563.99 1348.9 1291.57 1308.23 1397.99 1494.58 1524.06 1455.64 1308.9 1087.83 847.571 697.669 665.017 650.708 641.667 621.073 588.067 549.405 487.103 399.491 330.61 312.93 335.74 343.748 349.13 382.876 434.376 528.902 689.468 744.522 746.358 745.008 747.655 712.807 632.5 535.599 459.1 431.751 450.693 495.681 557.626 648.054 660.07 679.118 697.016 697.241 677.897 640.132 609.511 563.369 525.981 512.363 523.785 549.564 598.033 631.397
23294.8 21886.4 19168.1 15536.2 11475.6 7515.33 4211.9 2239.76 1746.14 1874.54 1736.59 1516.19 1298.01 1251.37 1289.51 1398.52 1508.19 1543.82 1474.36 1319.51 1082.5 812.084 628.633 588.25 583.506 582.642 572.58 549.46 518.574 457.643 371.659 299.737 282.158 314.089 332.471 341.949 374.03 429.838 510.927 661.581 693.331 664.978 650.641 667.356 662.473 597.3 500.711 410.63 371.429 393.875 428.839 490.037 579.686 606.464 634.611 659.864 663.917 646.618 613.782 588.576 553.725 527.911 518.381 522.622 533.867 567.071 588.456
23238.2 21827.6 19110.9 15485.7 11435.9 7487.28 4189.34 2213.23 1717.64 1843.67 1704.99 1490.41 1292.1 1259.23 1313.9 1428.48 1536.79 1568.37 1492.28 1328.24 1081.18 796.467 595.513 553.719 558.078 565.4 562.845 545.391 513.834 451.302 368.324 293.481 273.404 304.33 329.499 348.34 384.893 447.805 520.235 685.468 704.439 657.636 636.466 656.119 660.465 603.994 513.81 426.611 383.175 389.22 390.407 435.927 505.231 530.486 568.386 599.609 608.031 592.073 564.854 549.245 530.174 519.281 518.998 520.081 519.786 537.401 546.88
23169.8 21760 19049.5 15435.7 11400.6 7466.64 4175.33 2191.07 1697.53 1825.23 1701.36 1511.06 1341.75 1321.58 1384.81 1492.27 1587.89 1605.97 1517.44 1340.89 1083.42 793.213 586.568 540.988 550.782 563.089 562.334 544.266 505.577 443.063 366.186 297.538 275.898 296.573 319.411 340.475 381.064 454.23 543.059 687.942 713.331 671.709 651.45 667.826 671.367 620.803 539.538 458.843 415.171 401.082 374.836 402.363 447.285 471.321 512.944 547.749 559.702 543.858 519.268 510.913 505.972 504.241 509.284 511.613 506.967 512.256 513.2
23086.8 21680.9 18980.6 15383.1 11367.9 7453.22 4170.34 2161.15 1672.84 1805.14 1712.43 1561.72 1426.53 1419.51 1482.06 1573.9 1648.46 1646.22 1539.51 1346.87 1078.65 788.816 584.303 533.942 534.933 546.161 544.384 522.498 480.348 422.936 359.612 307.64 287.586 295.44 305.91 317.767 353.428 431.62 531.764 623.989 628.381 588.545 572.299 593.79 616.662 590.775 527.121 455.516 411.739 386.926 360.879 383.36 417.752 438.9 477.976 511.551 525.292 512.643 490.771 486.707 487.101 488.54 495.066 498.271 489.855 486.309 481.257
22991.7 21591.1 18903.5 15325.7 11335 7444.44 4171.93 2125.29 1629.99 1765.41 1713.09 1605.78 1505.86 1498.89 1563.78 1639.15 1687.92 1660.32 1533.96 1326.91 1054.21 771.024 575.302 516.84 498.89 506.755 503.213 480.246 440.984 395.307 353.493 322.983 307.718 306.222 301.627 297.186 319.727 395.461 484.503 485.777 472.016 433.547 420.697 445.329 477.22 510.949 478.805 416.554 373.029 351.035 347.747 375.004 410.63 422.442 456.403 487.474 502.312 494.478 481.566 480.267 477.595 474.118 477.779 479.006 467.05 456.208 445.48
22880.2 21484.7 18811 15255.7 11294.5 7434.26 4175.72 2080.82 1533.92 1659.83 1634.73 1564.87 1514.78 1500.33 1560.67 1632.66 1655.68 1606.07 1468.38 1261.39 999.777 736.185 559.372 467.313 440.758 444.999 439.08 417.655 388.997 362.156 342.683 329.271 318.197 313.317 303.174 288.258 298.43 367.828 450.27 429.815 407.764 374.9 366.657 393.802 423.415 449.521 442.585 380.502 336.058 321.718 332.815 371.829 412.738 412.36 438.824 467.357 482.727 478.422 475.29 476.816 495.048 501.814 492.17 484.254 469.3 456.139 443.273
22751.8 21359.5 18699.2 15168.4 11241.5 7418.75 4182.89 2043.31 1401.95 1494.66 1487.45 1450.94 1417.49 1420.89 1477.66 1545.21 1556.77 1498.52 1367.13 1179.99 952.268 725.211 528.043 419.521 391.281 389.751 379.614 358.889 345.123 344.003 347.712 346.922 337.709 330.786 319.752 302.683 307.264 368.421 450.88 446.093 437.36 420.603 424.477 452.936 480.385 504.075 446.791 371.513 323.206 311.688 326.877 370.75 432.939 405.702 422.291 445.239 459.209 459.374 463.739 468.306 517.266 520.54 498.722 479.074 460.781 448.89 437.048
22593.6 21204.1 18559 15057.7 11174 7402.17 4208.46 2054.57 1291.32 1320.03 1312.36 1291.54 1269.91 1279.24 1325.17 1371.35 1377.83 1321.41 1199.52 1026.22 826.248 631.052 477.466 394.784 371.513 366.725 354.993 339.512 341.08 362.902 387.722 400.289 399.47 396.05 387.61 374.911 377.217 421.704 488.09 455.679 457.512 457.228 468.379 491.583 513.92 522.28 443.228 355.404 302.291 294.074 315.906 363.446 424.945 396.522 402.72 418.166 430.043 435.753 446.588 455.278 508.462 501.755 469.754 438.738 414.553 404.366 395.595
22400.3 21014.6 18388 14923.5 11094.2 7389.78 4265.61 2152.1 1301.8 1250.63 1216.47 1188 1169.77 1162.77 1178.21 1186.94 1160.55 1086.15 968.528 824.433 675.557 544.398 452.817 412.454 406.198 406.834 401.325 396.679 404.057 427.994 410.247 421.207 438.885 465.12 488.883 480.468 480.818 506.541 447.637 470.068 479.278 487.579 501.104 518.395 583.772 527.612 434.812 337.266 278.131 270.667 298.079 347.683 406.199 380.286 373.973 383.804 397.387 410.306 427.68 441.932 494.759 483.387 443.084 402.001 369.225 358.139 354.268
22163.1 20785.7 18185.8 14770 11011.1 7396.08 4376.72 2371.16 1517.29 1397.87 1328.15 1274.05 1237.93 1191.17 1138.92 1078.15 1003.19 891.146 764.154 643.702 548.047 486.653 460.189 463.145 478.312 491.228 497.872 490.888 477.39 476.535 483.229 495.586 516.686 534.95 541.453 526.148 498.256 468.677 476.204 502.178 516.716 528.344 541.891 552.404 553.227 543.387 443.27 338.446 268.967 252.212 275.065 319.727 370.858 365.2 345.208 350.171 369.418 388.06 410.614 429.521 485.464 474.052 431.73 386.884 345.766 329.086 324.329
21883.4 20519.3 17955 14599.9 10927.1 7421.92 4536 2677.53 1864.55 1715.83 1621.81 1539.48 1462.52 1360.93 1224.91 1080.24 939.052 783.042 634.481 524.067 473.496 473.475 499.136 534.657 568.384 594.315 599.765 562.969 554.495 562.154 572.827 586.372 606.929 615.66 607.268 578.572 539.8 504.904 511.263 537.151 556.009 572.52 584.266 587.944 573.6 561.094 459.76 350.888 271.591 240.307 251.403 287.098 330.769 355.717 333.893 335.466 354 377.013 402.996 423.279 477.999 469.271 428.218 381.205 332.398 312.641 304.727
21566.6 20222.1 17702.6 14419.8 10846 7464.89 4727.37 3020.69 2265.5 2111.06 2006.83 1906.01 1792.92 1637.55 1432.95 1203.39 979.889 746.908 590.814 501.783 471.907 505.553 555.98 606.899 650.369 679.205 666.043 625.747 623.794 634.157 646.139 658.864 675.306 673.83 651.85 611.351 563.195 525.879 534.559 563.382 589.13 607.307 615.42 611.74 583.937 541.991 459.561 351.141 268.662 227.362 227.885 255.525 294.839 332.705 345.251 351.884 364.259 386.582 415.953 437.292 483.319 475.953 435.384 384.694 331.748 307.693 297.474
21217.9 19897.9 17430.3 14227.4 10760 7507.81 4917.29 3332.39 2642.55 2493.31 2386.58 2273.36 2133.09 1937.53 1683.39 1396.16 1104.85 793.535 635.899 528.24 501.336 549.913 612.983 671.837 718.621 747.892 718.816 681.737 684.83 690.997 696.81 707.598 717.128 706.383 673.274 622.879 568.965 532.517 547.964 583.521 617.081 635.223 636.45 621.827 578.603 525.438 447.345 343.289 263.113 220.036 216.503 238.112 273.104 314.126 353.973 391.223 404.747 424.634 453.822 473.146 502.122 495.269 454.89 400.763 346.313 320.3 307.996
20851.7 19557.6 17143.1 14019.5 10653.6 7518.29 5049.59 3553.01 2911.84 2771.82 2675.76 2566.38 2414.9 2196.58 1913.39 1600 1268.11 913.465 716.281 577.536 536.473 588.179 656.659 721.806 770.896 799.963 762.429 721.06 723.581 720.465 717.777 721.581 722.162 703.741 665.02 611.606 560.382 531.768 560.714 606.787 645.89 662.152 652.959 625.698 564.851 501.966 438.369 347.618 277.029 240.969 234.85 246.358 269.911 304.851 347.401 394.969 439.731 482.639 502.583 518.942 523.986 510.803 474.178 416.459 361.727 334.928 320.401
20471.4 19203.2 16841.1 13793.2 10520.6 7485.89 5111.82 3680.52 3083.34 2956.61 2883.13 2789.48 2636.97 2404.51 2101.89 1776.12 1417.28 1036.38 801.974 636.79 576.709 624.182 691.206 758.996 806.953 832.911 785.691 733.14 734.151 717.342 703.463 695.703 689.02 664.969 626.672 581.237 541.796 536.026 581.749 634.309 678.397 692.071 675.352 637.731 562.248 491.06 422.963 373.599 315.072 284.558 274.398 274.551 283.517 304.813 339.706 385.225 432.836 482.218 524.399 552.812 560.912 548.05 516.163 465.975 418.313 392.146 365.909
20099.7 18854.1 16537.3 13552.8 10352.2 7385.32 5059.96 3658.95 3092.25 2993.65 2954.77 2886.94 2745.44 2514.18 2206.03 1879.46 1509.97 1116.37 865.824 688.159 620.869 667.106 733.016 796.593 833.154 847.719 789.195 716.905 707.891 672.526 641.869 619.923 605.421 581.27 554.991 531.172 515.54 541.977 604.388 658.661 706.188 717.666 696.199 650.706 567.572 490.162 414.818 417.141 370.122 345.421 333.68 326.483 323.552 329.282 347.677 380.295 421.261 469.299 513.009 545.16 563.213 564.86 546.183 511.292 465.173 423.489 390.531
19750.8 18525.7 16248.6 13316.6 10170.7 7245.62 4934.56 3535.62 2992.57 2936.86 2940.97 2907.83 2782.5 2563.99 2262.44 1932.94 1560.4 1167.61 911.871 729.076 662.582 708.666 772.699 822.333 845.008 844.798 784.466 699.62 672.669 618.951 567.978 530.739 508.433 487.492 484.343 492.756 507.947 557.027 630.051 681.688 727.323 734.405 707.843 656.639 570.94 488.844 406.069 349.338 418.563 400.922 391.051 382.444 375.966 374.006 378.841 394.83 420.299 456.842 494.001 523.531 539.047 538.559 521.583 490.591 449.042 408.498 374.659
19446.9 18240.9 15997.9 13107.6 9999.62 7093.18 4766.14 3328.92 2806.51 2781.3 2832.06 2820.69 2727.79 2543.96 2260.6 1923.67 1546.15 1147.99 899.866 727.009 674.052 728.811 793.731 836.62 849.461 835.2 765.75 704.602 654.309 580.343 505.802 448.842 424.291 417.054 444.974 489.689 533.199 585.601 660.215 706.71 744.237 742.906 711.534 656.809 569.861 484.875 394.332 324.467 328.025 358.733 389.483 408.956 407.258 409.078 411.277 417.262 427.621 448.445 472.822 493.018 501.471 499.003 484.643 458.037 421.482 384.132 352.366
19215.5 18030 15818.9 12964.5 9885.92 6989.19 4638.6 3149.71 2610.09 2611.88 2703.09 2719.7 2644.97 2475 2215.71 1880.22 1487.28 1074.91 847.18 699.886 668.019 743.414 813.703 849.409 860.314 840.82 786.795 732.429 667.438 581.558 494.791 431.407 419.059 430.742 481.284 578.744 598.997 638.856 699.956 731.978 755.948 742.582 704.766 647.067 559.323 473.658 378.624 296.677 286.59 308.12 332.409 360.579 387.549 415.219 431.127 436.712 438.168 446.565 456.891 464.92 465.982 462.488 451.842 431.491 401.935 371.193 345.635
19065.1 17902.9 15723.7 12902.5 9850.19 6962.89 4596.14 3066.74 2499.5 2510.97 2617.01 2639.7 2566.13 2395.06 2136.97 1814.78 1425.43 1018.52 807.753 679.382 671.926 759.307 835.02 862.044 850.226 825.719 811.93 747.596 677.823 593.272 510.252 456.442 463.19 490.959 567.535 614.719 657.999 704.717 731.405 746.728 755.466 730.254 683.84 622.93 536.015 450.055 354.202 264.776 243.989 257.018 275.801 306.547 350.712 390.924 429.456 448.973 448.594 447.991 444.661 440.005 432.984 428.208 420.69 406.792 384.381 360.913 342.039
19008.5 17872.4 15724.7 12934.4 9907.18 7034.22 4668.19 3123.05 2527.65 2514.69 2598.21 2597.99 2504.45 2318.28 2051.08 1729.12 1373.21 984.709 803.919 702.985 721.057 812.175 885.288 907.238 888.739 850.894 821.609 753.007 683.163 608.904 539.71 504.516 525.83 566.202 624.151 670.016 697.798 721.527 741.161 740.782 733.864 697.145 640.667 576.877 493.908 413.217 325.468 240.097 216.522 224.322 240.525 271.975 321.909 370.601 415.4 437.641 442.948 454.225 441.234 425.509 410.219 400.071 391.702 379.877 360.034 339.987 322.847
19041.2 17932.7 15814.2 13050.4 10043.1 7182.09 4821.26 3270.56 2643.61 2581.87 2616.48 2573.3 2446.08 2236.91 1957.85 1635.69 1310.8 945.739 798.181 729.255 773.346 872.21 942.945 958.869 930.342 876.089 833.763 761.514 696.446 637.286 589.82 575.446 609.522 652.366 700.642 733.693 742.616 738.381 728.349 712.856 687.993 639.48 575.818 511.262 433.758 363.03 295.756 230.049 212.91 218.671 237.461 269.493 320.01 375.088 420.032 432.047 426.111 443.276 455.866 433.186 408.411 386.962 373.264 360.275 341.727 320.297 302.677
19131.1 18047.6 15952 13205.4 10206.4 7344.67 4975.61 3405.21 2735.92 2619.14 2600.44 2512.33 2352.12 2123.36 1838.4 1524.4 1222.8 918.917 787.444 746.138 809.992 915.135 981.045 989.297 946.587 877.297 824.221 751.112 694.978 657.813 637.328 646.631 692.069 734.006 772.23 796.404 787.475 756.742 719.297 678.498 635.685 578.957 511.454 447.105 379.584 324.979 289.92 255.879 245.269 246.896 264.183 294.34 343.342 407.151 453.412 465.697 456.605 466.367 474.2 461.556 427.816 392.407 370.852 355.01 336.984 315.206 298.741
19265.1 18202.2 16121.5 13380.6 10374.9 7493.52 5092.71 3476.74 2750.08 2578.56 2511.49 2384.56 2199.3 1961.09 1682.56 1390.57 1126.43 880.787 757.265 760.736 841.222 934.883 983.352 985.124 929.581 850.774 788.804 717.57 672.376 664.287 676.443 715.716 780.024 822.475 850.44 864.35 834.548 780.182 718.997 655.985 593.984 528.314 459.36 403.949 355.455 328.525 325.615 313.182 303.027 296.886 307.443 332.691 378.182 446.064 496.525 518.919 514.415 521.289 531.768 508.485 469.363 423.869 393.062 372.167 352.885 332.094 315.718
19405.9 18358.1 16284.7 13539.5 10514.4 7596.96 5142.52 3455.64 2657.7 2437.22 2333.92 2180.63 1983.55 1749.67 1492.14 1237.56 1022.56 802.714 734.403 766.24 858.071 930.872 962.099 953.68 895.316 811.651 740.465 681.959 652.112 677.319 718.995 789.624 865.71 910.716 929.168 921.756 869.283 794.648 711.516 628.076 549.517 475.967 410.558 365.242 335.927 327.88 337.802 350.615 361.098 376.724 358.882 380.358 419.711 486.408 541.141 576.12 575.235 578.677 590.629 562.466 516.683 465.986 424.836 395.48 370.906 348.485 330.402
