Code/Output_20260212_141051/2.9_30_700_rms_map_shift_60km.grd
DSAA
170 190
-5100000.0 5040000.0
-5700000.0 5640000.0
212.91039242287363 29774.209222922178
[rows 90 to 119 of 190, columns 0 to 66 of 170]
23588.4 22144.5 19428.9 15872.1 11960.1 8283.13 5201.56 3029.42 2368.69 2482.57 2694.99 2875.82 3030.18 3111.52 3072.31 2655.66 2306.64 2311.17 2294.42 2285.54 2283.55 2254.09 2183.22 2126.66 2121.62 2253.95 2365.71 2511.08 2624.42 2668.91 2739.18 2774.62 2850.7 2877.84 2959.77 3126.18 3246.67 3460.87 3530.67 3684.8 3804.81 3823.2 3871.13 3865.18 3815.31 3746.96 3594.62 3393.39 3002.51 2626.7 2175.27 1927.24 1920.77 1975.6 2039.18 2139.67 2261.44 2366.97 2425.25 2790.74 4524.26 5355.22 5571.16 5376.89 5009.93 4808.23 4654.59
23220.8 21791.8 19119.4 15612.8 11739 8089.27 5030.93 2788.53 2020.73 2129.74 2328.08 2426.27 2516.71 2549.46 2466.39 1995.15 1657.94 1711.74 1721.67 1747.92 1775.06 1813.93 1862.21 1871.93 1928.67 2102.98 2276.05 2488.66 2644.46 2715.65 2796.91 2867.2 3006.96 3097.05 3199.68 3433.29 3623.69 3866.8 3945.14 4071.6 4189.63 4235.55 4329.49 4278.74 4195.8 4085.51 3873.19 3628.8 3235.28 2923.13 2628.93 2492.27 2549.68 2594.81 2680.3 2800.62 2959.51 3098.67 3167.77 3281.17 4735.9 5801.57 6046.06 5907.86 5530.42 5215.52 4916.11
22898.3 21484.9 18854.3 15394.9 11559.4 7943.55 4942.78 2686.66 1804.29 1849.49 2005.01 2069.03 2106.55 2124.36 2042.63 1570.25 1247.44 1262.1 1374.74 1431.71 1476.34 1508.15 1532.99 1641.79 1745.31 1930.29 2135.11 2395.43 2569.82 2617.91 2694.84 2818.59 3029.74 3174.8 3325.93 3625.74 3858.15 4134.84 4244.69 4366.33 4500.71 4603.79 4724.87 4633.2 4523.79 4370.5 4107.96 3826.14 3450.83 3193.21 3018.06 3009.88 3126.97 3177.18 3249.43 3337.33 3488.86 3632.52 3823.33 3942.11 4858.37 6010.98 6241.87 6128.74 5805.48 5460.08 5078.62
22655.7 21262.9 18668.1 15242 11449.5 7861.41 4946.91 2732.26 1665.49 1524.03 1617.55 1656.83 1671.3 1690.9 1647.32 1397.75 1216.15 1129.28 1157.15 1328.86 1409.36 1352.71 1330.82 1435.37 1534.5 1677.02 1872.23 2097.5 2314.79 2374.13 2430.55 2595.82 2880.97 3079.89 3289.63 3655.35 3947.88 4279.8 4428.28 4566.84 4720.88 4876.18 4960.16 4852.77 4725.92 4536.21 4245.9 3948.38 3576.33 3361.35 3250.17 3338.42 3481.98 3550.62 3576.56 3611.31 3725.19 3855.44 4093.95 4307.83 4718.12 5812.78 6109.54 6003.14 5766.82 5474.74 5104.68
22494 21126.5 18558.7 15148.8 11379.8 7796.91 4882.81 2839.66 1583.38 1362.81 1446.84 1507.9 1524.8 1503.83 1462.79 1398.75 1303.62 1207.56 1174.48 1242.17 1295.58 1199.51 1069.85 1116.83 1176.78 1280.73 1439.76 1636.09 1849.57 1959.78 2035.93 2238.46 2598.6 2878.18 3138.92 3538.16 3845.07 4180.47 4356 4535.75 4704.62 4853.97 4916.74 4792.34 4657.5 4450.41 4149.13 3869.87 3537.44 3366.46 3300.4 3421.34 3581.54 3635.38 3628.23 3626.05 3705.07 3792.62 4005.19 4227.17 4311.86 4749.85 5243.46 5415.94 5326.93 5154.67 4878
22394.3 21049.1 18498 15094.3 11325.7 7737.61 4803.82 2870.95 1602.46 1396.61 1491.94 1560.33 1585.14 1531.17 1485.91 1424.81 1331.79 1334.17 1302.72 1242.33 1244.03 1122.45 966.28 994.044 1020.49 1056.7 1142.69 1376.53 1611.14 1742.01 1829.38 2027.26 2404.38 2689.72 2940.06 3268.96 3548.75 3837.13 3979.38 4180.64 4348.93 4487.04 4532.94 4392.85 4260.35 4064.43 3828.83 3592.3 3342.42 3244.08 3204.71 3342.09 3518.59 3575.76 3556.2 3532.03 3572.74 3606.89 3772.24 4033.71 4054.11 4119.6 4213.23 4366.87 4587.25 4787.68 4658.61
22359.9 21027.7 18483.9 15081.8 11311.4 7712.51 4749.37 2763.71 1636.82 1443.96 1528.63 1587.79 1614.79 1549.18 1502.65 1436.48 1325.58 1259.3 1205.89 1193.45 1194.75 1083.47 913.595 900.034 887.82 866.637 933.472 1113.25 1464.91 1593.14 1658.81 1781.1 2152.23 2376.62 2572.69 2838.79 3058.12 3276.32 3382.22 3565.02 3711.86 3827.99 3878.48 3707.54 3623.38 3475.56 3316.56 3149.86 3000.22 2994.15 3006.93 3180.4 3383.58 3465.5 3472.41 3439.99 3442.8 3415.25 3550.61 3837.54 3893.25 3921.21 3938.34 3947.17 4018.16 4158.51 4411.88
22410.9 21085.2 18541.3 15135.8 11358 7740.51 4741.61 2700.58 1666.79 1462.97 1528.22 1576.76 1603.43 1535.55 1484.53 1417.56 1312.38 1206.15 1135.36 1118.14 1125.81 1030.12 858.322 812.501 775.299 746.807 828.085 948.146 1283.42 1527.53 1581.18 1658.36 1947.46 2141.05 2270.54 2468.64 2630.05 2767.38 2802.71 2909.9 3010.89 3069.11 3071.3 2881.45 2799.25 2728.57 2643.47 2566.43 2522.48 2639.73 2758.63 2990.84 3235.73 3348.37 3391.51 3367.2 3327.27 3277.71 3378.88 3614.94 3678.64 3714.25 3748.59 3722.18 3720.49 3832.9 4139.01
22544.4 21221.9 18669.7 15249.9 11453.4 7807.31 4767.84 2678.96 1714.5 1465.19 1490.88 1516.16 1523.19 1460.13 1414.62 1355.71 1256.31 1117.74 1025.24 1015.15 1037.64 968.971 815.653 760.204 724.342 718.711 784.873 888.181 1224.05 1505.44 1570.2 1611.38 1762.77 1878.18 1988.61 2152.61 2271.09 2388.02 2404.09 2498.99 2587.08 2574.73 2509.75 2406.7 2373.47 2357.93 2362.95 2347.41 2356.03 2479.41 2610.34 2857.12 3109.88 3358.25 3334.08 3408.37 3639.23 3187.01 3239.58 3392.9 3454.54 3483.83 3521.34 3483.56 3465.92 3579.08 3919.03
22723.9 21397.3 18824.1 15374.8 11547.1 7866.15 4785.35 2655.34 1645.04 1365.77 1368.32 1380.41 1370.58 1343.79 1309.39 1261.67 1178.49 1061.34 973.628 981.382 1009.46 944.654 796.543 749.883 724.475 719.533 760.576 891.668 1214.98 1568.75 1529.32 1540.27 1651.48 1753.04 1849.02 2004.92 2138.82 2263.29 2263.9 2327.83 2391.73 2251.61 2244.45 2261.31 2270.52 2304.51 2334.76 2335.24 2347.59 2489.99 2672.22 2939.32 3213.37 2987.92 2844.89 2817.9 2993.97 3457.23 3244.07 3299.99 3388.22 3429.97 3475.27 3442.14 3424.96 3515.15 3830.5
22910.5 21566.9 18958.5 15466.8 11600.7 7885.66 4772.35 2622.72 1566.71 1283.4 1255.38 1260.41 1257.86 1257.09 1250.89 1224.68 1170.4 1055.9 962.18 988.509 1010.4 939.03 811.182 763.996 743.072 731.45 784.915 950.845 1225.64 1453.22 1516.45 1523.45 1659.07 1745.7 1835.55 2011.61 2148.21 2260.11 2274.4 2346.18 2230.73 2116.47 2255.27 2403.51 2440.02 2476.98 2498.11 2510.41 2569.34 2741.1 2939.99 3210.47 3163.62 2886.54 2665.31 2538.97 2617.02 3025.13 3501.29 3397.55 3453.98 3476.91 3572.97 3412.73 3378.03 3428.21 3658.02
23094.2 21722.3 19068.9 15527 11618.2 7868.37 4727.6 2576.23 1513.28 1245.68 1200.97 1215.08 1227.03 1238.66 1238.33 1230.39 1181.91 1051.22 986.071 1002.07 1006.07 923.558 796.909 715.379 717.113 775.515 845.93 1008.01 1159.15 1221.46 1260.82 1287.56 1416.47 1608.06 1795.68 1972.98 2089.36 2177.68 2234.66 2230.52 2134.22 2197.3 2393.79 2566.13 2601.82 2609.91 2609.81 2628.89 2726.42 2917.46 3124.22 3395.43 3232.43 3006.13 2778.67 2580.02 2531.66 2810.43 3241.49 3384.81 3395.43 3319.56 3152.06 3122.1 3263.13 3503.01 3699.78
23291.1 21887.6 19185.3 15588.6 11629.9 7835.55 4655.64 2488.58 1404.09 1169.46 1119.34 1145.87 1156.41 1236.4 1249.03 1175.87 1145.86 1046.95 994.202 1000.73 985.206 883.201 757.867 713.916 740.259 848.68 971.104 1133.65 1231.9 1296.53 1334.25 1344.73 1432.03 1602.51 1784.92 1925.41 2009.8 2090.22 2217.12 2150.19 2175.43 2301.13 2457.53 2567.95 2587.36 2574.77 2563.96 2581.51 2662.59 2814.14 2981.66 3273.2 3193 3061.45 2875.61 2648.54 2503.71 2661.89 3035.47 3201.88 3235.49 3103.07 2851.56 2750.49 2853.03 3083.74 3325.44
23505.7 22072.3 19320.2 15665.2 11647.9 7796.16 4559.67 2342.7 1195.17 1000.06 955.343 986.444 1008.15 1018.77 1024.53 1040.87 1032.14 951.328 902.439 903.487 891.272 827.784 745.907 722.627 774.125 911.808 1072.73 1242.37 1357.43 1441.11 1473.83 1459.39 1506.84 1638.31 1783.19 1873 1920.54 1966.97 2073.41 2064.71 2129.89 2232.41 2340.51 2410.77 2374.05 2355.05 2398.03 2570.78 3016.1 3387.49 3482.19 3478.96 3361.59 3186.74 2964.71 2723.02 2556.88 2702.79 3162.17 3453.48 3435.27 3114.86 2749.95 2576.75 2586.65 2699.41 2879.31
23712.1 22251 19451.8 15740.1 11663.5 7754.54 4462.85 2184.47 979.744 826.476 808.689 864.928 898.711 893.342 899.226 921.972 923.501 849.061 791.602 786.236 785.199 771.859 740.147 730.246 791.26 959.857 1153.23 1357.02 1488.81 1558.26 1574.72 1544.63 1568.73 1647.42 1725.87 1769.78 1772.76 1752.71 1780.7 1892.19 1950.37 2008.66 2080.62 2070.81 2018.09 2013.54 2346.62 3181.65 3552.08 3782.63 3971.65 4007.43 3860.31 3600.88 3344.31 3125.55 2997.45 3117.49 3553.25 4071.81 4355.12 3970.5 3115.83 2551.73 2447.64 2435.56 2482.02
23872.1 22386.9 19549.4 15791.8 11667.7 7717.17 4391.61 2071.14 818.474 723.188 742.586 794.186 803.247 779.946 780.431 801.478 808.708 752.559 694.407 676.489 695.641 744.412 766.504 775.145 854.982 1025.08 1238.59 1455.75 1585.08 1640.46 1629.43 1586.97 1580.34 1602.68 1626.54 1635.4 1608.06 1541.49 1527.88 1630.23 1726.18 1731.56 1729.49 1699.51 1678.67 1712.11 2558.34 3384 3692.87 4015.12 4290.34 4352.1 4186.18 3929.41 3757.17 3650.07 3605.13 3703.63 4006.91 4431.44 4828.2 4846.09 4081.19 2828.29 2337.73 2284.02 2211.37
23960.6 22457.7 19595.5 15808.5 11653.9 7680.68 4341.64 1994.93 705.653 655.25 688.971 709.593 686.197 659.63 652.247 675.029 702.969 678.649 688.409 679.534 716.725 758.121 758.52 785.582 931.63 1170.78 1398.69 1631.17 1759.62 1741.69 1719.45 1666.32 1643.1 1638 1628.99 1608.94 1563.02 1470.93 1407.44 1427.96 1491.19 1501.35 1518.19 1506.28 1492.39 1601.88 2936.63 3398.59 3701.19 4037.97 4312.33 4358.78 4221.41 4053.27 4054.22 4125.68 4200.8 4294.16 4513.11 4828.71 5073.3 4992.75 4670.73 3433.14 2213.4 2182.17 2097.57
23985.5 22470.5 19595.9 15794.5 11624.7 7643.6 4303.55 1938.42 623.323 584.027 641.193 658.791 628.942 597.764 587.893 615.072 674.592 690.994 730.399 732.872 758.482 768.271 783.762 833.723 997.789 1294.13 1553.59 1781.51 1905.91 1908.95 1877.57 1819.21 1788.79 1769.29 1733.35 1667.13 1593.6 1485.47 1382.3 1347.18 1403.04 1424.35 1476.38 1463.84 1435.34 1547.88 2988.24 3341.19 3575.12 3853.95 4102.04 4178.44 4165.53 4197.88 4395.03 4606.01 4758.34 4851.07 4993.51 5205.87 5296.09 5039.71 4636.2 4036.35 2467.74 2177.71 2154.67
23975 22450.7 19570.2 15763.3 11588.8 7609.63 4276.61 1903.46 583.886 540.258 599.981 614.551 581.382 551.318 534.608 570.691 664.414 722.252 744.196 746.651 771.711 792.144 820.188 884.829 1065.16 1380.31 1717.95 1958.43 2091.44 2115.22 2094.4 2043.53 2001.92 1958.87 1886.37 1774.16 1654.56 1516.39 1373.51 1315.73 1349.78 1381.99 1432.05 1414.24 1383.67 1495.52 2945.6 3215.77 3333.73 3536.04 3768.97 3946.98 4098.82 4304.89 4642.44 4941.72 5128.36 5186.56 5225.19 5323.37 5275 4918.42 4472.77 4111.12 2870.15 2128.11 2209.23
23949.9 22417.6 19534.2 15726.7 11553.2 7580.43 4258.61 1889.75 582.551 527.265 580.646 589.781 545.346 497.333 446.143 495.788 622.491 705.839 719.239 720.222 752.819 783.71 822.356 903.887 1105.2 1437.32 1799.76 2094.37 2284.11 2338.74 2340.03 2303.12 2255.37 2197.78 2088.83 1937.36 1765.3 1587.69 1405.37 1314.53 1304.99 1310.51 1386.73 1385.46 1367.72 1471.4 2891.6 3042.11 3031.53 3182.1 3466.63 3760.51 4051.68 4381.87 4815.67 5178.93 5383.26 5391.67 5310.51 5279.27 5120.2 4690.07 4232.46 3916.44 3066.06 2286.07 2460.17
23913.8 22377 19495 15692.1 11523.1 7557.4 4248.03 1893.54 594.347 514.647 564.533 577.888 533.784 474.231 409.085 467.705 604.156 691.406 701.309 701.121 738.237 773.875 817.872 907.462 1117.5 1457.88 1832.71 2140.68 2359.78 2486.59 2512.32 2464.68 2389.25 2300.56 2178.08 2017.54 1880.96 1675.26 1451.02 1311.25 1289.01 1284.25 1432.83 1477.76 1461.43 1541.61 2843.22 2849.72 2731.14 2880.33 3220.54 3594.02 3979.43 4406.65 4924.84 5352.13 5578.28 5569.49 5393.5 5239.72 4974.97 4462.97 3963.26 3630.09 2756.37 2327.65 2524.49
23861.9 22326.9 19453.2 15662 11502 7543.67 4246.2 1909.15 629.281 530.669 575.762 591.711 558.123 510.215 454.945 512.851 634.807 703.708 702.589 709.201 750.049 788.122 832.511 914.894 1109.04 1439.19 1819.19 2138.76 2369.4 2510.62 2558.36 2535.94 2480.6 2401.43 2274.65 2097.38 1940.3 1774.91 1520.17 1342.29 1286.12 1287.02 1464.99 1523.17 1506.98 1560.5 2813.4 2710.9 2549.96 2687.69 3016.33 3393.28 3810.05 4308.13 4915.48 5422.11 5677.45 5649.27 5423.65 5193.72 4886.5 4351.67 3860.81 3394.02 2502.35 2391.87 2611.31
23793.7 22266.8 19407.7 15635.1 11490.6 7542.41 4255.54 1931.23 676.494 569.385 604.848 611.874 585.754 561.297 515.283 566.794 657.34 697.826 698.541 717.89 766.723 812.489 860.992 932.606 1092.89 1389.46 1756.27 2074.15 2303.59 2447.9 2512.66 2520.11 2498.81 2449.97 2344.85 2177.57 2013.32 1831.91 1533.47 1291.73 1174.36 1175.77 1365.35 1435.84 1445.85 1518.63 2780.69 2736.53 2572.09 2648.12 2876.67 3177.82 3575.06 4121.11 4830.26 5435.77 5739.82 5713.43 5456.15 5179.47 4835.13 4296.71 3822.41 3260.92 2454.89 2468.57 2646.24
23710.9 22195.8 19354.2 15605.6 11484.5 7552.62 4275.72 1956.87 721.392 611.465 641.603 635.284 606.754 599.288 578.925 613.657 661.732 682.264 692.933 725.43 778.34 838.66 898.157 964.023 1084.73 1319.87 1634.95 1916.07 2113.08 2235.24 2302.27 2336.25 2356.09 2350.94 2281.32 2134.57 1972.75 1766.59 1448.28 1174.7 1059.06 1086.8 1308.72 1416.52 1516.41 1715.88 2839.17 2909.87 2759.12 2771.2 2885.47 3069.72 3341.38 3847.5 4649.52 5387.55 5758.39 5774.1 5533.92 5242.31 4863.7 4293.32 3789.33 3226.52 2568.33 2625.21 2744.55
23612.5 22108.1 19284.2 15563.3 11473.6 7565.12 4298.32 1979.54 772.826 655.864 686.822 664.66 632.18 630.14 625.285 639.393 655.461 672.569 702.441 745.44 797.12 858.714 916.137 963.685 1043.17 1208.98 1447.15 1666.38 1800.94 1887.97 1952.29 2015.94 2084.61 2133.42 2106.93 1983.4 1833.75 1622.47 1357.34 1168.79 1148.6 1230.21 1483.33 1667.3 1904.61 2214.66 3064.58 3253.33 3167.38 3194.21 3254.49 3324.54 3464.54 3869.28 4621.71 5422.64 5848.01 5917.77 5722.75 5433.93 5017.75 4388.33 3811.02 3277.08 2759.66 2796.2 2817.14
23499.7 22000.7 19192.6 15501.5 11447.1 7564.1 4304.41 1978.63 786.618 697.158 693.671 655.438 625.537 632.033 636.961 642.109 654.669 689.96 737.096 782.136 828.147 876.413 897.075 916.906 968.913 1078.43 1235.19 1386.5 1445.67 1497.25 1560.52 1654.28 1785.45 1920.92 1964.46 1866.39 1710.67 1524.57 1351.86 1305.18 1449.01 1624.26 1946.38 2225.86 2526.4 2855.67 3465.97 3751.15 3727.88 3780.57 3816.9 3815.85 3860.57 4160.39 4821.81 5583.93 6019.2 6117.45 5966.1 5684.92 5228.57 4531.13 3863.89 3346.02 2937.67 2881.13 2810.9
23389.5 21889 19093.4 15430.1 11407.7 7543.66 4281.83 1937.42 726.162 632.813 629.388 589.186 579.312 607.973 624.542 636.557 663.021 710.087 751.596 788.865 829.525 851.409 863.06 888.484 951.066 1051.81 1160.06 1245.15 1256.45 1268.49 1321.48 1428.26 1591.18 1763.63 1865.01 1818.86 1653.92 1500.52 1404.06 1452.92 1711.03 1987.9 2367.13 2702.62 3078.82 3478.07 3898.94 4224.48 4243.9 4304.47 4312.45 4262.78 4249.3 4489.72 5070.64 5783.47 6212.45 6307.17 6176.78 5878.78 5369.95 4621.03 3893.75 3354.28 3011.99 2889.2 2814.1
23307.3 21802.7 19016.3 15375.3 11376.7 7522.07 4249.7 1883.22 646.606 539.56 527.995 490.851 500.733 551.819 576.171 595.665 628.076 664.693 682.986 699.595 725.318 726.421 759.936 809.863 912.886 1048.74 1171.8 1243.43 1247.84 1234.12 1262.31 1349.08 1497.94 1661.82 1773.03 1759.86 1634.38 1519.02 1472.47 1571.91 1852.4 2181.1 2627.45 3030.8 3470.9 3842.62 4152.27 4550.02 4598.39 4645.02 4598.22 4482.48 4434.48 4680.09 5258.83 5977.56 6427.46 6511.14 6358.33 6019.98 5472.18 4706.23 3943.77 3390.64 3077.57 2971.49 2957.62
23257.2 21752.7 18975 15351.1 11370.1 7521.03 4237.71 1855.68 622.549 512.329 492.271 450.589 456.708 498.21 521.199 534.451 556.689 568.346 556.295 542.763 557.949 597.22 662.142 745.668 892.534 1076.41 1239.25 1329.82 1336.43 1316.7 1327.79 1379.11 1481.43 1608.61 1717.14 1735.48 1656.28 1580.65 1575.37 1698.07 1955.77 2270.24 2689.47 3096.31 3552.77 3952.13 4232.47 4638.1 4719.23 4740.09 4615.02 4409.6 4319.59 4623.27 5317.51 6146.07 6673.97 6748.18 6546.12 6154.06 5575.05 4822.57 4084.85 3520.3 3205.75 3133.13 3149.6
23216.3 21720.1 18954.8 15347.4 11384.3 7546.07 4259.07 1867.25 657.207 556.699 534.833 490.074 483.457 493.814 503.788 508.189 520.582 512.385 477.273 425.538 408.621 451.688 546.136 661.667 850.42 1078.01 1281.94 1403.67 1429.61 1425.73 1441.86 1473.01 1536.54 1631.61 1734.01 1768.69 1720.92 1664.36 1682.53 1811.45 2032.84 2308.86 2692.31 3070.73 3485.16 3869.79 4145.52 4436.41 4545.4 4553.63 4360.16 4067.66 3942.18 4363.66 5228.49 6224.86 6891.59 7033.94 6808.68 6377.14 5767.53 4983.89 4112.88 3479.09 3255.07 3204.38 3218.87
