Code/Output_20260212_141051/2.9_30_700_rms_map_shift_60km.grd
DSAA
170 190
-5100000.0 5040000.0
-5700000.0 5640000.0
212.91039242287363 29774.209222922178
[rows 0 to 29 of 190, columns 0 to 66 of 170]
24140.1 25158.2 25813.1 26313.4 26831.4 27391 27925 28336.3 28545.3 28604.8 28684.9 28730.8 28763.8 28779.1 28785.7 28778.3 28785.7 28821.1 28879.4 28944.7 28950.5 28903.7 28902.5 28889.8 28843.8 28854.9 28899.9 28939.2 29001.9 29033.1 29011.5 28995.6 28960.2 28844.9 28731.6 28668.1 28544.1 28427.6 28374 28311.6 28269.2 28436.6 28596 28637.6 28766.6 28879.3 28941.4 29009.7 29050.1 29033.4 28986.4 28985.8 29022.5 29005.4 29076.8 29038.5 28999.5 28970.6 28946.7 28930.9 28943 28981.4 28967.8 28743.6 28649.4 28537 28552.2
25493.4 26192.5 26416.4 26444.1 26554 26816.4 27189.3 27532.2 27703.8 27752.1 27811.4 27843 27867.2 27881.8 27892.8 27887.2 27903.2 27936 27987.8 28069.6 28073.3 28031.6 28038.3 28027 27988.2 27999.1 28039.1 28079.7 28142.9 28175.4 28139.8 28094.1 28049.9 27932.1 27831.6 27749.6 27618.7 27494.1 27420.5 27337.4 27275.9 27488 27681.6 27738.2 27882 27997.2 28076.1 28168 28214.1 28189.7 28145.9 28148.7 28174.5 28181.9 28252.4 28195.9 28142 28097.8 28051.7 28032.1 28060 28100.8 28087.3 27842.5 27707.8 27605.5 27628.5
26314.4 26556.4 26172.8 25525.8 25025.1 24822.7 24929.9 25149.8 25267.9 25293.2 25332.9 25339.7 25352.5 25370.1 25386.4 25382.1 25404.2 25431.8 25476.9 25570.5 25579.4 25538.7 25563.5 25561.9 25531.6 25544 25578 25619.6 25679.3 25713.1 25668 25599.5 25557.7 25450.1 25373.9 25286.6 25162.3 25036.3 24941.4 24841 24760.2 24994 25187.5 25246.2 25396.2 25509.1 25606.4 25719.1 25773.4 25744.3 25701.6 25713.7 25705.1 25730 25796.7 25723.3 25649.4 25579.4 25504 25472.8 25519.7 25565.4 25550.4 25327.2 25190 25105.6 25131.9
26860 26580.7 25482.7 24002.4 22694 21847.7 21570.9 21605.2 21651.3 21651.2 21664.5 21641.5 21640.5 21659.7 21677.4 21677.7 21703.2 21720.9 21765.2 21876.2 21897.1 21866.9 21910.7 21921.6 21903.9 21921.6 21949.6 21994.9 22054.9 22084 22026.1 21931.1 21895.2 21806.6 21756 21677.4 21578.2 21459.2 21341 21220.3 21121.7 21360.1 21557.8 21627.2 21778.3 21889.5 21996.6 22118.3 22171.9 22140.2 22103.5 22131.5 22092.3 22126.2 22177 22088.7 21993.5 21899.9 21798.3 21762.6 21824.5 21868.6 21846.5 21658.4 21521.6 21452.5 21478.2
27332.6 26553.8 24733.1 22351.2 20081.4 18396.7 17590.7 17363.6 17321.9 17303.2 17278.5 17229.5 17215.6 17228.2 17241 17254 17282.9 17275.3 17326.7 17461.8 17501.6 17506.3 17559 17577.7 17582.2 17608 17625.5 17674.5 17743.4 17753.4 17672.1 17540.5 17502.1 17438.5 17411.4 17358.8 17313.3 17220.7 17083 16951.8 16845.1 17076.9 17300.5 17403.3 17547.4 17656.5 17753 17860.2 17890.3 17867.1 17849.9 17899.5 17849.2 17883.8 17901 17804.8 17694.5 17587.7 17465.4 17437.6 17495.6 17514.5 17475.3 17319.7 17167.9 17107.6 17129.5
27853.2 26665.7 24220.3 21003.9 17735.3 15047 13517.6 12928.5 12796.1 12774.6 12713.8 12656.5 12636.4 12637.2 12652.8 12690.8 12723 12688.7 12740.9 12882.6 12945.9 12994.8 13040.4 13055.7 13083.8 13105.8 13095.3 13132.2 13193.2 13172.1 13059.1 12891.1 12837.4 12798.6 12804.3 12801 12837.1 12784.4 12650.1 12540.4 12447.8 12674.3 12927.2 13079.5 13204.7 13297.2 13358.8 13427.1 13444.3 13456.9 13484.3 13545.8 13494.2 13515.2 13487.2 13392 13275.3 13157.3 13012.8 12979.6 12994.9 12946.2 12889.1 12765.5 12594.4 12545.3 12563.5
28435.6 26980.1 24081.4 20221.9 16093.8 12383.6 9921.15 8801.83 8554.96 8529.52 8455.25 8406.97 8378.19 8369.78 8397.97 8457.72 8490.89 8444.68 8489.2 8609.86 8689.4 8758.25 8776.89 8776.72 8817.6 8818.98 8777.64 8795.19 8838.43 8777.13 8645.85 8478.28 8401.63 8405.95 8470.24 8527.6 8643.38 8646.97 8536.79 8463.91 8392.64 8616.95 8854.71 9049.17 9124.46 9164.12 9168.33 9179.83 9188.65 9225.24 9286.07 9351.93 9304.81 9330.44 9272.01 9193.71 9087.2 8977 8834.74 8784.17 8757.59 8656.48 8588.06 8483.36 8290.03 8270.4 8307.46
29013.7 27426.3 24244.3 19977.1 15278.2 10790.3 7353.64 5455.9 5008.29 4979.85 4920.72 4881.85 4827.34 4819.41 4867.95 4934.44 4968.46 4925.21 4976.53 5077.13 5160.53 5228.02 5204.55 5255.55 5233.03 5159.86 5074.04 5017.45 4995.53 4980.88 4895.49 4753.21 4673.18 4744.45 4888.45 5013.65 5213.83 5261.62 5184.84 5171.61 5122.09 5339.07 5537.94 5769.3 5748.87 5722.95 5650.8 5606.04 5614.23 5662.18 6184.04 6155.21 6099.54 6057.48 5987.2 5908.31 5578.3 5481.73 5350.19 5279.38 5214.19 5078.02 5015.55 4885.47 4669.96 4707.17 4811.32
29453 27816.8 24486.2 20011.5 15043.1 10170 6093.52 3333.44 2449.26 2401.08 2379.87 2351.01 2263.3 2263.71 2307.48 2359.04 2382.17 2347.06 2384.84 2458.8 2514.22 2545.42 2563.19 2555.62 2536.39 2456.89 2343.59 2255.16 2222.39 2200.15 2203.54 2112.5 2114.76 2185.53 2256 2404.43 2588.5 2682.7 2665.19 2712.59 2754.62 2776.75 2828.43 2943.68 2984.7 3022.52 3055.39 3072.83 3080 3087.77 3088.96 3085.93 3062.44 3048.58 3007.15 2983.07 2936.13 2871.55 2788.95 2733.56 2681.76 2629.83 2623.25 2329.64 2089.99 2214.72 2458.49
29665.1 28023.1 24630.6 20081.7 15043.7 10062 5788.67 2639.67 1200.18 749.592 748.324 771.563 771.364 802.384 838.03 876.034 918.702 984.539 988.052 1039.6 1102.33 1124.59 1187.96 1228.02 1210.69 1146.91 1052.39 936.468 888.374 878.244 850.24 799.91 906.728 978.571 1071.31 1314.57 1522.92 1593.59 1526.24 1538.3 1528.28 1425.82 1370.48 1374.95 1292.27 1254.03 1260.95 1261.45 1262.4 1285.62 1319.95 1364.55 1400.57 1418.07 1398.73 1431.45 1418.53 1380.38 1316.41 1273.47 1217.94 1180.88 1190.64 1135.56 897.472 1028.06 1439.32
29679.4 28046 24628.4 20071.2 15046.7 10060.6 5789.21 2654.51 999.24 387.156 458.463 531.583 548.001 593.662 646.38 688.928 746.802 872.8 878.805 920.172 964.766 939.251 1020.33 1068.6 1047.38 992.841 915.456 843.062 797.659 773.059 757.854 735.113 835.602 928.345 1048 1289.97 1479.57 1522.54 1431.65 1428.35 1410.55 1285.05 1193.14 1166.33 1085.45 968.954 895.771 827.816 777.767 768.924 807.038 879.295 973.908 1043.43 1094.14 1166.26 1166.36 1129.26 1055.26 996.84 932.295 897.061 913.422 812.727 652.833 829.323 1161.37
29644.4 28010.9 24578.4 20028.3 15023.8 10050.4 5794.42 2720.32 1000.82 394.481 487.597 562.601 578.36 615.3 668.727 717.345 764.458 879.279 891.813 946.712 997.78 980.475 1083.63 1117.81 1102.36 1047.03 970.665 894.439 831.704 742.663 724.797 699.727 777.477 901.347 1044.85 1287.96 1478.23 1506.91 1410.91 1417.62 1419.62 1320.62 1234.79 1232.57 1210.69 1139.05 1017 881.251 776.497 715.779 716.377 783.1 917.48 1032.07 1128.18 1209.81 1203.08 1142.57 1025.58 926.195 845.168 794.371 837.539 780.457 767.123 893.078 1124.65
29608.1 27984.8 24548.2 20007.3 15014.4 10057 5808.09 2813.09 1020.38 410.477 497.331 566.574 580.723 609.465 653.443 705.218 751.085 853.26 884.493 948.118 1000.52 1016.63 1134.47 1169.39 1158.19 1102.22 1033.54 958.607 895.33 744.385 682.646 663.878 735.86 884.624 1043.46 1288.94 1498.14 1525.32 1436.66 1454.01 1471.23 1401.9 1328.19 1343.1 1357.63 1341.63 1214.22 1022.81 868.052 750.253 689.421 709.489 858.915 1002.62 1126.26 1219.2 1221.01 1188.88 1124.42 1086.09 1080.31 1093.3 1160.53 1160.48 1150.81 1145.71 1217.9
29528.2 27925.8 24512 19992.3 15017.4 10081.1 5861.52 2953.53 1053.42 424.809 505.723 575.126 586.599 606.917 635.786 683.338 745.409 865.064 892.039 945.554 997.19 1035 1146.36 1181.46 1173.94 1121.98 1066.93 1004.77 961.018 764.805 632.729 602.288 661.912 847.257 1014.69 1274.33 1512.52 1546.51 1461.51 1482.26 1512.06 1472.51 1415.34 1450.92 1474.01 1481.79 1360.57 1176.42 1015.76 865.211 738.679 684.431 796.826 934.877 1063.25 1163.17 1177.34 1174.45 1159.18 1161.81 1161.58 1182.46 1256.39 1273.71 1266.09 1236.5 1257.88
29406.1 27848.9 24483.3 19991.9 15037.8 10127.5 5959.52 3136.21 1094.68 453.415 533.652 599.902 610.233 621.806 628.804 658.081 721.388 859.663 880.029 928.736 988.549 1037.49 1137.2 1168 1164.16 1117.35 1079.91 1039.67 1025.39 803.83 620.661 571.179 611.319 813.88 976.234 1247.81 1504.96 1547.68 1469.12 1487.52 1518.64 1507.54 1477.42 1535.81 1549.42 1551.26 1420.6 1257.82 1131.09 997.511 850.775 738.595 767.844 853.451 956.603 1050.84 1072.51 1084.37 1092.6 1105.1 1099.39 1118.48 1197.73 1241.3 1250.18 1227.45 1235.4
29332.3 27790.5 24454.5 19985.6 15046.3 10156.9 6016.53 3311.8 1121 517.861 602.573 660.396 661.083 657.106 637.254 638.393 681.332 800.876 833.734 893.937 972.071 1030.67 1107.39 1114.6 1098.84 1047.59 1025.41 1010.58 1021.95 799.488 614.496 561.984 595.018 794.947 939.197 1208 1443.08 1483.64 1424.86 1447.58 1477.29 1488.8 1487.31 1543.32 1532.51 1507.72 1371.08 1239 1151.72 1053.01 932.225 817.64 782.525 797.905 848.27 911.913 924.283 948.354 981.993 1000 988.097 1003.18 1087.57 1162.23 1189.76 1172.83 1168.42
29315.8 27762 24432.5 19979.4 15052.6 10176.9 6060.07 3300.7 1148.44 610.965 708.627 756.819 737.972 709.823 663.238 630.13 633.631 720.722 773.072 858.974 958.906 1011.04 1026.75 984.733 951.089 913.156 910.701 920.7 926.066 733.514 604.762 565.544 616.233 806.821 949.73 1165.35 1313.92 1348.23 1307.26 1326.8 1348.12 1385.95 1404.98 1409.28 1334.22 1291.41 1195.23 1127.02 1110.21 1037.19 948.49 854.978 791.592 767.628 753.336 766.823 761.921 802.056 846.768 858.614 847.631 872.203 960.145 1042.46 1080.4 1067.82 1052.73
29295.3 27713 24380.1 19942.7 15037.6 10172.1 6089.53 3187.12 1171.82 689.371 818.127 860.117 826.591 778.791 716.446 652.984 606.287 658.674 721.101 829.571 941.963 973.402 931.016 874.897 864.712 850.424 867.672 883.484 861.395 712.558 617.424 561.759 610.986 799.384 944.146 1073.66 1153.46 1175.53 1144.72 1146.21 1160.11 1203.73 1258.48 1214.98 1120.8 1088.06 1058.31 1013.74 1153.55 1104.1 1037.58 961.492 879.988 825.07 746.955 705.409 687.075 702.818 726.008 731.992 729.326 757.671 844.534 918.183 956.531 949.248 925.847
29242.2 27608.4 24275.9 19862.1 14985.2 10133.3 6078.42 3162.05 1169.32 724.466 901.62 949.729 908.483 849.979 781.713 699.216 615.18 619.762 678.819 803.333 919.227 921.434 857.469 822.783 866.128 870.118 896.656 899.356 850.142 735.754 647.506 590.497 625.62 784.857 936.785 977.79 1025.7 1043.25 1024.2 1031.29 1031.95 1070.18 1116.93 1057.94 969.251 978.222 1021.6 1002.13 1073.16 1152.16 1093.68 1016.48 932.999 869.778 763.332 675.16 625.747 608.098 616.055 630.072 639.536 671.349 750.995 809.126 847.131 848.891 833.51
29170 27487.9 24166.2 19783.5 14925.7 10089.8 6057.26 3129.5 1149.36 706.975 918.791 993.335 950.049 903.321 839.549 756.744 654.04 614.839 644.399 767.126 873.371 866.396 821.854 823.689 861.428 906.389 928.029 924.232 838.818 747.168 686.834 639.194 660.05 800.946 881.111 906.871 923.51 928.608 912.745 940.944 952.678 969.787 1023.98 993.423 912.735 929.145 978.153 892.145 951.791 973.138 990.791 946.504 847.793 769.567 727.594 658.203 588.824 531.115 519.139 535.722 550.386 583.095 659.158 714.094 753.211 774.769 793.295
29101 27411.1 24095.9 19732.8 14877.3 10062.8 6046.36 3116.91 1143.49 687.175 881.077 932.356 873.696 867.111 835.964 779.802 682.366 623.289 600.988 682.094 765.683 785.698 776.878 808.255 827.085 880.373 907.727 903.349 781.928 689.819 677.592 659.943 667.28 758.591 797.138 808.481 822.788 815.543 802.946 838.866 879.92 937.354 1031.18 1058.35 1018.81 991.099 1014.06 832.156 887.543 890.918 886.952 841.994 744.745 671.197 645.938 632.028 574.781 490.916 459.293 466.699 477.641 506.101 582.459 649.609 682.428 728.758 785.731
29063.4 27353.5 24041.6 19681.5 14820.3 10034.4 6034.35 3191.15 1143.86 694.797 835.769 807.391 739.528 735.117 755.573 725.816 643.171 571.437 505.258 541.737 595.257 667.073 709.459 763.912 804.805 839.673 870.077 881.21 776.994 680.965 671.174 673.018 662.658 660.016 719.086 742.215 770.042 748.918 726.654 753.229 807.598 899.846 1030.69 1074.83 1052.17 1055.07 1094.89 891.23 940.612 932.365 919.05 852.163 748.244 703.162 679.916 660.201 595.119 513.107 467.396 459.928 464.37 487.294 562.632 650.38 707.034 783.593 864.277
28978.2 27254.2 23943.5 19587.7 14737.6 9986.32 6022.39 3154.02 1153.81 722.608 818.087 783.173 725.796 710.377 749.702 730.049 671.874 612.051 540.128 538.45 562.234 639.836 684.32 746.75 789.464 812.555 845.24 874.037 813.466 737.95 755.172 781.205 760.848 732.186 785.564 897.22 899.049 872.944 834.532 826.455 845.774 903.167 1051.14 1119.93 1134.85 1100.29 1149.72 1063.78 1103.64 1099.11 1048.37 959.534 805.121 773.171 741.091 707.722 695.706 614.988 550.256 522.941 514.391 531.354 605.56 713.923 815.304 933.404 1022.83
28910.1 27183.2 23877.2 19546.9 14720.2 9984.39 6041.15 3127.53 1164.98 759.88 827.214 816.759 753.934 697.969 736.185 731.889 696.984 665.396 602.979 586.298 584.61 627.991 658.928 707.409 746.712 764.03 805.159 858.334 833.481 786.281 848.695 898.462 881.786 875.432 894.45 984.032 980.849 954.246 909.427 881.769 875.728 886.144 1005.47 1068.87 1107.24 1071.96 1131.7 1083.78 1105.02 1085.04 1038.72 964.872 799.172 772.662 739.233 725.225 776.688 709.858 624.56 555.874 517.115 529.177 612.077 737.495 843.17 970.127 1029.69
28906.3 27187 23867.7 19565.9 14756.4 10024 6065.45 3078.04 1169.87 812.362 862.937 867.903 799.302 694.004 721.029 734.343 719.429 713.613 663.159 643.37 623.651 634.412 669.327 706.833 736.937 747.809 796.974 870.812 873.116 843.893 956.107 1027.01 1028.95 1035.25 1025.18 1055.01 1038.03 1010.91 964.637 928.267 909.08 869.967 908.786 952.642 990.599 970.295 1017.86 987.653 1009.1 1007.04 985.487 933.581 776.745 753.975 737.46 738.699 840.126 797.264 726.606 620.502 545.765 551.233 643.984 782.314 882.468 1012.57 1072.43
28939.3 27200.1 23845.3 19550.4 14763.4 10015.7 5988.36 2988 1147.46 840.781 880.929 882.781 822.186 708.074 716.905 731.691 724.436 741.374 700.194 690.864 669.372 672.601 711.315 735.246 759.362 766.988 812.752 894.103 906.397 878.277 1019.09 1114.39 1145.7 1154.66 1135.81 1144.83 1163.43 1158.04 1121.6 1083.63 1051.4 968.467 944.493 947.593 972.654 945.877 956.108 914.043 938.496 950.42 953.76 925.35 760.913 726.765 732.385 758.992 907.055 880.173 820.964 703.32 591.028 578.933 674.993 814.763 853.359 975.244 1016.38
28979.4 27231.9 23861.8 19574.7 14805.2 10044.8 5957.47 2943.62 1119.9 845.539 870.524 865.456 811.305 717.235 731.905 750.107 755.179 776.237 745.159 744.071 732.08 737.314 763.466 780.438 801.219 805.56 836.308 904.458 939.361 936.79 1076.1 1136.14 1193.05 1208.65 1191.62 1218.29 1282.83 1302.52 1277.31 1243.75 1210.53 1114.11 1078.96 1056.06 1071.35 1023.51 972.614 898.324 917.857 932.022 948.718 936.55 760.077 711.552 732.823 770.163 950.403 930.932 880.284 756.044 643.142 618.973 711.645 854.889 860.989 968.606 992.938
29036.1 27299.3 23939.6 19655.2 14874.8 10131.4 6019.69 2925.53 1085.49 834.661 828.386 823.413 777.999 741.113 762.771 787.729 796.962 811.76 799.289 807.401 807.205 811.595 829.318 828.205 844.305 826.877 830.339 870.854 913.177 930.878 1019.01 1026.35 1075.33 1110.47 1087.18 1175.76 1269.88 1308.06 1300.72 1283.43 1263.23 1186.65 1177.63 1149.66 1167.53 1098.85 1000.15 908.81 915.938 921.758 935.301 928.622 748.799 692.364 725.256 755.128 949.743 937.351 904.51 784.1 682.113 660.973 750.869 891.38 918.122 1002.4 1001.54
29095 27365 24017.4 19732 14938.4 10205.8 6064.67 2895.71 1039.64 808.153 776.14 776.448 742.815 759.686 762.579 776.568 783.094 792.866 815.911 841.883 855.593 863 887.934 864.224 880.796 858.032 838.488 861.659 885.672 919.642 1004.75 1003.87 1026.76 1048.33 1033.05 1138.26 1228.97 1266.94 1272.86 1284.44 1248.76 1164.98 1181.92 1167.21 1193.64 1120.13 1001.38 892.077 888.885 880.686 887.197 892.472 728.282 679.238 697.658 708.582 928.463 942.544 923.023 809.69 711.848 694.438 783.327 914.454 988.042 1048.71 1034.72
29099.9 27380 24049.4 19767 14971.1 10226.4 6063.85 2848.73 969.462 760.608 728.407 735.452 713.249 765.085 727.951 725.032 741.176 767.131 814.802 868.093 884.127 903.488 936.447 908.025 913.822 906.329 877.495 887.79 901.288 973.907 1074.98 1079.21 1087.27 1096.5 1070.73 1124 1209.45 1246.35 1258.85 1274.57 1182.29 1100.6 1112.02 1126.5 1159.05 1082.28 958.903 840.435 842.33 830.068 839.394 871.149 770.576 749.765 719.761 706.234 919.506 951.704 940.251 836.436 738.468 719.491 803.875 924.878 1024.68 1084.58 1066.04
