Code/Output_20260212_141051/2.9_30_700_rms_map_shift_60km.grd
DSAA
170 190
-5100000.0 5040000.0
-5700000.0 5640000.0
212.91039242287363 29774.209222922178
[rows 0 to 29 of 190, columns 67 to 133 of 170]
28591 28682.6 28749.5 28799.3 28817.5 28834.5 28850.8 28862.5 28831.7 28867.7 28896.9 28885.5 28840.3 28928.4 28973.7 28987.1 28960.8 28995.6 29027.3 29023.7 28986.3 28936.9 28905.1 28869.9 28705.7 28566.2 28465.2 28410.4 28333.1 28388.4 28540.5 28738.9 28933 29103.1 29356.8 29625.2 29674.1 29724.4 29735.8 29774.2 29717.4 29596.7 29448.4 29309.2 29208.7 29013.8 28816.2 28876.4 28950.1 29044.6 29071 29076.8 29073.2 29040.4 29002.3 28955 28949.7 28971.8 28993.5 29005.4 29002.7 29000.5 29035 29068.3 29117 29084.9 29063.4
27659.2 27754.6 27822.1 27871.9 27882.9 27904.9 27926 27932.2 27926.2 27952.9 27979 27976 27935.8 28044.5 28100.4 28113.8 28091 28133 28163.1 28141.3 28100.8 28062.5 28056.1 28046.8 27899.3 27748.6 27648.5 27588.9 27486.8 27494.1 27609 27807.7 27982.4 28087 28307.4 28513.6 28510.4 28545.8 28564.8 28621.1 28611.1 28530.8 28393.7 28266.5 28207.4 28020.9 27856.7 27975.2 28074.1 28167.6 28193.3 28195.2 28185.2 28150.6 28117 28080.1 28073.8 28091.2 28120.3 28132.3 28126.5 28128 28172 28210.5 28250.3 28199.2 28160.8
25150.6 25238.6 25303 25349.5 25349.3 25373.8 25394.9 25398.3 25417.6 25430.9 25449.5 25453.7 25427.2 25537 25599.1 25615.2 25597.7 25640.5 25662.3 25615.9 25572.9 25555.4 25600.4 25635.7 25551.3 25419.2 25325 25268.1 25159.7 25127.1 25190.6 25380.8 25513.4 25520.4 25633.6 25721 25665.2 25694.8 25719.3 25779.2 25812.1 25787 25668.5 25561.4 25547.6 25421 25320.5 25472.8 25579.1 25662 25688.6 25685.5 25670.2 25637.6 25616.3 25595.1 25589.9 25603 25641.2 25653.2 25649.5 25658.1 25710.9 25753 25773.9 25709.5 25655.9
21484.9 21553.9 21609 21642.8 21632.6 21661.6 21684.2 21688.4 21730.9 21730.7 21742.5 21754 21746.5 21847.8 21915.6 21936.2 21919.5 21956.5 21966.1 21900.2 21858.6 21862.9 21953 22021.9 22001.2 21894.1 21814.1 21770.8 21663.8 21586.1 21599.6 21760.6 21837.6 21746.8 21743 21705 21597.3 21610.9 21631 21691.9 21774.9 21801.7 21715.8 21640.4 21676.5 21627.5 21601.6 21780.3 21890.4 21960.3 21984.3 21979.2 21962.5 21935.8 21929.8 21925.2 21920.6 21928.1 21973.4 21982.2 21980.4 21992.8 22046 22084.6 22085.7 22012.7 21946.8
17125.2 17170.2 17212.8 17230.3 17217.9 17256.2 17284.5 17292 17355.5 17344.8 17353.5 17374 17380.3 17470.5 17537.3 17553.8 17534.4 17560.8 17558.1 17485.2 17450.6 17467.6 17567.6 17640.6 17646.2 17558 17505.4 17478.9 17374.2 17250.8 17217.5 17328.1 17352.1 17197.5 17121.5 17004.7 16853.6 16833.7 16846.7 16913.1 17049 17120.5 17081.2 17048.6 17132 17148.1 17192.9 17394.1 17507.2 17557.2 17572.5 17569.7 17557.1 17540.4 17548.5 17559.2 17553.6 17541.7 17583.5 17583.3 17578.6 17586.4 17625.8 17650.2 17635.9 17558.1 17484.1
12549.9 12575.8 12612.9 12620.4 12615.4 12667.1 12701 12710 12793.8 12775.1 12781.8 12813.6 12830.3 12910.3 12964.2 12964 12940.9 12959.3 12948.7 12879.2 12855.3 12879.2 12965.3 13026.5 13038.2 12983.7 12966.6 12957.5 12853.9 12700.8 12633 12694.7 12673.3 12484.1 12384.9 12232.5 12042 11979.3 11990.1 12071.1 12247 12350.4 12352.2 12363.4 12481.5 12531.6 12628.4 12831.7 12940.9 12961.7 12959 12957.5 12949.7 12946.8 12969 13000.3 12991.5 12947.4 12970.1 12956.6 12942.9 12938.8 12955.7 12963.8 12938.4 12863.9 12784.3
8303.87 8312.6 8345.85 8351.77 8359.09 8415.22 8448.71 8451.23 8551.15 8515.43 8501.02 8525.35 8550.68 8624.29 8655.54 8635.61 8611.98 8624.86 8612.11 8547.54 8533.19 8563.26 8644.08 8707.31 8730.08 8711.09 8729.5 8732.54 8629.79 8483.5 8406.36 8444.72 8397.3 8185.04 8079.15 7908.95 7702.79 7594.57 7604.2 7698.75 7883.96 8000.37 8017.99 8053.27 8184.77 8235.01 8342.41 8522.18 8624.7 8617.95 8598.82 8594.68 8588.36 8599.57 8636.66 8691.26 8684.61 8620.33 8618.35 8593.24 8570.92 8557.98 8556.68 8552.36 8517.01 8455.81 8373
4857.82 4862.59 4884.76 4885.56 4902.42 4948.56 4974.01 4969.44 5070.68 5009.19 4938.48 4915.52 4935.71 5007.15 5015.06 4981.18 4963.69 4969.82 4954.3 4894.17 4887.61 4925.59 5023.94 5108.81 5349.88 5343.08 5337.19 5320.7 5279.35 5073.81 5018.13 5143.93 5091.26 4964.22 4715.29 4561.46 4389.32 4251.58 4254.56 4333.27 4466 4570.37 4565.3 4589.45 4704.95 4704.44 4784.48 4895.67 4968.48 4936.23 4907.76 4905.49 4899.03 4920.41 4970.8 5041.19 5045.01 4975.93 4962.42 4938.94 4913.51 4902.53 4891.03 4876.67 4832.54 4789.17 4711.43
2613.21 2632.44 2635.54 2604.21 2593.12 2592.23 2605.74 2585.11 2600.72 2526.23 2403.39 2277.31 2268.63 2336.69 2340.53 2317.83 2319.82 2292.49 2254.12 2204.16 2210.7 2244.71 2337.45 2363.02 2367.68 2373.11 2379.79 2371.14 2343.32 2308.01 2274.64 2251.98 2218.54 2164.3 2105.51 2025.02 2014.64 2014.74 2031.14 2048.78 2087.44 2124.53 2127.54 2130.07 2173.15 2219.18 2304.83 2339.8 2290.96 2230.72 2208.08 2217.54 2225.52 2252.07 2296.27 2354.46 2355.81 2293.59 2409.2 2392.44 2373.22 2363.57 2363.6 2304.38 2264.39 2249.24 2212.34
1589.2 1577.03 1493.44 1380.94 1292.61 1221.61 1174.41 1149.18 1128.31 1086.83 984.742 887.055 813.671 868.697 897.8 900.205 900.315 878.551 843.016 798.108 811.393 828.334 886.942 892.652 853.567 833.328 835.6 823.318 793.316 758.725 746.417 753.247 746.463 709.67 669.443 616.048 649.993 654.022 644.309 638.753 622.408 628.625 616.227 620.026 638.759 650.91 689.587 694.332 712.176 723.919 727.841 698.846 666.291 658.564 660.143 658.735 652.241 652.794 668.484 675.867 685.58 692.272 712.215 729.254 727.237 722.665 729.652
1347.27 1375.31 1265.19 1135.19 1035.65 966.519 930.973 927.503 922.97 953.044 906.441 816.993 669.728 752.773 817.256 854.242 865.72 865.615 841.576 767.405 767.801 760.104 808.799 786.64 706.588 650.047 628.25 616.016 587.973 559.21 573.601 606.302 621.546 587.454 563.077 530.374 559.875 553.942 527.92 516.719 495.304 497.562 474.959 467.536 472.59 460.255 482.656 489.792 518.822 539.365 537.893 490.467 406.978 344.462 289.391 244.373 237.038 287.143 365.749 399.991 429.999 465.703 517.028 557.923 582.526 593.792 599.832
1315.4 1392.87 1299.21 1172.85 1080.63 1023.58 998.459 1005.79 1007.71 1047.47 1004.4 913.306 735.498 774.568 822.888 856.439 861.936 855.272 814.202 678.896 665.234 654.125 722.397 695.442 633.214 595.525 579.307 569.417 561.825 553.813 582.806 619.644 636.043 598.589 556.11 513.859 536.335 531.412 513.062 497.538 475.512 487.429 472.403 463.072 456.767 441.809 468.214 485.392 520.021 544.126 545.744 507.602 425.048 364.982 313.1 261.887 260.718 303.91 378.942 407.203 431.794 464.73 512.232 551.295 575.511 591.578 601.429
1333.47 1383.48 1305.39 1186.89 1099.2 1048.15 1040.58 1064.3 1078.11 1114.3 1055.87 953.414 750.691 782.211 816.366 840.533 836.065 819.609 769.487 632.14 600.767 578.892 623.472 599.803 558.894 534.672 529.208 531.338 545.953 553.213 593.554 635.98 657.171 627.836 590.674 573.192 587.377 581.674 571.783 568.58 555.174 560.936 543.001 518.399 488.265 462.791 480.326 487.624 514.335 534.156 535.66 509.262 439.066 385.508 333.88 274.997 279.31 313.822 378.349 399.24 415.572 444.004 483.408 519.467 546.381 568.736 584.424
1326.86 1337.45 1255.11 1151.31 1070.36 1027.4 1038.71 1084.68 1118.91 1155.45 1088.14 981.166 767.151 798.583 820.084 831.766 815.379 783.373 727.524 602.981 573.058 527.002 528.197 513.329 489.785 480.287 483.271 500.017 534.101 550.766 587.416 631.914 650.546 642.564 640.842 650.548 662.155 658.548 651.19 655.811 665.936 676.322 639.957 603.072 558.483 523.75 539.397 519.509 516.405 514.626 511.853 491.559 438.387 394.712 340.191 275.607 283.23 308.042 363.799 374.079 378.641 401.87 433.319 461.768 489.483 514.431 537.132
1278.21 1265.19 1176.24 1086.96 1014.9 984.74 1015.39 1078.39 1129.79 1171.3 1104.32 1000.75 782.386 810.306 822.352 821.291 792.83 750.339 694.864 589.784 564.816 511.217 478.35 472.987 460.257 459.996 468.358 494.534 541.987 547.967 562.98 608.441 643.827 680.501 696.632 700.034 710.585 712.152 710.746 721.591 707.161 726.818 677.522 655.831 629.789 605.932 635.274 583.249 542.785 532.15 521.44 498.861 454.796 411.597 346.116 274.954 276.126 293.953 345.2 350.588 349.466 366.556 385.937 404.194 433.787 468.679 500.677
1179.65 1144.14 1050.18 977.126 927.99 921.862 969.826 1053.93 1118.67 1168.94 1106.16 1009.64 793.116 827.961 838.082 838.551 804.569 750.295 709.078 638.347 610.159 556.398 523.726 514.386 495.32 487.302 494.508 523.082 574.956 578.533 597.406 651.689 707.574 757.329 764.372 747.265 761.599 763.57 764.624 772.341 710.101 707.072 644.918 619.608 617.416 636.238 691.96 657.72 627.13 626.435 614.614 577.467 520.665 469.089 389.283 309.745 298.27 308.277 351.92 356.227 345.741 346.349 357.917 369.018 415.811 474.359 518.728
1033.47 982.155 889.84 840.754 829.261 861.901 926.749 1036.37 1109.75 1165.62 1102.64 1009.68 808.509 892.83 908.595 917.562 883.319 815.315 793.065 756.62 714.427 668.113 632.509 597.222 542.956 526.464 527.696 552.248 602.611 591.545 615.2 672.285 734.694 790.678 795.44 784.712 790.745 793.249 795.457 795.158 719.357 714.656 658.13 626.722 655.497 689.28 732.409 727.62 732.477 765.692 768.188 711.399 640.517 570.965 478.167 392.685 368.617 370.111 401.352 391.937 355.997 341.164 363.921 392.102 461.33 539.914 594.829
890.245 839.271 764.01 742.582 770.683 829.151 902.806 1024.49 1099.76 1158.58 1097.27 996.361 801.492 907.746 930.369 948.112 923.01 865.822 858.816 839.428 804.962 759.195 724.448 677.13 606.884 579.769 573.874 588.439 631.269 593.704 624.631 674.35 733.87 796.037 793.172 807.605 805.165 825.763 860.19 890.091 878.448 893.433 850.525 835.211 843.371 879.913 872.913 893.696 906.856 944.653 905.681 826.954 744.657 662.686 561.516 471.128 439.538 434.3 457.924 436.299 378.73 357.845 407.57 453.092 533.295 616.52 666.835
803.556 776.413 731.227 724.453 765.998 822.162 887.74 996.341 1052.69 1116.76 1068.33 972.592 779.746 882.595 907.7 934.515 924.021 886.417 889.279 868.948 854.839 810.503 781.859 736.874 624.957 599.043 570.218 587.009 620.703 591.429 614.059 652.243 707.754 785.958 774.811 852.692 821.66 959.636 1097.94 1172.79 1194.5 1210.83 1201.35 1183.31 1172.96 1208.86 1147.36 1201.42 1132.17 1091.79 992.675 902.696 811.307 714.936 604.768 510.544 473.188 461.777 481.975 458.777 397.309 394.57 462.938 513.303 593.289 670.846 709.365
799.943 807.319 794.503 767.046 799.23 840.806 890.78 967.055 980.85 1050.15 1017.23 938.881 759.036 835.906 856.589 887.906 887.29 865.99 875.664 849.689 861.792 830.218 819.698 754.236 614.597 594.404 554.03 575.398 604.359 606.821 628.061 647.21 693.52 769.738 767.555 876.437 824.109 1022.88 1197 1306.31 1325.42 1348.62 1373.22 1370.6 1358.02 1396.37 1323.26 1395.22 1293.75 1183.23 1044.8 947.878 847.3 736.743 623.622 534.701 501.104 489.166 507.329 493.304 425.808 437.504 503.76 550.753 628.038 698.427 728.135
842.899 875.086 866.414 795.164 811.474 847.311 895.356 934.932 951.192 987.979 954.624 887.072 733.541 765.425 778.081 803.258 803.95 794.189 801.161 785.911 813.051 792.905 817.288 736.674 645.099 625.01 580.308 580.73 608.286 625.97 638.528 653.638 682.961 730.311 735.664 847.047 794.561 974.41 1145.01 1261.38 1284.74 1323.62 1377.4 1395.23 1386.09 1420.52 1358.91 1436.15 1343.97 1206.47 1068.82 965.119 852.28 732.459 620.102 544.5 524.104 516.706 538.271 542.194 446.335 496.089 569.438 610.287 669.956 720.008 740.863
944.18 938.969 898.595 773.832 764.376 796.284 814.766 852.835 883.65 855.221 797.84 785.682 705.017 693.941 692.393 709.65 720.501 722.772 726.862 705.709 726.588 707.939 752.101 671.053 601.171 582.04 532.79 521.537 557.211 579.302 592.667 609.442 628.041 646.891 663.3 788.734 746.877 890.091 1039.71 1151.94 1185.33 1245 1325.69 1359.13 1352.7 1376.59 1326.15 1388.08 1298.29 1169.93 1041.27 941.022 826.963 704.356 596.496 536.076 531.368 533.629 562.771 561.95 466.288 515.635 625.81 644.324 671.606 703.296 728.635
1031.7 991.829 938.018 816.122 799.236 823.931 819.36 849.758 853.31 803.494 731.535 704.943 681.362 655.068 639.337 649.681 672.96 686.064 692.116 657.343 660.506 636.59 676.866 598.161 539.922 518.254 456.818 438.407 485.13 515.747 537.354 559.232 568.775 564.716 626.148 762.382 737.924 832.617 944.686 1040.39 1080.41 1149.63 1237.59 1274.34 1268.53 1279.36 1239.65 1285.31 1211.52 1103.07 990.397 896.289 789.199 669.762 566.462 521.709 528.645 552.952 586.171 570.375 497.218 522.526 641.973 635.091 632.403 657.73 693.553
903.734 881.043 865.028 783.285 815.302 849.824 861.599 882.888 861.386 795.183 725.087 694.158 680.714 629.648 599.298 594.143 618.033 634.576 641.546 606.306 601.75 571.52 601.856 524.831 468.7 451.946 389.426 380.439 437.347 472.089 497.539 521.497 526.008 512.225 600.418 722.547 703.401 774.257 853.7 910.793 942.44 1008.86 1087.44 1115.22 1113.57 1127.62 1108.69 1159.68 1106.72 1012.08 908.592 826.569 739.427 631.432 537.944 510.056 528.58 573.03 605.049 578.877 560.645 591.856 670.679 643.819 629.05 649.976 671.401
896.495 887.203 868.257 805.94 831.138 862.055 880.276 885.068 852.797 781.105 731.519 712.091 680.473 616.095 567.333 542.49 560.416 580.686 591.918 563.464 562.386 532.859 556.862 483.914 431.59 412.668 363.9 381.582 455.618 496.19 526.614 553.15 555.925 542.109 631.304 730.319 718.273 761.262 802.302 822.218 839.762 903.253 981.196 1003 999.149 1014.73 1004.63 1056.66 1006.43 912.405 815.543 746.854 681.678 585.765 506.804 501.341 529.937 588.515 611.698 600.061 632.813 695.888 786.745 778.734 751.98 762.956 740.021
817.794 814.163 789.86 748.65 757.463 779.702 796.265 792.096 779.138 759.281 745.187 718.773 663.659 604.261 555.31 511.319 518.641 544.744 559.11 543.86 558.256 539.871 567.505 508.881 459.551 431.042 387.147 413.411 498.881 552.346 596.212 637.484 643.817 638.663 721.268 794.568 799.244 819.822 854.99 862.272 873.817 928.267 994.518 1018.38 1001.43 1006.86 977.658 999.333 896.452 779.984 680.455 628.197 588.882 520.31 478.255 501.878 556.91 623.482 622.907 634.104 668.43 719.645 810.514 789.175 739.245 736.829 737.737
814.358 801.38 796.825 729.053 705.382 715.182 722.042 716.504 723.059 730.129 725.315 700.571 646.124 609.347 572.942 519.745 509.291 538.052 553.005 548.088 581.392 582.341 627.144 594.33 537.112 495.344 437.241 455.011 536.928 597.121 655.816 715.376 729.229 731.666 802.456 842.916 861.289 897.812 966.306 988.347 1001.09 1035.35 1065.18 1081.06 1049.92 1046.35 1001.04 1008.18 875.746 757.139 664.417 621.115 597.377 538.134 516.988 552.715 590.53 676.92 664.148 659.328 697.675 772.876 862.468 861.102 786.403 790.461 875.789
837.018 821.249 784.389 701.531 655.763 658.494 633.663 633.494 642.667 637.172 663.65 659.795 622.859 635.449 613.365 583.794 559.907 593.157 606.899 610.981 651.135 669.556 725.938 724.116 645.577 594.58 488.598 491.44 561.77 619.961 685.558 757.4 777.295 788.683 832.045 843.551 861.623 951.916 1072.62 1118.8 1129.36 1147.6 1137.1 1139.59 1102.23 1093.16 1041.24 1058.39 919.648 810.987 740.074 711.402 704.244 652.127 607.717 630.307 638.027 780.33 810.858 804.938 813.667 908.398 982.922 993.302 957.677 1005.5 1067.79
857.136 813.652 741.5 665.044 605.844 615.471 577.916 587.825 585.182 574.955 624.422 650.016 659.272 689.05 662.265 659.136 635.458 669.267 681.282 694.648 732.387 765.699 819.953 827.334 739.399 681.192 542.657 515.601 565.268 624.866 701.128 791.712 831.948 872.696 903.771 904.804 908.699 993.08 1112.09 1163.45 1193.62 1228.71 1225.78 1239.54 1188.76 1163.74 1106.59 1104.59 987.991 893.912 828.159 789.859 787.188 744.756 690.772 728.468 752.656 922.973 961.997 952.259 931.344 1022.36 1098.87 1117.93 1102.53 1204.66 1244.09
869.902 796.904 696.187 622.369 555.371 572.631 540.947 576.62 531.372 548.133 609.086 663.526 707.007 739.857 703.658 707.829 692.42 726.866 731.4 750.659 782.608 825.513 882.777 890.238 808.04 745.673 603.637 542.787 559.351 608.815 700.721 814.875 885.86 971.126 1036.92 1051.43 1010.54 966.444 1004.94 1037.64 1123.83 1201.6 1238.25 1283.85 1221.1 1172.34 1122.52 1096.17 1032.3 942.48 880.675 828.337 827.562 763.013 760.178 896.053 903.142 1100.39 1122.82 1075.15 1070.02 1157.11 1247.95 1303.73 1324.43 1678.09 1783.99
