Code/Outputs/Output_20260212_205621/2.9_30_1000_moho_undulation.grd
DSAA
181 201
-5400000.0 5400000.0
-6000000.0 6000000.0
-81077.79325568443 -0.0
[rows 84 to 111 of 201, columns 0 to 63 of 181]
-0 -1839.25 -7191.53 -15286.9 -25317.3 -35887.3 -45909.3 -53998.2 -59339 -61147.4 -61168.2 -61143.9 -61158.3 -61141.2 -61151.7 -61139 -61147 -61137.3 -61143.6 -61135.9 -61140.9 -61134.7 -61138.8 -61133.8 -61137.1 -61133 -61135.8 -61132.3 -61134.6 -61131.7 -61133.6 -61131.2 -61132.8 -61130.8 -61132.1 -61130.4 -61131.4 -61130 -61130.9 -61129.7 -61130.3 -61129.5 -61129.9 -61129.2 -61129.4 -61129 -61128.9 -61128.8 -61128.5 -61128.7 -61128 -61128.5 -61127.6 -61128.4 -61127 -61128.3 -61126.4 -61128.3 -61125.7 -61128.2 -61124.8 -61128.2 -61123.7 -61128.3
-0 -1832.67 -7165.59 -15232.8 -25227.4 -35760.6 -45747 -53807.8 -59129.7 -60932 -60952.6 -60928.7 -60943 -60926 -60936.5 -60923.9 -60931.9 -60922.2 -60928.5 -60920.9 -60925.9 -60919.7 -60923.8 -60918.8 -60922.2 -60918 -60920.8 -60917.4 -60919.7 -60916.8 -60918.7 -60916.3 -60917.9 -60915.9 -60917.2 -60915.5 -60916.6 -60915.1 -60916 -60914.8 -60915.5 -60914.5 -60915 -60914.3 -60914.5 -60914.1 -60914 -60913.8 -60913.6 -60913.7 -60913.1 -60913.5 -60912.6 -60913.3 -60912.1 -60913.2 -60911.4 -60913 -60910.7 -60912.9 -60909.8 -60912.9 -60908.6 -60912.8
-0 -1859.55 -7273.47 -15461.2 -25608 -36299.2 -46437.7 -54619.5 -60022.8 -61851.8 -61873.5 -61848.9 -61863.9 -61846.4 -61857.4 -61844.5 -61852.8 -61842.9 -61849.4 -61841.7 -61846.9 -61840.6 -61844.8 -61839.7 -61843.2 -61839 -61841.8 -61838.4 -61840.7 -61837.8 -61839.8 -61837.3 -61838.9 -61836.9 -61838.2 -61836.6 -61837.5 -61836.2 -61837 -61835.9 -61836.4 -61835.7 -61835.9 -61835.4 -61835.4 -61835.2 -61834.9 -61835 -61834.4 -61834.8 -61833.9 -61834.6 -61833.3 -61834.4 -61832.7 -61834.3 -61832 -61834.2 -61831.1 -61834.1 -61830.1 -61834 -61828.7 -61834
-0 -1768.07 -6882.03 -14662 -24253.2 -34406.7 -43991.5 -51763.6 -56866.3 -58613.5 -58622.3 -58608.3 -58614.7 -58604.6 -58609.5 -58601.8 -58605.8 -58599.7 -58603 -58597.9 -58600.9 -58596.6 -58599.2 -58595.4 -58597.9 -58594.5 -58596.8 -58593.6 -58595.9 -58592.9 -58595.1 -58592.3 -58594.5 -58591.7 -58593.9 -58591.1 -58593.5 -58590.6 -58593.1 -58590.1 -58592.7 -58589.6 -58592.4 -58589.1 -58592.1 -58588.7 -58591.9 -58588.1 -58591.7 -58587.6 -58591.5 -58587 -58591.3 -58586.3 -58591.2 -58585.6 -58591.1 -58584.7 -58591 -58583.6 -58590.9 -58582.2 -58590.9 -58580.4
-0 -1856.96 -7261.79 -15440.5 -25571.8 -36251.1 -46374.6 -54547.5 -59942.7 -61770.7 -61791.7 -61767.9 -61782.6 -61765.6 -61776.5 -61763.8 -61772.1 -61762.3 -61769 -61761.1 -61766.5 -61760 -61764.6 -61759.2 -61763.1 -61758.4 -61761.8 -61757.8 -61760.8 -61757.2 -61759.9 -61756.7 -61759.1 -61756.3 -61758.5 -61755.9 -61757.9 -61755.5 -61757.4 -61755.1 -61756.9 -61754.7 -61756.4 -61754.3 -61756 -61754 -61755.6 -61753.6 -61755.2 -61753.2 -61754.8 -61752.8 -61754.4 -61752.3 -61754 -61751.8 -61753.5 -61751.1 -61753 -61750.4 -61752.4 -61749.5 -61751.6 -61748.3
-0 -1797.68 -7013.58 -14929 -24709.5 -35042.5 -44816.3 -52725.1 -57931.1 -59704.9 -59719.5 -59701.2 -59711.5 -59698.3 -59706.1 -59696.1 -59702.2 -59694.4 -59699.4 -59693 -59697.2 -59691.8 -59695.5 -59690.9 -59694.1 -59690 -59693 -59689.3 -59692 -59688.7 -59691.3 -59688.1 -59690.6 -59687.6 -59690 -59687.1 -59689.5 -59686.6 -59689.1 -59686.1 -59688.7 -59685.7 -59688.3 -59685.2 -59687.9 -59684.7 -59687.6 -59684.2 -59687.3 -59683.6 -59687 -59683 -59686.8 -59682.3 -59686.5 -59681.5 -59686.2 -59680.6 -59686 -59679.4 -59685.7 -59677.9 -59685.4 -59676
-0 -1776.01 -6909.29 -14726.7 -24356.5 -34558.9 -44182.8 -51993 -57115.8 -58873.8 -58880.8 -58869 -58873.9 -58865.6 -58869.2 -58863 -58865.8 -58861.1 -58863.3 -58859.5 -58861.3 -58858.3 -58859.8 -58857.3 -58858.5 -58856.4 -58857.5 -58855.7 -58856.6 -58855 -58855.8 -58854.5 -58855.1 -58854 -58854.5 -58853.5 -58854 -58853.1 -58853.5 -58852.7 -58853 -58852.3 -58852.5 -58851.9 -58852.1 -58851.5 -58851.6 -58851.1 -58851.1 -58850.7 -58850.6 -58850.3 -58850.1 -58849.8 -58849.5 -58849.3 -58848.8 -58848.7 -58847.9 -58848 -58846.9 -58847.2 -58845.6 -58846.3
-0 -1865.68 -7288.33 -15506.3 -25673.8 -36403.8 -46564.2 -54777 -60190.4 -62030.6 -62048.6 -62028 -62040.5 -62025.9 -62035 -62024.3 -62031.1 -62022.9 -62028.2 -62021.8 -62025.9 -62020.9 -62024.2 -62020.2 -62022.7 -62019.5 -62021.5 -62018.9 -62020.5 -62018.5 -62019.7 -62018 -62018.9 -62017.6 -62018.2 -62017.3 -62017.5 -62017 -62016.9 -62016.7 -62016.3 -62016.4 -62015.7 -62016.1 -62015.1 -62015.8 -62014.5 -62015.6 -62013.8 -62015.4 -62013 -62015.1 -62012.2 -62014.9 -62011.2 -62014.7 -62010 -62014.5 -62008.6 -62014.4 -62006.7 -62014.3 -62004.3 -62014.5
-0 -1754.39 -6836.51 -14560 -24091.8 -34173.6 -43699.4 -51416.9 -56489.7 -58223.4 -58234.9 -58219.8 -58227.8 -58217.2 -58223.1 -58215.1 -58219.7 -58213.5 -58217.2 -58212.3 -58215.2 -58211.2 -58213.6 -58210.3 -58212.4 -58209.6 -58211.3 -58208.9 -58210.4 -58208.4 -58209.7 -58207.9 -58209 -58207.4 -58208.4 -58206.9 -58207.8 -58206.5 -58207.3 -58206.1 -58206.8 -58205.7 -58206.3 -58205.3 -58205.8 -58204.9 -58205.4 -58204.4 -58204.8 -58203.9 -58204.3 -58203.4 -58203.7 -58202.8 -58203.1 -58202.1 -58202.3 -58201.3 -58201.4 -58200.3 -58200.4 -58199.1 -58199.1 -58197.6
-0 -1825.99 -7128.66 -15169.8 -25113.3 -35612.2 -45549.3 -53585.6 -58879.8 -60681.6 -60698.3 -60679.2 -60690.8 -60677.2 -60685.7 -60675.7 -60682.2 -60674.4 -60679.5 -60673.4 -60677.4 -60672.5 -60675.8 -60671.8 -60674.5 -60671.2 -60673.4 -60670.6 -60672.5 -60670.1 -60671.7 -60669.7 -60670.9 -60669.3 -60670.3 -60668.9 -60669.7 -60668.5 -60669.1 -60668.1 -60668.6 -60667.8 -60668 -60667.4 -60667.5 -60667 -60666.9 -60666.6 -60666.3 -60666.1 -60665.6 -60665.6 -60664.9 -60665.1 -60664.1 -60664.4 -60663.2 -60663.7 -60662 -60662.8 -60660.7 -60661.7 -60659 -60660.4
-0 -1844.04 -7205.24 -15326.8 -25379.2 -35984.4 -46030.5 -54147.8 -59501.4 -61319.4 -61339 -61317.7 -61331.4 -61316.2 -61326.3 -61314.9 -61322.7 -61313.9 -61320.1 -61313 -61318.1 -61312.2 -61316.5 -61311.5 -61315.2 -61310.9 -61314.1 -61310.4 -61313.2 -61309.9 -61312.4 -61309.5 -61311.7 -61309 -61311.1 -61308.6 -61310.5 -61308.2 -61310 -61307.8 -61309.4 -61307.4 -61308.9 -61306.9 -61308.4 -61306.5 -61307.9 -61306 -61307.3 -61305.4 -61306.7 -61304.8 -61306 -61304.1 -61305.3 -61303.3 -61304.4 -61302.4 -61303.3 -61301.3 -61302 -61299.9 -61300.3 -61298.3
-0 -1842.3 -7209.23 -15325.7 -25387.4 -35987.6 -46042.8 -54155.6 -59516.2 -61329.9 -61353.8 -61329.1 -61346 -61328.1 -61340.8 -61327.2 -61337.1 -61326.4 -61334.5 -61325.7 -61332.4 -61325 -61330.8 -61324.4 -61329.6 -61323.9 -61328.5 -61323.3 -61327.6 -61322.9 -61326.9 -61322.4 -61326.2 -61321.9 -61325.7 -61321.4 -61325.2 -61320.9 -61324.7 -61320.4 -61324.3 -61319.9 -61323.9 -61319.3 -61323.5 -61318.6 -61323.2 -61317.9 -61322.8 -61317 -61322.5 -61316.1 -61322.1 -61314.9 -61321.8 -61313.5 -61321.5 -61311.7 -61321.1 -61309.5 -61320.9 -61306.7 -61320.7 -61302.9
-0 -1773.06 -6899.95 -14706.5 -24326.1 -34516 -44131.1 -51932.4 -57051.7 -58807.7 -58816.6 -58804.6 -58811.1 -58802.3 -58807.3 -58800.5 -58804.6 -58799.1 -58802.6 -58797.9 -58801 -58797 -58799.8 -58796.2 -58798.8 -58795.4 -58797.9 -58794.8 -58797.2 -58794.2 -58796.6 -58793.6 -58796.1 -58793 -58795.6 -58792.5 -58795.1 -58792 -58794.7 -58791.4 -58794.4 -58790.8 -58794 -58790.2 -58793.6 -58789.5 -58793.3 -58788.7 -58792.9 -58787.8 -58792.5 -58786.8 -58792.1 -58785.6 -58791.6 -58784.2 -58791.1 -58782.5 -58790.5 -58780.4 -58789.9 -58777.8 -58789.1 -58774.3
-0 -1874.62 -7310.77 -15570 -25768.3 -36551.7 -46745 -55000.1 -60430 -62284.2 -62299 -62282.4 -62293 -62280.9 -62288.9 -62279.6 -62286 -62278.6 -62283.9 -62277.7 -62282.2 -62276.9 -62280.9 -62276.3 -62279.9 -62275.6 -62279 -62275.1 -62278.2 -62274.5 -62277.6 -62274 -62277 -62273.5 -62276.5 -62273 -62276.1 -62272.5 -62275.6 -62271.9 -62275.2 -62271.3 -62274.8 -62270.7 -62274.5 -62270 -62274.1 -62269.2 -62273.7 -62268.3 -62273.2 -62267.2 -62272.8 -62266 -62272.3 -62264.5 -62271.7 -62262.6 -62271.1 -62260.4 -62270.4 -62257.5 -62269.6 -62253.7
-0 -1822.92 -7092.44 -15122.5 -25012.2 -35494.2 -45379.7 -53405.5 -58668.2 -60476.8 -60484.4 -60474.2 -60479.5 -60472.3 -60476.1 -60470.8 -60473.7 -60469.7 -60471.8 -60468.7 -60470.3 -60467.9 -60469.1 -60467.2 -60468.2 -60466.7 -60467.3 -60466.1 -60466.6 -60465.6 -60465.9 -60465.2 -60465.3 -60464.8 -60464.7 -60464.4 -60464.1 -60464 -60463.5 -60463.6 -60462.9 -60463.2 -60462.3 -60462.7 -60461.7 -60462.2 -60461 -60461.7 -60460.2 -60461.2 -60459.3 -60460.5 -60458.3 -60459.8 -60457.1 -60458.9 -60455.7 -60457.9 -60454 -60456.6 -60451.9 -60455.1 -60449.1 -60453.2
-0 -1775.27 -6915.6 -14738 -24384.4 -34596.8 -44239.2 -52057.9 -57193 -58952.1 -58963.2 -58950.2 -58958.3 -58948.8 -58954.9 -58947.6 -58952.5 -58946.6 -58950.7 -58945.7 -58949.3 -58945 -58948.2 -58944.3 -58947.3 -58943.7 -58946.5 -58943.1 -58945.9 -58942.6 -58945.3 -58942.1 -58944.8 -58941.5 -58944.3 -58941 -58943.9 -58940.4 -58943.5 -58939.9 -58943.1 -58939.2 -58942.7 -58938.5 -58942.2 -58937.8 -58941.8 -58936.9 -58941.4 -58935.9 -58940.9 -58934.8 -58940.3 -58933.4 -58939.7 -58931.8 -58939 -58929.8 -58938.2 -58927.3 -58937.2 -58924.1 -58936 -58919.9
-0 -1878.69 -7339.63 -15623.9 -25869.3 -36688.2 -46928.8 -55210.9 -60668.2 -62526 -62545.1 -62525.9 -62539.3 -62525.5 -62535.5 -62525 -62532.8 -62524.4 -62530.8 -62523.9 -62529.3 -62523.4 -62528 -62523 -62527 -62522.5 -62526.2 -62522.1 -62525.5 -62521.7 -62524.8 -62521.2 -62524.2 -62520.8 -62523.7 -62520.3 -62523.2 -62519.8 -62522.7 -62519.3 -62522.3 -62518.7 -62521.8 -62518.1 -62521.3 -62517.4 -62520.8 -62516.5 -62520.2 -62515.6 -62519.6 -62514.5 -62518.9 -62513.2 -62518.1 -62511.6 -62517.2 -62509.7 -62516.1 -62507.3 -62514.7 -62504.2 -62513 -62500.2
-0 -1726.66 -6681.91 -14287.5 -23597.2 -33520.4 -42828.4 -50429 -55378.2 -57103.1 -57096.9 -57099 -57094.8 -57096.3 -57093.2 -57094.3 -57091.9 -57092.8 -57090.9 -57091.6 -57090.1 -57090.6 -57089.4 -57089.8 -57088.8 -57089.1 -57088.2 -57088.5 -57087.7 -57087.9 -57087.2 -57087.3 -57086.8 -57086.8 -57086.3 -57086.3 -57085.8 -57085.8 -57085.3 -57085.3 -57084.8 -57084.7 -57084.3 -57084.2 -57083.7 -57083.5 -57083 -57082.8 -57082.2 -57082.1 -57081.3 -57081.2 -57080.3 -57080.2 -57079 -57079 -57077.5 -57077.6 -57075.5 -57075.9 -57073 -57073.9 -57069.8 -57071.4
-0 -1843.11 -7157.09 -15281.5 -25261.4 -35865.6 -45843 -53964.4 -59273.5 -61110 -61111.9 -61107.8 -61109 -61106.1 -61106.9 -61104.8 -61105.3 -61103.8 -61104.1 -61103 -61103.1 -61102.3 -61102.3 -61101.7 -61101.6 -61101.2 -61100.9 -61100.7 -61100.3 -61100.2 -61099.8 -61099.8 -61099.2 -61099.3 -61098.7 -61098.9 -61098.1 -61098.5 -61097.6 -61098 -61097 -61097.5 -61096.3 -61097 -61095.6 -61096.5 -61094.8 -61095.9 -61093.9 -61095.2 -61092.9 -61094.3 -61091.6 -61093.4 -61090.2 -61092.3 -61088.4 -61091 -61086.2 -61089.3 -61083.4 -61087.3 -61079.8 -61084.6
-0 -1804.82 -7009.63 -14965.1 -24740.4 -35124.8 -44898 -52850.8 -58052 -59849.8 -59852.7 -59848 -59850 -59846.6 -59848.1 -59845.5 -59846.7 -59844.7 -59845.6 -59843.9 -59844.7 -59843.3 -59843.9 -59842.7 -59843.2 -59842.2 -59842.6 -59841.7 -59842.1 -59841.2 -59841.5 -59840.8 -59841 -59840.3 -59840.5 -59839.9 -59840 -59839.4 -59839.5 -59838.9 -59839 -59838.3 -59838.4 -59837.7 -59837.7 -59837 -59837 -59836.3 -59836.2 -59835.4 -59835.3 -59834.4 -59834.2 -59833.2 -59832.9 -59831.7 -59831.3 -59830 -59829.4 -59827.8 -59826.9 -59825 -59823.8 -59821.4
-0 -1874.8 -7318.2 -15588.2 -25805.3 -36606 -46819.9 -55089.3 -60532 -62389.7 -62407.2 -62390.6 -62403.1 -62390.8 -62400.3 -62390.7 -62398.4 -62390.5 -62396.9 -62390.2 -62395.8 -62389.8 -62394.9 -62389.5 -62394.1 -62389.1 -62393.5 -62388.7 -62392.9 -62388.2 -62392.5 -62387.7 -62392 -62387.2 -62391.6 -62386.7 -62391.2 -62386.1 -62390.8 -62385.4 -62390.4 -62384.6 -62390.1 -62383.8 -62389.7 -62382.8 -62389.3 -62381.6 -62388.8 -62380.3 -62388.3 -62378.7 -62387.8 -62376.7 -62387.2 -62374.4 -62386.5 -62371.4 -62385.6 -62367.7 -62384.7 -62362.9 -62383.5 -62356.4
-0 -1843.17 -7170.22 -15298.5 -25302.8 -35915.3 -45917.6 -54044.9 -59370.3 -61204.4 -61212.1 -61204.1 -61209.5 -61203.6 -61207.7 -61203.1 -61206.4 -61202.6 -61205.3 -61202.1 -61204.5 -61201.6 -61203.8 -61201.2 -61203.1 -61200.8 -61202.6 -61200.3 -61202.1 -61199.9 -61201.6 -61199.4 -61201.2 -61199 -61200.7 -61198.5 -61200.3 -61197.9 -61199.8 -61197.3 -61199.3 -61196.7 -61198.8 -61195.9 -61198.2 -61195.1 -61197.6 -61194.1 -61196.9 -61193 -61196.1 -61191.7 -61195.1 -61190.1 -61194 -61188.2 -61192.6 -61185.8 -61190.9 -61182.8 -61188.9 -61178.9 -61186.2 -61173.8
-0 -1761.37 -6821.17 -14586.2 -24095.6 -34229.5 -43738.4 -51501.4 -56558.6 -58320.8 -58316.3 -58318.7 -58315.5 -58317.2 -58314.9 -58316.1 -58314.3 -58315.2 -58313.8 -58314.5 -58313.3 -58313.9 -58312.8 -58313.3 -58312.4 -58312.8 -58312 -58312.3 -58311.5 -58311.8 -58311.1 -58311.3 -58310.7 -58310.9 -58310.2 -58310.4 -58309.8 -58309.9 -58309.3 -58309.3 -58308.7 -58308.8 -58308.1 -58308.1 -58307.4 -58307.4 -58306.5 -58306.6 -58305.6 -58305.6 -58304.5 -58304.5 -58303.2 -58303.2 -58301.6 -58301.7 -58299.7 -58299.8 -58297.2 -58297.4 -58294.1 -58294.5 -58289.9 -58290.7
-0 -1868.37 -7250.79 -15492.2 -25605.8 -36363.9 -46476.7 -54717.3 -60098.1 -61964.9 -61965 -61964.1 -61963.9 -61963.4 -61963 -61962.8 -61962.3 -61962.3 -61961.6 -61961.9 -61961 -61961.4 -61960.5 -61961 -61960 -61960.7 -61959.5 -61960.3 -61959 -61960 -61958.5 -61959.6 -61957.9 -61959.3 -61957.4 -61958.9 -61956.8 -61958.5 -61956.2 -61958.1 -61955.5 -61957.6 -61954.7 -61957.1 -61953.8 -61956.5 -61952.8 -61955.8 -61951.7 -61955 -61950.3 -61954.1 -61948.7 -61953 -61946.7 -61951.7 -61944.4 -61950.1 -61941.4 -61948.1 -61937.6 -61945.5 -61932.7 -61942.1
-0 -1789.96 -6939.17 -14834.6 -24512.5 -34818.1 -44495.9 -52390.5 -57538.9 -59329.4 -59327.5 -59328.4 -59327.1 -59327.6 -59326.7 -59326.9 -59326.3 -59326.4 -59325.9 -59325.8 -59325.5 -59325.3 -59325.2 -59324.9 -59324.8 -59324.4 -59324.5 -59324 -59324.1 -59323.5 -59323.7 -59323 -59323.4 -59322.5 -59322.9 -59322 -59322.5 -59321.5 -59322 -59320.9 -59321.5 -59320.2 -59320.9 -59319.4 -59320.3 -59318.6 -59319.5 -59317.6 -59318.6 -59316.5 -59317.6 -59315.1 -59316.3 -59313.5 -59314.8 -59311.6 -59312.9 -59309.2 -59310.6 -59306.3 -59307.6 -59302.5 -59303.6 -59297.6
-0 -1829.59 -7095.55 -15167.1 -25064.7 -35601.1 -45498.8 -53570.1 -58836.2 -60666.2 -60665.4 -60665.6 -60665.2 -60665.1 -60665 -60664.6 -60664.7 -60664.2 -60664.4 -60663.7 -60664.1 -60663.3 -60663.8 -60662.8 -60663.5 -60662.4 -60663.2 -60661.9 -60662.9 -60661.4 -60662.6 -60661 -60662.2 -60660.4 -60661.9 -60659.9 -60661.5 -60659.3 -60661.1 -60658.6 -60660.6 -60657.8 -60660.1 -60657 -60659.5 -60656.1 -60658.8 -60655 -60658 -60653.7 -60657 -60652.2 -60655.8 -60650.4 -60654.4 -60648.2 -60652.6 -60645.6 -60650.3 -60642.3 -60647.4 -60638.1 -60643.6 -60632.6
-0 -1790.49 -6947.4 -14848 -24540.7 -34854.8 -44547.7 -52448.8 -57606.5 -59397.3 -59397.6 -59397.4 -59397.5 -59397.2 -59397.3 -59397 -59397.1 -59396.7 -59396.8 -59396.4 -59396.5 -59396.1 -59396.2 -59395.8 -59395.8 -59395.5 -59395.5 -59395.1 -59395.1 -59394.7 -59394.8 -59394.3 -59394.4 -59393.9 -59393.9 -59393.4 -59393.5 -59392.9 -59392.9 -59392.3 -59392.4 -59391.6 -59391.7 -59390.9 -59391 -59390.1 -59390.1 -59389.1 -59389.1 -59387.9 -59387.9 -59386.6 -59386.4 -59385 -59384.7 -59383 -59382.6 -59380.6 -59379.9 -59377.5 -59376.4 -59373.6 -59371.9 -59368.5
-0 -1811.24 -7026.45 -15019.7 -24823.2 -35258.3 -45062.4 -53056.5 -58273.1 -60085.8 -60085.5 -60086.1 -60085.8 -60086.1 -60085.8 -60086 -60085.6 -60085.9 -60085.4 -60085.6 -60085.2 -60085.4 -60084.9 -60085.1 -60084.6 -60084.8 -60084.3 -60084.5 -60083.9 -60084.2 -60083.5 -60083.8 -60083.1 -60083.4 -60082.7 -60083 -60082.2 -60082.5 -60081.6 -60081.9 -60081 -60081.3 -60080.3 -60080.6 -60079.4 -60079.8 -60078.5 -60078.8 -60077.4 -60077.7 -60076.2 -60076.3 -60074.6 -60074.7 -60072.8 -60072.7 -60070.6 -60070.2 -60067.8 -60067 -60064.2 -60062.8 -60059.6 -60057.3
