Code/Outputs/Output_20260212_205621/2.9_30_1000_moho_undulation.grd
DSAA
181 201
-5400000.0 5400000.0
-6000000.0 6000000.0
-81077.79325568443 -0.0
[rows 56 to 83 of 201, columns 64 to 127 of 181]
-61009.9 -61016.7 -61008.3 -61017.9 -61005.2 -61019.3 -60998.6 -61021.2 -60983.6 -61025.5 -60942.2 -61049.2 -60765.1 -61494.6 -57913.2 -62862.3 -69804.2 -70950 -64712.9 -61929.4 -56451.5 -56536.9 -57398 -56262.6 -57178.8 -58014.6 -56801.2 -57996.4 -57813.1 -57269.5 -56534.9 -57440.1 -58128.9 -56349.6 -56320.2 -56107.4 -60837.2 -56786.4 -58501.9 -56024.3 -58122.6 -57498 -57713.8 -57587 -57666.4 -57610 -57652 -57620.1 -57646 -57625.7 -57643.1 -57629.3 -57641.7 -57631.8 -57640.9 -57633.6 -57640.5 -57635 -57640.3 -57636.1 -57640.2 -57636.9 -57640.2 -57637.6
-61009.2 -61016 -61007.6 -61017.1 -61004.4 -61018.6 -60997.8 -61020.5 -60982.8 -61024.7 -60941.5 -61048.4 -60764.3 -61494.1 -57913.5 -62861.7 -69802.9 -70940.1 -64714.9 -61932.4 -56448.3 -56539.6 -57400.8 -56266.8 -57181.6 -58018.7 -56804.8 -57998.2 -57817.4 -57271.9 -56537.3 -57444.3 -58131.7 -56349.1 -56319.7 -56109 -60837.2 -56784.4 -58502 -56024.3 -58123.5 -57498.9 -57714.7 -57587.9 -57667.3 -57610.9 -57652.9 -57621 -57646.9 -57626.6 -57644 -57630.2 -57642.6 -57632.7 -57641.8 -57634.5 -57641.4 -57635.9 -57641.2 -57637 -57641.2 -57637.8 -57641.1 -57638.5
-61010 -61016.8 -61008.4 -61018 -61005.2 -61019.4 -60998.6 -61021.3 -60983.6 -61025.5 -60942.2 -61049.1 -60765.1 -61494.6 -57913.1 -62862.3 -69804.2 -70950.5 -64712.7 -61929.2 -56451.7 -56536.7 -57397.8 -56262.5 -57178.7 -58014.6 -56801.2 -57996.4 -57812.9 -57269.4 -56534.8 -57440 -58128.7 -56349.5 -56320 -56107.1 -60836.9 -56786.4 -58501.7 -56024.1 -58122.3 -57497.7 -57713.5 -57586.7 -57666.1 -57609.8 -57651.7 -57619.9 -57645.7 -57625.5 -57642.9 -57629 -57641.4 -57631.5 -57640.7 -57633.3 -57640.3 -57634.7 -57640.1 -57635.8 -57640 -57636.7 -57639.9 -57637.4
-61009.2 -61016 -61007.6 -61017.1 -61004.4 -61018.5 -60997.8 -61020.4 -60982.8 -61024.6 -60941.4 -61048.3 -60764.2 -61494 -57913.4 -62861.5 -69802.7 -70939.3 -64714.9 -61932.4 -56447.7 -56539.5 -57400.7 -56266.6 -57181.3 -58018.5 -56804.5 -57997.7 -57817.1 -57271.5 -56537 -57444 -58131.4 -56348.8 -56319.3 -56108.8 -60836.9 -56783.9 -58501.7 -56024 -58123.3 -57498.6 -57714.4 -57587.6 -57667 -57610.6 -57652.6 -57620.7 -57646.6 -57626.4 -57643.8 -57629.9 -57642.3 -57632.4 -57641.6 -57634.2 -57641.2 -57635.6 -57641 -57636.7 -57640.9 -57637.6 -57640.8 -57638.3
-61010.1 -61016.9 -61008.5 -61018 -61005.3 -61019.4 -60998.7 -61021.3 -60983.6 -61025.5 -60942.2 -61049.1 -60765 -61494.5 -57913 -62862.3 -69804.1 -70951 -64712.4 -61928.8 -56451.9 -56536.5 -57397.6 -56262.2 -57178.6 -58014.4 -56801 -57996.3 -57812.6 -57269.3 -56534.6 -57439.7 -58128.5 -56349.4 -56319.8 -56106.8 -60836.6 -56786.3 -58501.4 -56023.8 -58122 -57497.4 -57713.2 -57586.4 -57665.8 -57609.4 -57651.4 -57619.5 -57645.4 -57625.1 -57642.5 -57628.7 -57641.1 -57631.2 -57640.3 -57633 -57640 -57634.4 -57639.8 -57635.5 -57639.7 -57636.4 -57639.6 -57637.1
-61009.2 -61016 -61007.6 -61017.1 -61004.4 -61018.5 -60997.8 -61020.4 -60982.7 -61024.5 -60941.3 -61048.2 -60764.1 -61493.9 -57913.3 -62861.4 -69802.5 -70938.3 -64714.8 -61932.4 -56447.1 -56539.3 -57400.5 -56266.4 -57180.9 -58018.1 -56804.1 -57997.2 -57816.8 -57271.1 -56536.5 -57443.7 -58131 -56348.3 -56318.8 -56108.4 -60836.5 -56783.3 -58501.3 -56023.6 -58122.9 -57498.2 -57714.1 -57587.2 -57666.7 -57610.3 -57652.2 -57620.4 -57646.2 -57626 -57643.4 -57629.6 -57642 -57632.1 -57641.2 -57633.9 -57640.8 -57635.3 -57640.7 -57636.4 -57640.6 -57637.3 -57640.5 -57638
-61010.2 -61017 -61008.6 -61018.1 -61005.4 -61019.5 -60998.7 -61021.3 -60983.6 -61025.5 -60942.2 -61049.1 -60765 -61494.4 -57912.9 -62862.2 -69804 -70951.7 -64712.1 -61928.4 -56452.1 -56536.1 -57397.2 -56261.9 -57178.3 -58014.1 -56800.7 -57996.2 -57812.2 -57269 -56534.3 -57439.3 -58128.1 -56349.1 -56319.6 -56106.3 -60836.2 -56786.1 -58501.1 -56023.4 -58121.5 -57496.9 -57712.7 -57585.9 -57665.3 -57609 -57650.9 -57619.1 -57644.9 -57624.7 -57642.1 -57628.3 -57640.7 -57630.8 -57639.9 -57632.6 -57639.5 -57634 -57639.3 -57635.1 -57639.3 -57636 -57639.2 -57636.7
-61009.3 -61016 -61007.6 -61017.1 -61004.3 -61018.5 -60997.7 -61020.3 -60982.6 -61024.4 -60941.2 -61048 -60763.9 -61493.8 -57913.1 -62861.1 -69802.2 -70937.1 -64714.7 -61932.3 -56446.4 -56539.1 -57400.2 -56266.1 -57180.5 -58017.7 -56803.7 -57996.6 -57816.5 -57270.5 -56536 -57443.2 -58130.5 -56347.6 -56318.2 -56108.1 -60836.1 -56782.6 -58500.8 -56023 -58122.5 -57497.8 -57713.6 -57586.8 -57666.2 -57609.8 -57651.8 -57619.9 -57645.8 -57625.6 -57643 -57629.2 -57641.5 -57631.6 -57640.8 -57633.5 -57640.4 -57634.9 -57640.2 -57636 -57640.2 -57636.9 -57640.1 -57637.6
-61010.4 -61017.2 -61008.7 -61018.3 -61005.5 -61019.6 -60998.8 -61021.4 -60983.7 -61025.5 -60942.2 -61049.1 -60765 -61494.3 -57912.7 -62862.1 -69803.9 -70952.6 -64711.7 -61927.9 -56452.3 -56535.7 -57396.8 -56261.5 -57178 -58013.7 -56800.4 -57996.1 -57811.7 -57268.6 -56533.9 -57438.8 -58127.7 -56348.7 -56319.2 -56105.6 -60835.6 -56785.9 -58500.6 -56022.9 -58120.9 -57496.4 -57712.1 -57585.3 -57664.7 -57608.4 -57650.3 -57618.5 -57644.4 -57624.1 -57641.5 -57627.7 -57640.1 -57630.2 -57639.4 -57632.1 -57639 -57633.5 -57638.8 -57634.6 -57638.7 -57635.5 -57638.7 -57636.2
-61009.3 -61016 -61007.6 -61017.1 -61004.3 -61018.4 -60997.6 -61020.2 -60982.5 -61024.3 -60941 -61047.8 -60763.7 -61493.6 -57913 -62860.8 -69801.9 -70935.7 -64714.7 -61932.3 -56445.5 -56538.9 -57400 -56265.8 -57180 -58017.2 -56803.1 -57995.8 -57816.1 -57269.9 -56535.4 -57442.7 -58129.9 -56346.9 -56317.5 -56107.6 -60835.5 -56781.6 -58500.1 -56022.4 -58121.9 -57497.2 -57713 -57586.2 -57665.6 -57609.3 -57651.2 -57619.4 -57645.3 -57625 -57642.4 -57628.6 -57641 -57631.1 -57640.3 -57633 -57639.9 -57634.4 -57639.7 -57635.5 -57639.7 -57636.4 -57639.7 -57637.1
-61010.7 -61017.4 -61009 -61018.5 -61005.7 -61019.8 -60999 -61021.5 -60983.8 -61025.6 -60942.3 -61049.1 -60765 -61494.3 -57912.5 -62862 -69803.8 -70953.7 -64711.2 -61927.3 -56452.6 -56535.2 -57396.2 -56260.9 -57177.6 -58013.3 -56799.9 -57995.8 -57810.9 -57268.2 -56533.3 -57438.2 -58127.1 -56348.3 -56318.7 -56104.8 -60834.9 -56785.6 -58499.9 -56022.2 -58120.2 -57495.6 -57711.4 -57584.6 -57664 -57607.7 -57649.6 -57617.8 -57643.7 -57623.4 -57640.8 -57627 -57639.4 -57629.5 -57638.7 -57631.4 -57638.3 -57632.8 -57638.2 -57633.9 -57638.1 -57634.8 -57638.1 -57635.5
-61009.3 -61016.1 -61007.6 -61017.1 -61004.3 -61018.4 -60997.5 -61020.1 -60982.4 -61024.1 -60940.8 -61047.6 -60763.5 -61493.3 -57912.9 -62860.5 -69801.5 -70933.8 -64714.5 -61932.3 -56444.3 -56538.7 -57399.7 -56265.5 -57179.5 -58016.6 -56802.5 -57994.8 -57815.6 -57269.1 -56534.7 -57442 -58129.1 -56345.9 -56316.5 -56107 -60834.8 -56780.4 -58499.3 -56021.6 -58121.2 -57496.5 -57712.3 -57585.5 -57665 -57608.6 -57650.6 -57618.7 -57644.6 -57624.4 -57641.8 -57628 -57640.4 -57630.5 -57639.7 -57632.3 -57639.3 -57633.8 -57639.1 -57634.9 -57639.1 -57635.8 -57639.1 -57636.5
-61011.1 -61017.8 -61009.3 -61018.8 -61006 -61020.1 -60999.2 -61021.8 -60984 -61025.8 -60942.4 -61049.2 -60765 -61494.2 -57912.3 -62861.9 -69803.7 -70955.2 -64710.6 -61926.4 -56452.9 -56534.5 -57395.4 -56260.1 -57177 -58012.7 -56799.2 -57995.5 -57810 -57267.5 -56532.6 -57437.3 -58126.3 -56347.7 -56318.1 -56103.8 -60834 -56785.2 -58499.1 -56021.4 -58119.3 -57494.7 -57710.5 -57583.7 -57663.1 -57606.8 -57648.7 -57616.9 -57642.8 -57622.6 -57640 -57626.2 -57638.6 -57628.7 -57637.9 -57630.6 -57637.5 -57632 -57637.4 -57633.1 -57637.3 -57634 -57637.3 -57634.8
-61009.4 -61016.1 -61007.6 -61017.1 -61004.3 -61018.3 -60997.5 -61020 -60982.2 -61023.9 -60940.6 -61047.3 -60763.2 -61493.1 -57912.8 -62860.1 -69801 -70931.4 -64714.4 -61932.4 -56443 -56538.4 -57399.4 -56265.1 -57178.8 -58015.9 -56801.7 -57993.6 -57815.1 -57268.2 -56533.8 -57441.2 -58128.2 -56344.7 -56315.3 -56106.3 -60833.9 -56778.9 -58498.3 -56020.7 -58120.4 -57495.7 -57711.5 -57584.7 -57664.1 -57607.8 -57649.7 -57617.9 -57643.8 -57623.6 -57641 -57627.2 -57639.6 -57629.7 -57638.9 -57631.6 -57638.6 -57633.1 -57638.4 -57634.2 -57638.4 -57635.1 -57638.4 -57635.8
-61011.7 -61018.4 -61009.9 -61019.4 -61006.5 -61020.5 -60999.7 -61022.2 -60984.4 -61026.1 -60942.7 -61049.5 -60765.2 -61494.3 -57912 -62861.9 -69803.7 -70957.3 -64709.9 -61925.4 -56453.4 -56533.6 -57394.5 -56259.1 -57176.2 -58011.9 -56798.4 -57995 -57808.7 -57266.7 -56531.6 -57436.3 -58125.2 -56347 -56317.4 -56102.5 -60832.9 -56784.8 -58498.1 -56020.3 -58118.1 -57493.5 -57709.3 -57582.6 -57662 -57605.6 -57647.6 -57615.8 -57641.7 -57621.5 -57638.9 -57625.1 -57637.5 -57627.6 -57636.8 -57629.5 -57636.5 -57631 -57636.4 -57632.1 -57636.3 -57633 -57636.3 -57633.8
-61009.5 -61016.2 -61007.7 -61017.1 -61004.2 -61018.2 -60997.4 -61019.8 -60982 -61023.7 -60940.3 -61047 -60762.8 -61492.8 -57912.8 -62859.7 -69800.4 -70928.2 -64714.4 -61932.6 -56441.2 -56538.1 -57399.1 -56264.6 -57178 -58015 -56800.8 -57992.1 -57814.4 -57267 -56532.7 -57440.1 -58127.1 -56343.2 -56313.8 -56105.4 -60832.9 -56777 -58497 -56019.5 -58119.3 -57494.6 -57710.5 -57583.7 -57663.1 -57606.8 -57648.8 -57617 -57642.9 -57622.6 -57640.1 -57626.3 -57638.7 -57628.8 -57638 -57630.7 -57637.7 -57632.2 -57637.6 -57633.4 -57637.6 -57634.3 -57637.6 -57635
-61012.6 -61019.3 -61010.7 -61020.2 -61007.3 -61021.3 -61000.4 -61022.8 -60985 -61026.7 -60943.2 -61050 -60765.6 -61494.5 -57911.6 -62861.9 -69803.8 -70960.3 -64709 -61924.1 -56454.1 -56532.5 -57393.2 -56257.9 -57175.2 -58010.9 -56797.3 -57994.5 -57807.1 -57265.6 -56530.3 -57434.9 -58123.9 -56346 -56316.4 -56100.7 -60831.3 -56784.3 -58496.9 -56018.9 -58116.6 -57492.1 -57707.9 -57581.1 -57660.5 -57604.2 -57646.2 -57614.4 -57640.3 -57620.1 -57637.5 -57623.8 -57636.2 -57626.3 -57635.5 -57628.2 -57635.2 -57629.7 -57635.1 -57630.9 -57635.1 -57631.8 -57635.1 -57632.6
-61009.6 -61016.3 -61007.7 -61017.1 -61004.2 -61018.2 -60997.3 -61019.7 -60981.8 -61023.5 -60940.1 -61046.7 -60762.4 -61492.5 -57913 -62859.2 -69799.7 -70923.9 -64714.4 -61933 -56439 -56537.9 -57398.9 -56264.1 -57177 -58013.8 -56799.6 -57990.1 -57813.7 -57265.4 -56531.4 -57438.7 -58125.6 -56341.3 -56311.9 -56104.3 -60831.6 -56774.5 -58495.5 -56018.2 -58118.1 -57493.4 -57709.3 -57582.5 -57661.9 -57605.6 -57647.6 -57615.8 -57641.7 -57621.5 -57639 -57625.2 -57637.7 -57627.8 -57637 -57629.7 -57636.7 -57631.2 -57636.6 -57632.4 -57636.6 -57633.3 -57636.6 -57634.1
-61014.1 -61020.7 -61012.1 -61021.5 -61008.6 -61022.5 -61001.6 -61024 -60986.1 -61027.8 -60944.2 -61050.9 -60766.5 -61495 -57911.3 -62862.2 -69804.2 -70964.8 -64708.1 -61922.3 -56455.3 -56531 -57391.5 -56256.2 -57173.9 -58009.6 -56795.8 -57993.9 -57804.8 -57264.2 -56528.5 -57433.1 -58122.2 -56344.8 -56315.2 -56098.5 -60829.2 -56783.7 -58495.2 -56017 -58114.6 -57490.2 -57706 -57579.2 -57658.7 -57602.4 -57644.4 -57612.6 -57638.5 -57618.4 -57635.8 -57622.1 -57634.5 -57624.7 -57633.9 -57626.6 -57633.6 -57628.1 -57633.5 -57629.3 -57633.5 -57630.2 -57633.5 -57631
-61009.7 -61016.3 -61007.8 -61017.1 -61004.2 -61018.1 -60997.1 -61019.5 -60981.6 -61023.2 -60939.7 -61046.2 -60761.9 -61492.2 -57913.6 -62858.8 -69798.9 -70917.7 -64714.6 -61933.8 -56436.1 -56537.8 -57398.7 -56263.6 -57175.9 -58012.3 -56798.2 -57987.5 -57812.8 -57263.4 -56529.8 -57436.9 -58123.7 -56338.7 -56309.3 -56103 -60830.1 -56771.1 -58493.5 -56016.6 -58116.5 -57491.9 -57707.8 -57581 -57660.5 -57604.2 -57646.2 -57614.5 -57640.4 -57620.2 -57637.7 -57624 -57636.4 -57626.6 -57635.8 -57628.5 -57635.5 -57630.1 -57635.5 -57631.3 -57635.5 -57632.2 -57635.5 -57633
-61016.5 -61023.1 -61014.4 -61023.8 -61010.8 -61024.7 -61003.7 -61026.1 -60988.1 -61029.7 -60946.1 -61052.7 -60768.2 -61496.1 -57911.1 -62863 -69805.2 -70972.1 -64707.1 -61920.1 -56457.1 -56529 -57389.1 -56254 -57172.1 -58008 -56793.8 -57993.2 -57801.6 -57262.3 -56526 -57430.8 -58119.8 -56343.3 -56313.6 -56095.3 -60826.4 -56783.2 -58493 -56014.3 -58112 -57487.6 -57703.4 -57576.7 -57656.2 -57599.9 -57642 -57610.2 -57636.2 -57616 -57633.5 -57619.8 -57632.2 -57622.4 -57631.6 -57624.4 -57631.4 -57625.9 -57631.3 -57627.2 -57631.4 -57628.1 -57631.4 -57628.9
-61009.8 -61016.3 -61007.7 -61017 -61004 -61017.9 -60996.9 -61019.2 -60981.2 -61022.7 -60939.2 -61045.6 -60761.2 -61492.1 -57915.1 -62858.6 -69798 -70908.3 -64715.3 -61935.6 -56432.2 -56538 -57399 -56263.3 -57174.5 -58010.3 -56796.3 -57983.7 -57811.9 -57260.7 -56527.7 -57434.4 -58121.2 -56335.2 -56305.8 -56101.5 -60828.3 -56766.3 -58490.9 -56014.7 -58114.7 -57490.1 -57706 -57579.3 -57658.9 -57602.6 -57644.7 -57612.9 -57638.9 -57618.8 -57636.3 -57622.6 -57635.1 -57625.2 -57634.5 -57627.2 -57634.3 -57628.8 -57634.2 -57630 -57634.3 -57631 -57634.3 -57631.8
-61020.8 -61027.3 -61018.6 -61028 -61014.9 -61028.8 -61007.7 -61030 -60992 -61033.6 -60949.9 -61056.4 -60771.8 -61498.7 -57911.1 -62865 -69807.7 -70985 -64706.2 -61916.9 -56460.4 -56526.3 -57385.7 -56250.7 -57169.5 -58005.8 -56790.9 -57992.5 -57796.9 -57259.7 -56522.4 -57427.7 -58116.5 -56341.2 -56311.4 -56090.8 -60822.1 -56782.9 -58490 -56010.4 -58108.2 -57483.9 -57699.8 -57573.2 -57652.7 -57596.5 -57638.6 -57606.9 -57632.9 -57612.8 -57630.3 -57616.6 -57629.1 -57619.3 -57628.5 -57621.3 -57628.3 -57622.9 -57628.3 -57624.1 -57628.4 -57625.2 -57628.5 -57626
-61009.3 -61015.8 -61007.2 -61016.4 -61003.4 -61017.2 -60996.1 -61018.4 -60980.4 -61021.8 -60938.3 -61044.6 -60760.2 -61492.3 -57918.6 -62858.8 -69796.9 -70892.4 -64717 -61939.5 -56426.5 -56539.1 -57400 -56263.2 -57172.8 -58007.3 -56793.9 -57977.8 -57811.1 -57256.7 -56524.9 -57430.7 -58117.8 -56330.1 -56300.8 -56099.6 -60826.3 -56759.2 -58487.4 -56012.8 -58112.6 -57488.1 -57704.1 -57577.5 -57657.1 -57600.9 -57643.1 -57611.4 -57637.4 -57617.3 -57634.9 -57621.2 -57633.7 -57623.9 -57633.2 -57626 -57633 -57627.5 -57633 -57628.8 -57633.1 -57629.9 -57633.2 -57630.7
-61029.3 -61035.8 -61027.1 -61036.3 -61023.2 -61037.1 -61015.9 -61038.2 -61000.1 -61041.7 -60957.9 -61064.5 -60779.9 -61504.8 -57911.8 -62870.1 -69814 -71010.9 -64706 -61912 -56466.8 -56522 -57380.1 -56245.3 -57165.5 -58002.7 -56786.4 -57992.2 -57789.3 -57256.2 -56516.8 -57423.4 -58111.5 -56338.3 -56308.4 -56083.6 -60814.9 -56783.2 -58485.6 -56003.8 -58102.4 -57478.1 -57694.1 -57567.6 -57647.3 -57591.2 -57633.3 -57601.7 -57627.7 -57607.7 -57625.2 -57611.6 -57624.1 -57614.4 -57623.6 -57616.4 -57623.5 -57618 -57623.5 -57619.3 -57623.6 -57620.4 -57623.7 -57621.3
-61006.9 -61013.4 -61004.7 -61013.8 -61000.8 -61014.5 -60993.4 -61015.6 -60977.6 -61019 -60935.5 -61041.8 -60757.5 -61492.8 -57927.5 -62860.5 -69795.4 -70860.8 -64721.6 -61948.5 -56417.4 -56542.4 -57403 -56264.3 -57170.6 -58002.6 -56790.7 -57967.8 -57811.1 -57250.3 -56521.3 -57424.6 -58112.8 -56322.1 -56293 -56097.6 -60824.8 -56747.2 -58482.4 -56011.9 -58110.7 -57486.4 -57702.7 -57576.1 -57655.9 -57599.8 -57642 -57610.4 -57636.5 -57616.5 -57634.1 -57620.4 -57633 -57623.3 -57632.6 -57625.4 -57632.4 -57627 -57632.5 -57628.3 -57632.6 -57629.4 -57632.8 -57630.3
-61049.9 -61056.4 -61047.5 -61056.8 -61043.6 -61057.4 -61036.1 -61058.5 -61020.3 -61062 -60978.2 -61085.1 -60800.6 -61520.7 -57914.2 -62884.7 -69833.3 -71074.4 -64708.8 -61903.2 -56480.5 -56513.7 -57369.2 -56234.7 -57158.2 -57998.1 -56778 -57994.1 -57775.1 -57251.3 -56507.2 -57417.6 -58103 -56333.7 -56303.2 -56070.3 -60800.7 -56785.7 -58478.4 -55990.1 -58091.3 -57467.2 -57683.4 -57557.1 -57636.9 -57580.9 -57623.2 -57591.7 -57617.8 -57597.8 -57615.4 -57601.8 -57614.4 -57604.7 -57614 -57606.8 -57613.9 -57608.5 -57614 -57609.8 -57614.1 -57610.9 -57614.3 -57611.8
-60995.3 -61001.6 -60992.8 -61001.9 -60988.8 -61002.4 -60981.4 -61003.4 -60965.6 -61006.8 -60923.8 -61030 -60746.4 -61491.9 -57953.9 -62865.6 -69790.7 -70777.7 -64736.5 -61974.8 -56399.1 -56552 -57411.6 -56270.1 -57167.9 -57993.8 -56788 -57946.2 -57815.5 -57238.6 -56516.8 -57412.6 -58105.3 -56308.1 -56279.7 -56096.7 -60827.2 -56722.7 -58474.3 -56017.4 -58112.1 -57488.3 -57704.9 -57578.5 -57658.6 -57602.6 -57645 -57613.5 -57639.7 -57619.7 -57637.4 -57623.8 -57636.4 -57626.7 -57636.1 -57628.9 -57636 -57630.6 -57636.1 -57632 -57636.3 -57633.1 -57636.5 -57634
