Code/Outputs/Output_20260212_205621/2.9_30_1000_moho_undulation.grd
DSAA
181 201
-5400000.0 5400000.0
-6000000.0 6000000.0
-81077.79325568443 -0.0
[rows 112 to 139 of 201, columns 64 to 127 of 181]
-58701.4 -58700.5 -58691.9 -58690.1 -58677.9 -58674.7 -58655.9 -58650.1 -58616.6 -58607.3 -58523.8 -58536.8 -57898.3 -59439.1 -62307.9 -60797.6 -63071.9 -69100 -64726.5 -65210.6 -63501.2 -60640.3 -70910.8 -71486.7 -67566.2 -74966.8 -75288.1 -73882.5 -69862.6 -66700.9 -70476.5 -72333.4 -75543.9 -66706 -57884.8 -61005.9 -59572.9 -59972.6 -59853.9 -58983.7 -59421.7 -59335.3 -59382.7 -59387.9 -59402.6 -59411.4 -59418 -59425.4 -59428.9 -59434.7 -59436.7 -59441.3 -59442.5 -59446.2 -59447 -59450 -59450.4 -59452.9 -59453.2 -59455.2 -59455.4 -59457.1 -59457.2 -59458.7
-58836.4 -58847 -58825.1 -58838.1 -58808.4 -58824.9 -58782 -58804.2 -58734.2 -58769.8 -58620.6 -58724.7 -57946.7 -59745.3 -57739.3 -62393.8 -67845.5 -65207.4 -68309.3 -65704.6 -61752.1 -72475 -62503.5 -74177.4 -69284.6 -79460 -72165 -74657.8 -72771.4 -72224.4 -70997.7 -75650.8 -74099.8 -54249.9 -60283.4 -58349.5 -60418.8 -59556.9 -60878.1 -59562.5 -59864.1 -59766.3 -59863.7 -59828.6 -59875.8 -59859.5 -59886.4 -59877.9 -59894.5 -59889.9 -59900.7 -59898.1 -59905.4 -59904.1 -59909.2 -59908.6 -59912.2 -59912.1 -59914.6 -59914.8 -59916.7 -59916.9 -59918.3 -59918.6
-59010.7 -58999.2 -59001.7 -58986.6 -58988.7 -58967.7 -58968.2 -58936.9 -58932.2 -58880 -58851.3 -58755.9 -58372.4 -58818.4 -63353.7 -64364.4 -66707 -67415.1 -66292.8 -66030 -65222.6 -62502.1 -66766.4 -70852.4 -74389.6 -74471.9 -74399.3 -75940 -74286.2 -69737.6 -72636 -72937.2 -73982.1 -58359.7 -60601.9 -60363.6 -61513.4 -60512.6 -60882.4 -59897.6 -60706.9 -60506.6 -60638.9 -60581 -60647.6 -60614.5 -60657 -60634.4 -60664.3 -60647.5 -60669.9 -60656.7 -60674.1 -60663.5 -60677.4 -60668.6 -60680 -60672.6 -60682 -60675.7 -60683.7 -60678.2 -60685.1 -60680.3
-59020.7 -59010.6 -59011.3 -58997.9 -58997.6 -58978.8 -58975.9 -58947.7 -58937.8 -58890.5 -58851.8 -58766.9 -58347.6 -58872.3 -62057 -63746.6 -66839.6 -66784.7 -66699.9 -65844.5 -64669.4 -64430.2 -66023.9 -71232.1 -73473 -75300 -73867.6 -75434.9 -73917.5 -70016 -72300.9 -73536.1 -74089.3 -57499.9 -60472.6 -59888.3 -61149.3 -60214 -60794.5 -59728.1 -60474.8 -60274.2 -60405.5 -60348.4 -60414.3 -60382.2 -60424 -60402.3 -60431.6 -60415.5 -60437.3 -60424.9 -60441.7 -60431.7 -60445.1 -60436.9 -60447.8 -60440.9 -60449.9 -60444 -60451.7 -60446.6 -60453.1 -60448.6
-59005.5 -58994.8 -58995.9 -58981.7 -58981.8 -58962 -58959.7 -58930 -58920.8 -58870.9 -58833.4 -58742.1 -58327.4 -58810.8 -62402 -63856.4 -66716.1 -67022.5 -66523.6 -65858.1 -64813.7 -63797.1 -66283 -71036.6 -73637.7 -74905.5 -73960 -75465 -73890 -69850.5 -72368.1 -73302.5 -74067.1 -57834.9 -60521.6 -60012.6 -61235.8 -60269.2 -60779.3 -59744.6 -60478.9 -60278.8 -60409.6 -60352.6 -60418.7 -60386.5 -60428.6 -60406.8 -60436.4 -60420.2 -60442.2 -60429.7 -60446.7 -60436.6 -60450.2 -60441.9 -60452.9 -60445.9 -60455.2 -60449.1 -60457 -60451.7 -60458.4 -60453.9
-59029.1 -59018.5 -59019.2 -59005.1 -59004.8 -58985.1 -58982.1 -58952.5 -58942.2 -58892.4 -58852.8 -58762 -58341 -58837.8 -62219.8 -63786 -66761.8 -66854.8 -66594.3 -65838 -64720.9 -64084.7 -66120.9 -71109.5 -73530.4 -75081.3 -73875.7 -75417.7 -73875.6 -69891.7 -72304.6 -73418.7 -74081.7 -57662 -60489.6 -59947.3 -61176 -60225.8 -60770.6 -59715.9 -60468.8 -60267 -60398.2 -60341 -60407.2 -60375.1 -60417.3 -60395.6 -60425.1 -60409.1 -60431.1 -60418.7 -60435.7 -60425.7 -60439.3 -60431 -60442.1 -60435.2 -60444.4 -60438.4 -60446.2 -60441.1 -60447.7 -60443.2
-59016.7 -59005.9 -59006.6 -58992.2 -58991.8 -58971.8 -58968.7 -58938.5 -58928.2 -58877.4 -58837.8 -58745 -58325.2 -58810.5 -62315.1 -63814.1 -66721 -66959.1 -66539.4 -65832.6 -64764.6 -63900.4 -66200.1 -71037.3 -73564.2 -74936.9 -73892 -75410.2 -73850.7 -69846.9 -72327.7 -73328.9 -74058.7 -57759.3 -60504 -59975.3 -61204 -60240.8 -60763.1 -59721.7 -60456 -60255.4 -60386.2 -60329.2 -60395.4 -60363.4 -60405.6 -60383.9 -60413.6 -60397.6 -60419.7 -60407.3 -60424.4 -60414.4 -60428 -60419.8 -60430.9 -60423.9 -60433.2 -60427.3 -60435.1 -60429.9 -60436.6 -60432.1
-59031.4 -59020.5 -59021.1 -59006.7 -59006 -58985.9 -58982.5 -58952.2 -58941.3 -58890.4 -58849.8 -58757.2 -58335 -58826.6 -62247.4 -63788.5 -66739.2 -66869.8 -66565.1 -65827.3 -64720.5 -64007 -66132.1 -71071.8 -73524.4 -75019.3 -73864.1 -75398.3 -73850.8 -69857.3 -72295.5 -73381.8 -74068.7 -57687.4 -60486.4 -59951.1 -61176.2 -60221.9 -60759.5 -59707.8 -60458.4 -60256.7 -60387.8 -60330.7 -60397 -60365 -60407.3 -60385.7 -60415.4 -60399.5 -60421.6 -60409.3 -60426.4 -60416.4 -60430.1 -60421.9 -60433 -60426.1 -60435.3 -60429.4 -60437.3 -60432.1 -60438.8 -60434.3
-59022.9 -59011.9 -59012.4 -58997.8 -58997.1 -58976.7 -58973.3 -58942.6 -58931.6 -58880.2 -58839.6 -58745.9 -58324.5 -58810.3 -62290.2 -63801.2 -66720.7 -66933.7 -66539.6 -65821.2 -64744.9 -63922.1 -66168.8 -71032.3 -73538.8 -74942.7 -73867.4 -75390.8 -73835.8 -69839.1 -72309.2 -73331.6 -74050.9 -57731 -60492.7 -59960.6 -61190.3 -60229.1 -60755 -59711.2 -60447.5 -60246.8 -60377.6 -60320.7 -60387 -60355.1 -60397.4 -60375.8 -60405.6 -60389.7 -60411.9 -60399.5 -60416.7 -60406.8 -60420.4 -60412.3 -60423.4 -60416.5 -60425.8 -60419.9 -60427.8 -60422.7 -60429.4 -60424.9
-59032.5 -59021.4 -59021.8 -59007.1 -59006.3 -58985.8 -58982.1 -58951.4 -58940.1 -58888.5 -58847.4 -58753.8 -58331.1 -58820.7 -62255.2 -63787.4 -66728.9 -66875.1 -66552 -65819.8 -64717 -63976.1 -66132.4 -71053.4 -73517.5 -74991.4 -73855.3 -75386.3 -73837.1 -69841.6 -72288.6 -73363 -74058.6 -57692 -60481.4 -59948.2 -61173.1 -60217.3 -60752.5 -59702.3 -60451 -60249.5 -60380.6 -60323.6 -60390 -60358.1 -60400.5 -60379 -60408.8 -60392.9 -60415.1 -60402.8 -60420 -60410.1 -60423.8 -60415.7 -60426.8 -60420 -60429.3 -60423.4 -60431.2 -60426.1 -60432.9 -60428.4
-59026.4 -59015.3 -59015.6 -59000.8 -58999.9 -58979.3 -58975.5 -58944.5 -58933.1 -58881.3 -58840.1 -58746 -58323.7 -58809.7 -62279.2 -63794.7 -66719.1 -66919.8 -66537.6 -65814.6 -64734.1 -63928.3 -66153.2 -71028.3 -73526.1 -74943.8 -73855.2 -75380.9 -73827.6 -69832.8 -72298.3 -73330.5 -74045.3 -57716.3 -60485 -59952.1 -61181.9 -60221.9 -60749.5 -59704.7 -60442.5 -60241.8 -60372.7 -60315.8 -60382.2 -60350.4 -60392.8 -60371.3 -60401.1 -60385.3 -60407.5 -60395.3 -60412.5 -60402.6 -60416.3 -60408.2 -60419.4 -60412.6 -60421.9 -60416 -60423.9 -60418.8 -60425.5 -60421.1
-59033 -59021.8 -59022 -59007.2 -59006.2 -58985.5 -58981.5 -58950.5 -58938.9 -58887 -58845.5 -58751.4 -58328.4 -58816.9 -62257.7 -63785.8 -66723.1 -66877.4 -66544.6 -65814.5 -64714 -63960.3 -66130.8 -71042.7 -73512.4 -74975.9 -73849 -75378.5 -73828.6 -69832.6 -72283.6 -73351.6 -74051.1 -57691.8 -60477 -59944.7 -61169.9 -60213.4 -60747.5 -59698.2 -60445.7 -60244.3 -60375.5 -60318.5 -60385 -60353.2 -60395.6 -60374.2 -60404.1 -60388.3 -60410.5 -60398.3 -60415.5 -60405.7 -60419.4 -60411.3 -60422.5 -60415.7 -60425 -60419.2 -60427 -60422 -60428.7 -60424.3
-59028.5 -59017.3 -59017.5 -59002.5 -59001.4 -58980.6 -58976.6 -58945.4 -58933.7 -58881.6 -58840.1 -58745.7 -58322.9 -58808.9 -62273 -63790.7 -66717.3 -66911.1 -66535.4 -65810.3 -64727.2 -63930 -66144.1 -71025.3 -73518.5 -74943.6 -73848.1 -75374.9 -73822.3 -69828 -72291.2 -73328.8 -74041.2 -57707.3 -60479.4 -59946.4 -61176 -60216.8 -60745.4 -59700 -60439 -60238.3 -60369.3 -60312.4 -60379 -60347.1 -60389.6 -60368.2 -60398.1 -60382.4 -60404.6 -60392.4 -60409.7 -60399.8 -60413.6 -60405.5 -60416.7 -60409.9 -60419.3 -60413.4 -60421.3 -60416.2 -60423 -60418.6
-59033.3 -59022 -59022.1 -59007.1 -59005.9 -58985 -58980.9 -58949.7 -58937.9 -58885.7 -58843.9 -58749.6 -58326.3 -58814.2 -62258.5 -63784.4 -66719.4 -66878.6 -66540 -65810.7 -64711.7 -63951 -66129.1 -71035.8 -73508.7 -74966.2 -73844.5 -75373.2 -73822.9 -69826.9 -72279.9 -73344 -74045.7 -57690.5 -60473.5 -59941.5 -61167.2 -60210.2 -60743.7 -59695 -60441.6 -60240.4 -60371.6 -60314.7 -60381.3 -60349.5 -60392 -60370.6 -60400.5 -60384.8 -60407.1 -60394.9 -60412.2 -60402.4 -60416.1 -60408.1 -60419.3 -60412.5 -60421.9 -60416 -60423.9 -60418.9 -60425.7 -60421.2
-59029.8 -59018.4 -59018.5 -59003.5 -59002.2 -58981.3 -58977.1 -58945.7 -58933.9 -58881.6 -58839.8 -58745.2 -58322.2 -58808.1 -62269 -63787.9 -66715.8 -66905.1 -66533.6 -65807.3 -64722.5 -63930.4 -66138.3 -71023.2 -73513.5 -74943.1 -73843.5 -75370.9 -73818.7 -69824.5 -72286.2 -73327.2 -74038.2 -57701.3 -60475.4 -59942.3 -61171.7 -60213 -60742.2 -59696.5 -60436.4 -60235.6 -60366.7 -60309.9 -60376.5 -60344.7 -60387.3 -60365.9 -60395.9 -60380.1 -60402.4 -60390.3 -60407.6 -60397.8 -60411.6 -60403.5 -60414.8 -60408 -60417.3 -60411.5 -60419.4 -60414.4 -60421.2 -60416.7
-59033.4 -59022 -59022 -59006.9 -59005.6 -58984.6 -58980.4 -58948.9 -58937 -58884.6 -58842.7 -58748.1 -58324.7 -58812.2 -62258.6 -63783.2 -66716.8 -66879.2 -66536.8 -65808 -64710 -63945 -66127.5 -71031.1 -73506 -74959.8 -73841.1 -75369.4 -73818.9 -69822.9 -72277.1 -73338.6 -74041.6 -57689 -60470.7 -59938.8 -61164.9 -60207.7 -60740.8 -59692.4 -60438.5 -60237.4 -60368.6 -60311.8 -60378.4 -60346.6 -60389.2 -60367.9 -60397.8 -60382.1 -60404.4 -60392.3 -60409.6 -60399.8 -60413.6 -60405.6 -60416.8 -60410.1 -60419.4 -60413.6 -60421.6 -60416.5 -60423.3 -60418.9
-59030.6 -59019.2 -59019.1 -59004 -59002.7 -58981.6 -58977.3 -58945.8 -58933.8 -58881.4 -58839.4 -58744.7 -58321.5 -58807.4 -62266.3 -63785.9 -66714.4 -66900.8 -66532.1 -65805.2 -64719.2 -63930.2 -66134.3 -71021.6 -73510.1 -74942.6 -73840.4 -75368.1 -73816 -69821.8 -72282.6 -73325.9 -74035.9 -57697.1 -60472.3 -59939.3 -61168.5 -60210.1 -60739.7 -59693.8 -60434.3 -60233.6 -60364.7 -60308 -60374.6 -60342.8 -60385.4 -60364.1 -60394.1 -60378.4 -60400.7 -60388.6 -60405.9 -60396.2 -60410 -60401.9 -60413.2 -60406.4 -60415.8 -60410 -60418 -60412.9 -60419.8 -60415.3
-59033.4 -59021.9 -59021.8 -59006.7 -59005.3 -58984.2 -58979.8 -58948.3 -58936.2 -58883.8 -58841.7 -58747 -58323.5 -58810.6 -62258.4 -63782.2 -66714.9 -66879.5 -66534.5 -65805.9 -64708.7 -63940.8 -66126.2 -71027.6 -73503.9 -74955.2 -73838.6 -75366.6 -73815.9 -69820 -72275 -73334.6 -74038.5 -57687.6 -60468.5 -59936.7 -61163 -60205.6 -60738.5 -59690.4 -60436 -60235 -60366.2 -60309.5 -60376.1 -60344.4 -60387 -60365.7 -60395.7 -60380 -60402.4 -60390.2 -60407.6 -60397.8 -60411.6 -60403.6 -60414.9 -60408.1 -60417.5 -60411.8 -60419.7 -60414.7 -60421.5 -60417.1
-59031.1 -59019.6 -59019.5 -59004.3 -59002.9 -58981.7 -58977.4 -58945.8 -58933.7 -58881.1 -58839.1 -58744.2 -58320.8 -58806.8 -62264.3 -63784.3 -66713.3 -66897.5 -66530.8 -65803.6 -64716.6 -63929.8 -66131.5 -71020.4 -73507.6 -74942.1 -73838.2 -75366 -73814.1 -69819.7 -72279.9 -73324.8 -74034.2 -57694 -60469.9 -59937 -61166 -60207.8 -60737.7 -59691.7 -60432.6 -60231.9 -60363.1 -60306.4 -60373 -60341.3 -60384 -60362.6 -60392.7 -60377 -60399.4 -60387.3 -60404.6 -60394.9 -60408.7 -60400.7 -60412 -60405.2 -60414.6 -60408.9 -60416.8 -60411.8 -60418.6 -60414.2
-59033.3 -59021.8 -59021.7 -59006.5 -59005 -58983.8 -58979.4 -58947.8 -58935.6 -58883.1 -58840.9 -58746.1 -58322.5 -58809.4 -62258.1 -63781.3 -66713.5 -66879.8 -66532.7 -65804.2 -64707.7 -63937.8 -66125 -71025 -73502.3 -74951.8 -73836.6 -75364.4 -73813.6 -69817.8 -72273.4 -73331.6 -74036.1 -57686.4 -60466.7 -59934.9 -61161.5 -60204 -60736.6 -59688.8 -60434.1 -60233 -60364.3 -60307.6 -60374.3 -60342.6 -60385.2 -60363.9 -60393.9 -60378.3 -60400.7 -60388.6 -60405.9 -60396.2 -60410 -60402 -60413.3 -60406.6 -60416 -60410.2 -60418.2 -60413.2 -60420 -60415.6
-59031.4 -59019.9 -59019.7 -59004.5 -59003 -58981.8 -58977.3 -58945.7 -58933.5 -58880.8 -58838.7 -58743.8 -58320.3 -58806.3 -62262.8 -63783.1 -66712.4 -66895 -66529.9 -65802.4 -64714.7 -63929.5 -66129.5 -71019.5 -73505.8 -74941.7 -73836.5 -75364.5 -73812.6 -69818.1 -72277.9 -73324 -74032.9 -57691.6 -60468.1 -59935.2 -61164 -60206 -60736.2 -59690 -60431.3 -60230.6 -60361.8 -60305.1 -60371.8 -60340.1 -60382.8 -60361.5 -60391.5 -60375.9 -60398.3 -60386.2 -60403.5 -60393.8 -60407.7 -60399.7 -60411 -60404.2 -60413.7 -60407.9 -60415.9 -60410.9 -60417.7 -60413.3
-59033.2 -59021.7 -59021.5 -59006.2 -59004.7 -58983.5 -58979 -58947.3 -58935.1 -58882.5 -58840.2 -58745.3 -58321.7 -58808.4 -62257.8 -63780.6 -66712.4 -66879.9 -66531.4 -65803 -64707 -63935.6 -66124.1 -71023 -73501 -74949.2 -73835 -75362.7 -73811.8 -69816.1 -72272.1 -73329.3 -74034.2 -57685.4 -60465.3 -59933.5 -61160.3 -60202.7 -60735.2 -59687.5 -60432.5 -60231.5 -60362.8 -60306.1 -60372.8 -60341.1 -60383.8 -60362.5 -60392.5 -60376.9 -60399.3 -60387.2 -60404.6 -60394.9 -60408.7 -60400.8 -60412.1 -60405.3 -60414.8 -60409 -60417 -60412 -60418.8 -60414.4
-59031.6 -59020 -59019.8 -59004.5 -59003 -58981.7 -58977.2 -58945.5 -58933.3 -58880.6 -58838.4 -58743.4 -58319.8 -58805.8 -62261.7 -63782.2 -66711.6 -66893 -66529.1 -65801.4 -64713.2 -63929.2 -66127.9 -71018.8 -73504.4 -74941.4 -73835.3 -75363.3 -73811.4 -69816.9 -72276.3 -73323.3 -74031.9 -57689.8 -60466.6 -59933.8 -61162.5 -60204.6 -60734.9 -59688.6 -60430.2 -60229.5 -60360.8 -60304.1 -60370.8 -60339.1 -60381.8 -60360.5 -60390.6 -60374.9 -60397.3 -60385.3 -60402.6 -60392.9 -60406.8 -60398.8 -60410.1 -60403.4 -60412.9 -60407.1 -60415.1 -60410.1 -60416.9 -60412.5
-59033.2 -59021.6 -59021.4 -59006 -59004.5 -58983.2 -58978.7 -58946.9 -58934.7 -58882 -58839.7 -58744.7 -58321 -58807.6 -62257.5 -63780.1 -66711.6 -66880.1 -66530.3 -65801.9 -64706.4 -63933.9 -66123.4 -71021.4 -73500 -74947.2 -73833.7 -75361.3 -73810.4 -69814.7 -72271 -73327.4 -74032.6 -57684.6 -60464.2 -59932.4 -61159.3 -60201.6 -60734 -59686.4 -60431.2 -60230.2 -60361.6 -60304.9 -60371.6 -60339.9 -60382.6 -60361.3 -60391.4 -60375.8 -60398.2 -60386.1 -60403.5 -60393.8 -60407.7 -60399.7 -60411 -60404.3 -60413.7 -60408 -60416 -60411 -60417.8 -60413.5
-59031.7 -59020.1 -59019.9 -59004.5 -59003 -58981.7 -58977.1 -58945.4 -58933.1 -58880.3 -58838.1 -58743 -58319.4 -58805.4 -62260.8 -63781.4 -66711 -66891.4 -66528.5 -65800.7 -64712.1 -63928.9 -66126.7 -71018.3 -73503.3 -74941.2 -73834.4 -75362.4 -73810.6 -69815.9 -72275.1 -73322.8 -74031.1 -57688.4 -60465.5 -59932.7 -61161.3 -60203.4 -60733.9 -59687.5 -60429.4 -60228.6 -60359.9 -60303.2 -60369.9 -60338.3 -60381 -60359.7 -60389.8 -60374.2 -60396.6 -60384.5 -60401.9 -60392.2 -60406.1 -60398.1 -60409.5 -60402.8 -60412.2 -60406.5 -60414.4 -60409.5 -60416.3 -60411.9
-59033.1 -59021.4 -59021.2 -59005.9 -59004.3 -58982.9 -58978.4 -58946.6 -58934.3 -58881.6 -58839.2 -58744.2 -58320.5 -58807 -62257.3 -63779.6 -66710.9 -66880.2 -66529.5 -65801.1 -64705.9 -63932.5 -66122.7 -71020.2 -73499.2 -74945.6 -73832.6 -75360.2 -73809.3 -69813.7 -72270.2 -73325.9 -74031.4 -57683.9 -60463.3 -59931.4 -61158.5 -60200.8 -60733 -59685.5 -60430.1 -60229.2 -60360.5 -60303.8 -60370.6 -60338.9 -60381.6 -60360.4 -60390.4 -60374.8 -60397.3 -60385.2 -60402.6 -60392.9 -60406.8 -60398.8 -60410.2 -60403.5 -60412.9 -60407.2 -60415.2 -60410.2 -60417 -60412.6
-59031.8 -59020.1 -59019.9 -59004.5 -59002.9 -58981.6 -58977 -58945.2 -58932.9 -58880.1 -58837.8 -58742.8 -58319.1 -58805.1 -62260.1 -63780.8 -66710.5 -66890.1 -66528 -65800.2 -64711.1 -63928.7 -66125.8 -71017.9 -73502.5 -74941 -73833.7 -75361.7 -73809.9 -69815.2 -72274.2 -73322.5 -74030.5 -57687.3 -60464.6 -59931.8 -61160.3 -60202.5 -60733.1 -59686.6 -60428.7 -60227.9 -60359.2 -60302.5 -60369.3 -60337.6 -60380.3 -60359.1 -60389.2 -60373.6 -60396 -60383.9 -60401.3 -60391.7 -60405.5 -60397.6 -60408.9 -60402.2 -60411.7 -60405.9 -60413.9 -60408.9 -60415.8 -60411.4
-59033 -59021.3 -59021.1 -59005.7 -59004.1 -58982.7 -58978.1 -58946.3 -58934 -58881.2 -58838.9 -58743.8 -58320.1 -58806.5 -62257 -63779.2 -66710.4 -66880.3 -66528.8 -65800.4 -64705.5 -63931.5 -66122.2 -71019.1 -73498.5 -74944.3 -73831.8 -75359.4 -73808.4 -69812.8 -72269.5 -73324.7 -74030.4 -57683.3 -60462.6 -59930.7 -61157.8 -60200.1 -60732.3 -59684.8 -60429.3 -60228.4 -60359.7 -60303 -60369.8 -60338.1 -60380.8 -60359.6 -60389.7 -60374.1 -60396.5 -60384.5 -60401.8 -60392.2 -60406.1 -60398.1 -60409.5 -60402.8 -60412.2 -60406.5 -60414.5 -60409.5 -60416.4 -60412
