Code/Outputs/Output_20260212_205621/2.9_30_1000_moho_undulation.grd
DSAA
181 201
-5400000.0 5400000.0
-6000000.0 6000000.0
-81077.79325568443 -0.0
[rows 0 to 27 of 201, columns 0 to 63 of 181]
-0 -0 -0 -0 -0 -0 -0 -0 -0 -0 -0 -0 -0 -0 -0 -0 -0 -0 -0 -0 -0 -0 -0 -0 -0 -0 -0 -0 -0 -0 -0 -0 -0 -0 -0 -0 -0 -0 -0 -0 -0 -0 -0 -0 -0 -0 -0 -0 -0 -0 -0 -0 -0 -0 -0 -0 -0 -0 -0 -0 -0 -0 -0 -0
-0 -44.8067 -175.248 -372.667 -617.279 -875.14 -1119.62 -1317.01 -1447.33 -1491.52 -1492.07 -1491.53 -1491.91 -1491.53 -1491.81 -1491.53 -1491.74 -1491.52 -1491.68 -1491.51 -1491.64 -1491.5 -1491.61 -1491.49 -1491.58 -1491.48 -1491.55 -1491.47 -1491.53 -1491.47 -1491.51 -1491.46 -1491.5 -1491.45 -1491.48 -1491.44 -1491.47 -1491.43 -1491.45 -1491.42 -1491.43 -1491.41 -1491.42 -1491.4 -1491.4 -1491.38 -1491.38 -1491.37 -1491.35 -1491.35 -1491.33 -1491.33 -1491.3 -1491.31 -1491.26 -1491.28 -1491.22 -1491.24 -1491.16 -1491.2 -1491.09 -1491.14 -1491 -1491.07
-0 -175.691 -687.154 -1460.91 -2419.81 -3430.4 -4388.73 -5162.27 -5673.14 -5846.24 -5848.41 -5846.24 -5847.75 -5846.2 -5847.31 -5846.16 -5847 -5846.12 -5846.77 -5846.07 -5846.6 -5846.03 -5846.46 -5846 -5846.34 -5845.96 -5846.25 -5845.92 -5846.16 -5845.89 -5846.09 -5845.86 -5846.02 -5845.82 -5845.95 -5845.79 -5845.89 -5845.75 -5845.83 -5845.71 -5845.76 -5845.67 -5845.7 -5845.62 -5845.63 -5845.57 -5845.55 -5845.52 -5845.46 -5845.45 -5845.37 -5845.38 -5845.25 -5845.29 -5845.12 -5845.19 -5844.95 -5845.06 -5844.75 -5844.91 -5844.49 -5844.71 -5844.16 -5844.46
-0 -378.195 -1478.84 -3143.94 -5207.16 -7381.71 -9443.61 -11108 -12207.1 -12579.6 -12584.1 -12579.4 -12582.6 -12579.3 -12581.6 -12579.1 -12580.9 -12579 -12580.4 -12578.9 -12580 -12578.8 -12579.7 -12578.7 -12579.4 -12578.6 -12579.2 -12578.5 -12579 -12578.4 -12578.8 -12578.4 -12578.7 -12578.3 -12578.6 -12578.2 -12578.4 -12578.1 -12578.3 -12578 -12578.1 -12578 -12578 -12577.9 -12577.9 -12577.8 -12577.7 -12577.6 -12577.5 -12577.5 -12577.3 -12577.3 -12577.1 -12577.2 -12576.8 -12577 -12576.5 -12576.7 -12576.1 -12576.4 -12575.5 -12576 -12574.9 -12575.5
-0 -634.821 -2482.3 -5276.85 -8739.66 -12389 -15849.4 -18642.6 -20487.1 -21111.9 -21119.5 -21111.5 -21116.8 -21111.2 -21115.1 -21110.9 -21113.8 -21110.6 -21112.9 -21110.4 -21112.2 -21110.2 -21111.7 -21110 -21111.2 -21109.8 -21110.8 -21109.7 -21110.5 -21109.5 -21110.2 -21109.4 -21110 -21109.3 -21109.7 -21109.1 -21109.5 -21109 -21109.3 -21108.9 -21109.1 -21108.7 -21108.8 -21108.6 -21108.6 -21108.4 -21108.3 -21108.2 -21108 -21108 -21107.7 -21107.8 -21107.3 -21107.5 -21106.9 -21107.2 -21106.4 -21106.8 -21105.7 -21106.3 -21104.9 -21105.7 -21103.8 -21105
-0 -917.856 -3588.75 -7628.84 -12634.7 -17910.2 -22912.4 -26950.1 -29616.3 -30519.4 -30530.2 -30518.6 -30526.1 -30517.9 -30523.5 -30517.4 -30521.6 -30516.9 -30520.2 -30516.5 -30519.2 -30516.2 -30518.4 -30515.9 -30517.7 -30515.7 -30517.1 -30515.4 -30516.6 -30515.2 -30516.2 -30515 -30515.8 -30514.8 -30515.5 -30514.6 -30515.2 -30514.4 -30514.8 -30514.3 -30514.5 -30514.1 -30514.2 -30513.8 -30513.9 -30513.6 -30513.5 -30513.3 -30513.1 -30513.1 -30512.6 -30512.7 -30512.1 -30512.4 -30511.5 -30511.9 -30510.8 -30511.4 -30509.9 -30510.8 -30508.8 -30510.1 -30507.4 -30509.1
-0 -1202.24 -4700.71 -9992.29 -16548.8 -23458.3 -30009.8 -35297.9 -38789.7 -39972.4 -39986.4 -39971 -39980.8 -39970 -39977.2 -39969.1 -39974.6 -39968.4 -39972.7 -39967.9 -39971.3 -39967.4 -39970.2 -39967 -39969.3 -39966.6 -39968.5 -39966.3 -39967.9 -39966 -39967.3 -39965.8 -39966.8 -39965.5 -39966.4 -39965.2 -39965.9 -39965 -39965.5 -39964.7 -39965.1 -39964.5 -39964.7 -39964.2 -39964.3 -39963.9 -39963.8 -39963.6 -39963.3 -39963.3 -39962.7 -39962.9 -39962.1 -39962.4 -39961.3 -39961.9 -39960.4 -39961.3 -39959.4 -39960.6 -39958 -39959.7 -39956.2 -39958.6
-0 -1457.58 -5698.87 -12114 -20062.4 -28438.7 -36380.8 -42791.3 -47024.1 -48457.6 -48474.5 -48455.7 -48467.5 -48454.2 -48462.9 -48453.1 -48459.7 -48452.2 -48457.3 -48451.4 -48455.5 -48450.8 -48454.1 -48450.2 -48453 -48449.8 -48452.1 -48449.4 -48451.3 -48449 -48450.6 -48448.6 -48449.9 -48448.3 -48449.4 -48448 -48448.9 -48447.7 -48448.3 -48447.4 -48447.9 -48447.1 -48447.4 -48446.8 -48446.8 -48446.5 -48446.3 -48446.1 -48445.7 -48445.7 -48445.1 -48445.3 -48444.3 -48444.8 -48443.5 -48444.2 -48442.5 -48443.5 -48441.2 -48442.7 -48439.7 -48441.8 -48437.7 -48440.6
-0 -1661.27 -6495.28 -13806.7 -22865.6 -32412 -41463.5 -48769.3 -53593.3 -55226.9 -55246 -55224.5 -55237.8 -55222.6 -55232.4 -55221.1 -55228.6 -55220 -55225.8 -55219 -55223.7 -55218.2 -55222.1 -55217.6 -55220.7 -55217 -55219.6 -55216.5 -55218.7 -55216.1 -55217.9 -55215.7 -55217.2 -55215.3 -55216.5 -55215 -55215.9 -55214.6 -55215.4 -55214.3 -55214.8 -55214 -55214.2 -55213.6 -55213.7 -55213.2 -55213.1 -55212.9 -55212.4 -55212.4 -55211.7 -55212 -55210.9 -55211.5 -55210 -55210.9 -55208.9 -55210.2 -55207.6 -55209.4 -55205.9 -55208.5 -55203.8 -55207.3
-0 -1791.2 -7003.15 -14886.2 -24653.2 -34945.8 -44704.6 -52581.4 -57782.1 -59543.3 -59563.7 -59540.4 -59554.6 -59538.1 -59548.6 -59536.4 -59544.4 -59535 -59541.3 -59534 -59539 -59533.1 -59537.1 -59532.3 -59535.7 -59531.7 -59534.5 -59531.1 -59533.4 -59530.6 -59532.6 -59530.2 -59531.8 -59529.8 -59531.1 -59529.4 -59530.4 -59529 -59529.8 -59528.7 -59529.2 -59528.3 -59528.6 -59527.9 -59528 -59527.6 -59527.4 -59527.2 -59526.7 -59526.8 -59526 -59526.3 -59525.2 -59525.8 -59524.3 -59525.2 -59523.2 -59524.6 -59521.8 -59523.8 -59520.2 -59522.9 -59518 -59521.9
-0 -1836.57 -7180.54 -15263.2 -25277.3 -35830.3 -45836 -53911.9 -59244.1 -61049.7 -61070.5 -61046.4 -61061 -61044 -61054.6 -61042.1 -61050.2 -61040.6 -61047 -61039.4 -61044.5 -61038.4 -61042.6 -61037.6 -61041 -61036.9 -61039.8 -61036.3 -61038.7 -61035.8 -61037.8 -61035.3 -61037 -61034.9 -61036.2 -61034.5 -61035.6 -61034.1 -61034.9 -61033.8 -61034.3 -61033.4 -61033.8 -61033.1 -61033.2 -61032.7 -61032.6 -61032.3 -61031.9 -61031.9 -61031.2 -61031.5 -61030.4 -61031 -61029.5 -61030.5 -61028.4 -61029.9 -61027.2 -61029.3 -61025.6 -61028.5 -61023.5 -61027.6
-0 -1836.22 -7179.09 -15260.1 -25272.1 -35822.8 -45826.2 -53900.2 -59231.2 -61036.2 -61056.9 -61032.8 -61047.2 -61030.1 -61040.7 -61028.1 -61036.2 -61026.5 -61032.9 -61025.3 -61030.4 -61024.3 -61028.4 -61023.4 -61026.8 -61022.7 -61025.5 -61022.1 -61024.4 -61021.5 -61023.5 -61021.1 -61022.7 -61020.6 -61021.9 -61020.2 -61021.3 -61019.8 -61020.7 -61019.5 -61020.1 -61019.1 -61019.5 -61018.8 -61018.9 -61018.5 -61018.3 -61018.1 -61017.7 -61017.7 -61017 -61017.3 -61016.3 -61016.9 -61015.4 -61016.5 -61014.4 -61016 -61013.2 -61015.4 -61011.8 -61014.7 -61009.8 -61014
-0 -1836.52 -7180.29 -15262.5 -25276.1 -35828.3 -45833.3 -53908.4 -59240 -61045.2 -61065.8 -61041.6 -61056 -61038.8 -61049.4 -61036.7 -61044.8 -61035.1 -61041.4 -61033.7 -61038.8 -61032.7 -61036.8 -61031.8 -61035.2 -61031 -61033.8 -61030.4 -61032.7 -61029.8 -61031.8 -61029.3 -61031 -61028.9 -61030.2 -61028.5 -61029.5 -61028.1 -61028.9 -61027.8 -61028.3 -61027.4 -61027.8 -61027.1 -61027.2 -61026.8 -61026.6 -61026.4 -61026 -61026.1 -61025.4 -61025.8 -61024.7 -61025.4 -61023.9 -61025 -61023 -61024.5 -61021.9 -61024.1 -61020.5 -61023.5 -61018.7 -61022.9
-0 -1836.27 -7179.26 -15260.3 -25272.4 -35823 -45826.4 -53900.2 -59230.9 -61035.7 -61056.3 -61032 -61046.2 -61029.1 -61039.6 -61026.8 -61034.9 -61025.1 -61031.4 -61023.7 -61028.8 -61022.6 -61026.7 -61021.7 -61025.1 -61020.9 -61023.7 -61020.2 -61022.6 -61019.7 -61021.6 -61019.2 -61020.8 -61018.7 -61020 -61018.3 -61019.4 -61017.9 -61018.8 -61017.6 -61018.2 -61017.3 -61017.6 -61017 -61017.1 -61016.6 -61016.5 -61016.3 -61016 -61016 -61015.3 -61015.7 -61014.7 -61015.4 -61013.9 -61015 -61013.1 -61014.7 -61012 -61014.3 -61010.8 -61013.8 -61009.1 -61013.4
-0 -1836.49 -7180.15 -15262.2 -25275.4 -35827.2 -45831.7 -53906.3 -59237.5 -61042.5 -61062.9 -61038.6 -61052.8 -61035.6 -61046 -61033.3 -61041.2 -61031.5 -61037.7 -61030 -61035 -61028.9 -61032.9 -61027.9 -61031.3 -61027.1 -61029.9 -61026.4 -61028.7 -61025.8 -61027.8 -61025.3 -61026.9 -61024.9 -61026.2 -61024.5 -61025.5 -61024.1 -61024.9 -61023.7 -61024.3 -61023.4 -61023.8 -61023.1 -61023.2 -61022.8 -61022.7 -61022.5 -61022.2 -61022.3 -61021.6 -61022 -61021 -61021.7 -61020.3 -61021.4 -61019.5 -61021.1 -61018.5 -61020.8 -61017.3 -61020.4 -61015.8 -61020.1
-0 -1836.31 -7179.38 -15260.5 -25272.7 -35823.3 -45826.5 -53900.2 -59230.8 -61035.4 -61055.8 -61031.4 -61045.6 -61028.3 -61038.7 -61025.9 -61033.9 -61024.1 -61030.3 -61022.6 -61027.6 -61021.4 -61025.4 -61020.4 -61023.7 -61019.6 -61022.3 -61018.9 -61021.2 -61018.3 -61020.2 -61017.7 -61019.3 -61017.3 -61018.6 -61016.9 -61017.9 -61016.5 -61017.3 -61016.2 -61016.7 -61015.8 -61016.2 -61015.6 -61015.7 -61015.3 -61015.2 -61015 -61014.7 -61014.8 -61014.1 -61014.5 -61013.5 -61014.3 -61012.9 -61014 -61012.1 -61013.8 -61011.2 -61013.5 -61010.1 -61013.3 -61008.7 -61013
-0 -1836.48 -7180.07 -15261.9 -25275 -35826.5 -45830.6 -53904.9 -59235.9 -61040.7 -61061 -61036.5 -61050.7 -61033.4 -61043.7 -61030.9 -61038.8 -61029 -61035.2 -61027.5 -61032.4 -61026.2 -61030.3 -61025.2 -61028.5 -61024.4 -61027.1 -61023.6 -61025.9 -61023 -61025 -61022.5 -61024.1 -61022 -61023.3 -61021.6 -61022.7 -61021.2 -61022.1 -61020.9 -61021.5 -61020.6 -61021 -61020.3 -61020.5 -61020.1 -61020 -61019.8 -61019.5 -61019.6 -61019 -61019.4 -61018.4 -61019.2 -61017.8 -61019 -61017.1 -61018.8 -61016.3 -61018.6 -61015.2 -61018.5 -61013.9 -61018.3
-0 -1836.34 -7179.47 -15260.7 -25272.8 -35823.4 -45826.7 -53900.2 -59230.7 -61035.3 -61055.5 -61031 -61045.1 -61027.8 -61038.1 -61025.3 -61033.1 -61023.3 -61029.5 -61021.7 -61026.7 -61020.4 -61024.5 -61019.4 -61022.7 -61018.5 -61021.3 -61017.8 -61020.1 -61017.2 -61019.1 -61016.6 -61018.2 -61016.2 -61017.5 -61015.7 -61016.8 -61015.4 -61016.2 -61015.1 -61015.7 -61014.8 -61015.1 -61014.5 -61014.6 -61014.2 -61014.2 -61014 -61013.7 -61013.8 -61013.2 -61013.6 -61012.7 -61013.5 -61012.1 -61013.3 -61011.5 -61013.2 -61010.7 -61013.1 -61009.7 -61013 -61008.4 -61012.9
-0 -1836.47 -7180.02 -15261.8 -25274.7 -35826 -45829.9 -53904 -59234.8 -61039.5 -61059.7 -61035.2 -61049.2 -61031.8 -61042.1 -61029.3 -61037.1 -61027.2 -61033.4 -61025.6 -61030.6 -61024.3 -61028.4 -61023.3 -61026.6 -61022.4 -61025.1 -61021.6 -61023.9 -61021 -61022.9 -61020.4 -61022 -61020 -61021.3 -61019.5 -61020.6 -61019.2 -61020 -61018.9 -61019.5 -61018.6 -61019 -61018.3 -61018.5 -61018.1 -61018 -61017.9 -61017.6 -61017.7 -61017.1 -61017.5 -61016.6 -61017.4 -61016.1 -61017.3 -61015.5 -61017.2 -61014.7 -61017.2 -61013.8 -61017.2 -61012.6 -61017.2
-0 -1836.36 -7179.54 -15260.8 -25273 -35823.6 -45826.8 -53900.3 -59230.7 -61035.2 -61055.4 -61030.8 -61044.8 -61027.4 -61037.7 -61024.8 -61032.6 -61022.7 -61028.9 -61021.1 -61026 -61019.7 -61023.8 -61018.7 -61022 -61017.7 -61020.5 -61017 -61019.3 -61016.3 -61018.3 -61015.8 -61017.4 -61015.3 -61016.6 -61014.9 -61015.9 -61014.5 -61015.3 -61014.2 -61014.8 -61013.9 -61014.3 -61013.7 -61013.8 -61013.5 -61013.4 -61013.3 -61013 -61013.1 -61012.5 -61013 -61012.1 -61012.9 -61011.6 -61012.8 -61011 -61012.8 -61010.3 -61012.8 -61009.5 -61012.8 -61008.4 -61013
-0 -1836.47 -7179.98 -15261.7 -25274.5 -35825.7 -45829.4 -53903.4 -59234 -61038.6 -61058.8 -61034.2 -61048.2 -61030.7 -61041 -61028.1 -61035.9 -61026 -61032.1 -61024.3 -61029.2 -61022.9 -61026.9 -61021.8 -61025.1 -61020.9 -61023.6 -61020.1 -61022.4 -61019.5 -61021.4 -61018.9 -61020.5 -61018.4 -61019.7 -61018 -61019.1 -61017.6 -61018.5 -61017.3 -61017.9 -61017 -61017.4 -61016.8 -61017 -61016.6 -61016.6 -61016.4 -61016.1 -61016.3 -61015.7 -61016.2 -61015.3 -61016.1 -61014.8 -61016.1 -61014.3 -61016.1 -61013.7 -61016.2 -61012.9 -61016.3 -61011.8 -61016.5
-0 -1836.37 -7179.6 -15260.9 -25273.1 -35823.7 -45826.9 -53900.4 -59230.7 -61035.1 -61055.3 -61030.6 -61044.6 -61027.2 -61037.4 -61024.4 -61032.2 -61022.3 -61028.4 -61020.6 -61025.5 -61019.2 -61023.2 -61018.1 -61021.4 -61017.1 -61019.9 -61016.4 -61018.6 -61015.7 -61017.6 -61015.1 -61016.7 -61014.6 -61015.9 -61014.2 -61015.3 -61013.9 -61014.7 -61013.5 -61014.2 -61013.3 -61013.7 -61013.1 -61013.2 -61012.9 -61012.8 -61012.7 -61012.4 -61012.6 -61012 -61012.5 -61011.6 -61012.5 -61011.2 -61012.5 -61010.7 -61012.5 -61010.1 -61012.6 -61009.4 -61012.8 -61008.4 -61013
-0 -1836.46 -7179.96 -15261.7 -25274.4 -35825.5 -45829.1 -53903 -59233.5 -61038 -61058.1 -61033.5 -61047.4 -61029.9 -61040.2 -61027.2 -61035 -61025 -61031.1 -61023.3 -61028.2 -61021.9 -61025.9 -61020.7 -61024 -61019.8 -61022.5 -61019 -61021.3 -61018.3 -61020.2 -61017.7 -61019.3 -61017.2 -61018.5 -61016.8 -61017.9 -61016.5 -61017.3 -61016.2 -61016.8 -61015.9 -61016.3 -61015.7 -61015.9 -61015.5 -61015.5 -61015.4 -61015.1 -61015.3 -61014.7 -61015.2 -61014.3 -61015.2 -61013.9 -61015.2 -61013.5 -61015.3 -61012.9 -61015.4 -61012.2 -61015.7 -61011.3 -61016
-0 -1836.39 -7179.64 -15261 -25273.2 -35823.8 -45827 -53900.5 -59230.7 -61035.1 -61055.2 -61030.5 -61044.5 -61027 -61037.2 -61024.2 -61032 -61022 -61028.1 -61020.2 -61025.1 -61018.8 -61022.8 -61017.6 -61020.9 -61016.7 -61019.4 -61015.9 -61018.1 -61015.2 -61017.1 -61014.6 -61016.2 -61014.1 -61015.4 -61013.7 -61014.8 -61013.3 -61014.2 -61013 -61013.7 -61012.8 -61013.2 -61012.6 -61012.8 -61012.4 -61012.4 -61012.3 -61012 -61012.2 -61011.6 -61012.2 -61011.3 -61012.2 -61010.9 -61012.2 -61010.5 -61012.3 -61010 -61012.5 -61009.4 -61012.8 -61008.5 -61013.2
-0 -1836.46 -7179.95 -15261.6 -25274.3 -35825.3 -45828.9 -53902.6 -59233.1 -61037.5 -61057.6 -61032.9 -61046.8 -61029.3 -61039.5 -61026.5 -61034.3 -61024.3 -61030.4 -61022.5 -61027.4 -61021.1 -61025.1 -61019.9 -61023.2 -61018.9 -61021.6 -61018.1 -61020.4 -61017.4 -61019.3 -61016.8 -61018.4 -61016.3 -61017.6 -61015.9 -61017 -61015.6 -61016.4 -61015.3 -61015.9 -61015 -61015.4 -61014.8 -61015 -61014.7 -61014.6 -61014.5 -61014.3 -61014.5 -61013.9 -61014.5 -61013.6 -61014.5 -61013.2 -61014.6 -61012.9 -61014.7 -61012.4 -61015 -61011.8 -61015.3 -61011 -61015.7
-0 -1836.4 -7179.68 -15261 -25273.3 -35823.9 -45827.1 -53900.5 -59230.8 -61035.1 -61055.2 -61030.5 -61044.4 -61026.8 -61037 -61024 -61031.8 -61021.8 -61027.8 -61020 -61024.8 -61018.5 -61022.5 -61017.3 -61020.6 -61016.3 -61019 -61015.5 -61017.8 -61014.8 -61016.7 -61014.2 -61015.8 -61013.7 -61015 -61013.3 -61014.3 -61012.9 -61013.8 -61012.6 -61013.3 -61012.4 -61012.8 -61012.2 -61012.4 -61012.1 -61012 -61012 -61011.7 -61011.9 -61011.4 -61011.9 -61011.1 -61012 -61010.7 -61012.1 -61010.4 -61012.3 -61009.9 -61012.5 -61009.4 -61012.9 -61008.6 -61013.3
-0 -1836.46 -7179.94 -15261.6 -25274.2 -35825.2 -45828.7 -53902.4 -59232.8 -61037.2 -61057.3 -61032.5 -61046.4 -61028.9 -61039 -61026 -61033.8 -61023.8 -61029.8 -61021.9 -61026.8 -61020.5 -61024.4 -61019.3 -61022.5 -61018.3 -61021 -61017.4 -61019.7 -61016.7 -61018.6 -61016.1 -61017.7 -61015.6 -61016.9 -61015.2 -61016.3 -61014.8 -61015.7 -61014.6 -61015.2 -61014.3 -61014.7 -61014.1 -61014.3 -61014 -61014 -61013.9 -61013.7 -61013.9 -61013.3 -61013.9 -61013 -61014 -61012.7 -61014.1 -61012.4 -61014.3 -61012 -61014.6 -61011.5 -61015 -61010.7 -61015.5
-0 -1836.41 -7179.71 -15261.1 -25273.4 -35824 -45827.2 -53900.6 -59230.8 -61035.1 -61055.2 -61030.4 -61044.3 -61026.8 -61036.9 -61023.9 -61031.6 -61021.6 -61027.7 -61019.8 -61024.6 -61018.3 -61022.2 -61017.1 -61020.3 -61016 -61018.7 -61015.2 -61017.5 -61014.5 -61016.4 -61013.9 -61015.5 -61013.4 -61014.7 -61013 -61014 -61012.6 -61013.5 -61012.3 -61013 -61012.1 -61012.5 -61011.9 -61012.1 -61011.8 -61011.8 -61011.7 -61011.5 -61011.7 -61011.2 -61011.7 -61010.9 -61011.8 -61010.6 -61012 -61010.3 -61012.2 -61009.9 -61012.5 -61009.4 -61013 -61008.7 -61013.5
