Code/Output_20260204_161825/2.9_30_1000_moho_depth.grd
DSAA
181 201
-5400000.000000 5400000.000000
-6000000.000000 6000000.000000
-82227.448381 -14740.977785
[rows 110 to 131 of 201, columns 50 to 99 of 181]
-3.296411e+04 -3.460355e+04 -3.634361e+04 -3.789720e+04 -3.908432e+04 -4.010705e+04 -4.114259e+04 -4.233897e+04 -4.380228e+04 -4.538312e+04 -4.666155e+04 -4.717847e+04 -4.673098e+04 -4.557299e+04 -4.467678e+04 -4.475617e+04 -4.629864e+04 -4.938204e+04 -5.333680e+04 -5.609086e+04 -5.709326e+04 -5.629011e+04 -5.502102e+04 -5.419901e+04 -5.367253e+04 -5.316849e+04 -5.312360e+04 -5.383645e+04 -5.520652e+04 -5.710012e+04 -5.917633e+04 -6.091961e+04 -6.159458e+04 -6.091654e+04 -5.580555e+04 -5.064598e+04 -5.088746e+04 -5.316735e+04 -5.815857e+04 -5.963669e+04 -5.925513e+04 -6.009060e+04 -6.080097e+04 -6.037510e+04 -5.930262e+04 -5.812609e+04 -5.682339e+04 -5.520287e+04 -5.342323e+04 -5.197581e+04
-3.539488e+04 -3.652413e+04 -3.714796e+04 -3.742283e+04 -3.776538e+04 -3.860924e+04 -4.004174e+04 -4.194541e+04 -4.420160e+04 -4.647484e+04 -4.822280e+04 -4.905349e+04 -4.896375e+04 -4.810320e+04 -4.729715e+04 -4.689261e+04 -4.738666e+04 -4.903188e+04 -5.162399e+04 -5.350749e+04 -5.407781e+04 -5.333516e+04 -5.232693e+04 -5.195306e+04 -5.201100e+04 -5.200097e+04 -5.217810e+04 -5.303886e+04 -5.453968e+04 -5.642985e+04 -5.828921e+04 -5.956566e+04 -5.984978e+04 -5.931510e+04 -5.646769e+04 -5.239886e+04 -5.256816e+04 -5.604484e+04 -5.841116e+04 -5.922677e+04 -5.874001e+04 -5.948381e+04 -6.024910e+04 -5.986805e+04 -5.880976e+04 -5.753730e+04 -5.605821e+04 -5.414566e+04 -4.978283e+04 -5.010765e+04
-3.615188e+04 -3.664458e+04 -3.660183e+04 -3.644935e+04 -3.666570e+04 -3.763316e+04 -3.948496e+04 -4.203756e+04 -4.450925e+04 -4.628544e+04 -4.741451e+04 -4.870364e+04 -5.018247e+04 -5.025491e+04 -4.968938e+04 -4.923232e+04 -4.899174e+04 -4.933774e+04 -5.056189e+04 -5.171642e+04 -5.215403e+04 -5.175447e+04 -5.123368e+04 -5.129696e+04 -5.178027e+04 -5.212715e+04 -5.231687e+04 -5.285710e+04 -5.394702e+04 -5.541671e+04 -5.708927e+04 -5.824983e+04 -5.837835e+04 -5.792119e+04 -5.784918e+04 -5.553750e+04 -5.643530e+04 -5.761689e+04 -5.761826e+04 -5.774889e+04 -5.785229e+04 -5.880664e+04 -5.956787e+04 -5.925194e+04 -5.825973e+04 -5.681715e+04 -5.519962e+04 -5.315760e+04 -4.770155e+04 -4.953326e+04
-3.543939e+04 -3.570732e+04 -3.586553e+04 -3.610401e+04 -3.658470e+04 -3.770261e+04 -3.965792e+04 -4.130795e+04 -4.140681e+04 -4.226253e+04 -4.384698e+04 -4.601907e+04 -4.745451e+04 -4.911093e+04 -5.133588e+04 -5.092888e+04 -5.048896e+04 -5.005550e+04 -5.012811e+04 -5.075329e+04 -5.102398e+04 -5.112948e+04 -5.135321e+04 -5.183963e+04 -5.249730e+04 -5.290761e+04 -5.296822e+04 -5.300655e+04 -5.344133e+04 -5.435786e+04 -5.563195e+04 -5.677181e+04 -5.715985e+04 -5.681431e+04 -5.632638e+04 -5.664229e+04 -5.642824e+04 -5.594597e+04 -5.572122e+04 -5.605841e+04 -5.696181e+04 -5.827470e+04 -5.903030e+04 -5.880553e+04 -5.774282e+04 -5.626445e+04 -5.461819e+04 -5.290369e+04 -5.058602e+04 -5.017445e+04
-3.443820e+04 -3.489480e+04 -3.567081e+04 -3.650117e+04 -3.720282e+04 -3.828153e+04 -3.881702e+04 -3.828226e+04 -3.877021e+04 -3.947291e+04 -4.024520e+04 -4.188450e+04 -4.446799e+04 -4.751364e+04 -5.037493e+04 -5.203360e+04 -5.166212e+04 -5.103728e+04 -5.042768e+04 -5.029035e+04 -5.046948e+04 -5.101679e+04 -5.181436e+04 -5.239074e+04 -5.289820e+04 -5.321375e+04 -5.306088e+04 -5.279046e+04 -5.274842e+04 -5.315644e+04 -5.400185e+04 -5.508643e+04 -5.595432e+04 -5.619816e+04 -5.594642e+04 -5.545594e+04 -5.467837e+04 -5.426555e+04 -5.437600e+04 -5.493907e+04 -5.622183e+04 -5.758926e+04 -5.823873e+04 -5.810149e+04 -5.723511e+04 -5.585457e+04 -5.440610e+04 -5.320458e+04 -5.230822e+04 -5.146632e+04
-3.386749e+04 -3.466223e+04 -3.591500e+04 -3.698704e+04 -3.763124e+04 -3.858535e+04 -3.754070e+04 -3.657355e+04 -3.748263e+04 -3.749011e+04 -3.585563e+04 -3.743121e+04 -4.156449e+04 -4.579103e+04 -5.037351e+04 -5.235608e+04 -5.219465e+04 -5.152961e+04 -5.010959e+04 -5.023147e+04 -5.023778e+04 -5.084185e+04 -5.147651e+04 -5.177592e+04 -5.199720e+04 -5.204789e+04 -5.179780e+04 -5.140617e+04 -5.134618e+04 -5.167059e+04 -5.239121e+04 -5.350607e+04 -5.479356e+04 -5.563436e+04 -5.567944e+04 -5.518440e+04 -5.445445e+04 -5.415732e+04 -5.445207e+04 -5.490783e+04 -5.568534e+04 -5.639733e+04 -5.689116e+04 -5.700862e+04 -5.644727e+04 -5.539584e+04 -5.430466e+04 -5.357092e+04 -5.306100e+04 -5.245836e+04
-3.395824e+04 -3.510747e+04 -3.651432e+04 -3.735170e+04 -3.752648e+04 -3.815791e+04 -3.612574e+04 -3.582632e+04 -3.651369e+04 -3.502724e+04 -3.383470e+04 -3.675277e+04 -3.901088e+04 -4.416338e+04 -4.943756e+04 -5.156389e+04 -5.139214e+04 -5.006259e+04 -4.997897e+04 -4.959465e+04 -4.939162e+04 -4.968462e+04 -4.983851e+04 -4.977679e+04 -4.963794e+04 -4.919187e+04 -4.917301e+04 -4.914684e+04 -4.956786e+04 -5.039731e+04 -5.214634e+04 -5.265413e+04 -5.380476e+04 -5.490560e+04 -5.542693e+04 -5.545471e+04 -5.533268e+04 -5.529427e+04 -5.515664e+04 -5.500509e+04 -5.494659e+04 -5.515353e+04 -5.563579e+04 -5.595385e+04 -5.577869e+04 -5.530203e+04 -5.430545e+04 -5.352638e+04 -5.302068e+04 -5.246488e+04
-3.478650e+04 -3.633460e+04 -3.773826e+04 -3.802965e+04 -3.735367e+04 -3.727553e+04 -3.526681e+04 -3.467363e+04 -3.546934e+04 -3.407659e+04 -3.261177e+04 -3.442817e+04 -3.844849e+04 -4.326778e+04 -4.666338e+04 -4.855996e+04 -4.880756e+04 -4.865560e+04 -4.853123e+04 -4.781145e+04 -4.742131e+04 -4.743087e+04 -4.738657e+04 -4.719100e+04 -4.693304e+04 -4.665728e+04 -4.663537e+04 -4.715700e+04 -4.846502e+04 -4.990508e+04 -5.106813e+04 -5.200701e+04 -5.296467e+04 -5.397625e+04 -5.476045e+04 -5.523422e+04 -5.553636e+04 -5.553747e+04 -5.527870e+04 -5.473943e+04 -5.421197e+04 -5.435420e+04 -5.487282e+04 -5.533764e+04 -5.527164e+04 -5.475001e+04 -5.397311e+04 -5.323313e+04 -5.265749e+04 -5.202939e+04
-3.612865e+04 -3.802140e+04 -3.943993e+04 -3.923191e+04 -3.760964e+04 -3.647755e+04 -3.436528e+04 -3.373083e+04 -3.514145e+04 -3.508424e+04 -3.558229e+04 -3.701506e+04 -3.938020e+04 -4.210267e+04 -4.431336e+04 -4.553185e+04 -4.551989e+04 -4.563779e+04 -4.552494e+04 -4.520628e+04 -4.503068e+04 -4.504559e+04 -4.522262e+04 -4.535645e+04 -4.562031e+04 -4.500464e+04 -4.510279e+04 -4.618796e+04 -4.816384e+04 -5.015450e+04 -5.124210e+04 -5.167473e+04 -5.199887e+04 -5.300078e+04 -5.388571e+04 -5.451992e+04 -5.497515e+04 -5.490282e+04 -5.454400e+04 -5.407607e+04 -5.380709e+04 -5.401505e+04 -5.445164e+04 -5.464620e+04 -5.435064e+04 -5.379306e+04 -5.323006e+04 -5.275985e+04 -5.249533e+04 -5.206331e+04
-3.730843e+04 -3.929019e+04 -4.073334e+04 -4.030454e+04 -3.801671e+04 -3.587103e+04 -3.363813e+04 -3.303769e+04 -3.533223e+04 -3.733375e+04 -3.785499e+04 -3.917993e+04 -4.097710e+04 -4.200239e+04 -4.275240e+04 -4.339586e+04 -4.292021e+04 -4.296580e+04 -4.314578e+04 -4.335109e+04 -4.346887e+04 -4.359995e+04 -4.401396e+04 -4.456623e+04 -4.487910e+04 -4.465713e+04 -4.472063e+04 -4.598257e+04 -4.821878e+04 -5.039370e+04 -5.148005e+04 -5.155509e+04 -5.153816e+04 -5.250313e+04 -5.328624e+04 -5.375177e+04 -5.381859e+04 -5.367921e+04 -5.346076e+04 -5.334489e+04 -5.350521e+04 -5.400723e+04 -5.394067e+04 -5.357959e+04 -5.284903e+04 -5.225167e+04 -5.208940e+04 -5.232113e+04 -5.256785e+04 -5.236956e+04
-3.779830e+04 -3.960169e+04 -4.093873e+04 -4.044292e+04 -3.780618e+04 -3.491810e+04 -3.430164e+04 -3.282409e+04 -3.494028e+04 -3.772550e+04 -3.837616e+04 -3.932831e+04 -4.160721e+04 -4.331839e+04 -4.266017e+04 -4.163675e+04 -4.157162e+04 -4.202473e+04 -4.264809e+04 -4.319634e+04 -4.338360e+04 -4.329660e+04 -4.353740e+04 -4.419598e+04 -4.469913e+04 -4.477398e+04 -4.493640e+04 -4.603332e+04 -4.806777e+04 -5.002437e+04 -5.120981e+04 -5.150828e+04 -5.176931e+04 -5.247209e+04 -5.320296e+04 -5.331538e+04 -5.290284e+04 -5.256418e+04 -5.240279e+04 -5.270723e+04 -5.329497e+04 -5.392176e+04 -5.406299e+04 -5.261877e+04 -5.151181e+04 -5.097189e+04 -5.126220e+04 -5.210351e+04 -5.264857e+04 -5.243032e+04
-3.754460e+04 -3.900965e+04 -4.001877e+04 -3.938146e+04 -3.660096e+04 -3.319473e+04 -3.170641e+04 -3.309036e+04 -3.503601e+04 -3.936918e+04 -3.927332e+04 -4.038813e+04 -4.074351e+04 -4.190478e+04 -4.108588e+04 -4.125592e+04 -4.209046e+04 -4.308372e+04 -4.410427e+04 -4.477833e+04 -4.459599e+04 -4.381951e+04 -4.337012e+04 -4.361399e+04 -4.420504e+04 -4.459076e+04 -4.499832e+04 -4.597850e+04 -4.747366e+04 -4.907897e+04 -5.026628e+04 -5.121693e+04 -5.202326e+04 -5.274956e+04 -5.342190e+04 -5.344559e+04 -5.246028e+04 -5.165071e+04 -5.138812e+04 -5.193771e+04 -5.294228e+04 -5.336774e+04 -5.213953e+04 -5.230471e+04 -5.106685e+04 -5.057404e+04 -5.118518e+04 -5.230411e+04 -5.262359e+04 -5.210314e+04
-3.655928e+04 -3.753772e+04 -3.802580e+04 -3.714377e+04 -3.445041e+04 -3.098973e+04 -2.917999e+04 -2.992528e+04 -3.241276e+04 -3.526198e+04 -3.759373e+04 -3.915960e+04 -3.998349e+04 -4.036940e+04 -4.096104e+04 -4.235155e+04 -4.373684e+04 -4.564739e+04 -4.684732e+04 -4.725881e+04 -4.647236e+04 -4.499915e+04 -4.389299e+04 -4.363179e+04 -4.407640e+04 -4.463447e+04 -4.517450e+04 -4.595302e+04 -4.696845e+04 -4.802140e+04 -4.925351e+04 -5.076407e+04 -5.213244e+04 -5.358536e+04 -5.359215e+04 -5.354487e+04 -5.244635e+04 -5.115962e+04 -5.068236e+04 -5.118474e+04 -5.233814e+04 -5.289158e+04 -5.166624e+04 -4.957077e+04 -5.115565e+04 -5.084453e+04 -5.134682e+04 -5.236755e+04 -5.269999e+04 -5.170152e+04
-3.456436e+04 -3.500945e+04 -3.499505e+04 -3.397435e+04 -3.167546e+04 -2.888212e+04 -2.750225e+04 -2.817272e+04 -3.004847e+04 -3.217092e+04 -3.430620e+04 -3.646053e+04 -3.822218e+04 -3.980279e+04 -4.171780e+04 -4.396186e+04 -4.636316e+04 -4.846852e+04 -4.967857e+04 -4.962419e+04 -4.868004e+04 -4.703279e+04 -4.564375e+04 -4.507500e+04 -4.523680e+04 -4.570662e+04 -4.618098e+04 -4.671292e+04 -4.734651e+04 -4.800672e+04 -4.902391e+04 -5.052782e+04 -5.218136e+04 -5.380392e+04 -5.410076e+04 -5.432228e+04 -5.318438e+04 -5.187714e+04 -5.084787e+04 -5.085097e+04 -5.179141e+04 -5.236682e+04 -5.233225e+04 -5.189941e+04 -5.122629e+04 -5.029074e+04 -5.115303e+04 -5.143587e+04 -5.231986e+04 -5.114765e+04
-3.183792e+04 -3.186320e+04 -3.157255e+04 -3.056301e+04 -2.874635e+04 -2.699806e+04 -2.644332e+04 -2.728647e+04 -2.870621e+04 -3.012274e+04 -3.195858e+04 -3.448981e+04 -3.729300e+04 -3.991842e+04 -4.244006e+04 -4.516709e+04 -4.801636e+04 -5.047343e+04 -5.151792e+04 -5.133707e+04 -5.035693e+04 -4.893361e+04 -4.786006e+04 -4.733419e+04 -4.738196e+04 -4.767379e+04 -4.807922e+04 -4.855934e+04 -4.911908e+04 -4.968043e+04 -5.031948e+04 -5.115678e+04 -5.234591e+04 -5.361290e+04 -5.434205e+04 -5.455318e+04 -5.366207e+04 -5.232897e+04 -5.139627e+04 -5.113083e+04 -5.178525e+04 -5.179532e+04 -5.153435e+04 -5.134150e+04 -5.116248e+04 -5.010921e+04 -5.077993e+04 -5.040132e+04 -5.120559e+04 -5.021704e+04
-2.952635e+04 -2.939857e+04 -2.904977e+04 -2.805008e+04 -2.645295e+04 -2.518305e+04 -2.521024e+04 -2.629295e+04 -2.750625e+04 -2.857560e+04 -3.024262e+04 -3.304506e+04 -3.647407e+04 -3.977234e+04 -4.277818e+04 -4.575352e+04 -4.876244e+04 -5.105456e+04 -5.236228e+04 -5.211972e+04 -5.100565e+04 -4.988982e+04 -4.932987e+04 -4.923464e+04 -4.954690e+04 -4.984979e+04 -5.028046e+04 -5.085644e+04 -5.161404e+04 -5.222289e+04 -5.228832e+04 -5.253586e+04 -5.268280e+04 -5.307210e+04 -5.368144e+04 -5.399407e+04 -5.329448e+04 -5.228591e+04 -5.153030e+04 -5.123474e+04 -5.164060e+04 -5.128720e+04 -5.109033e+04 -5.095142e+04 -5.104230e+04 -5.070023e+04 -5.025269e+04 -5.042687e+04 -5.019042e+04 -4.928793e+04
-2.840469e+04 -2.852540e+04 -2.822941e+04 -2.709807e+04 -2.534188e+04 -2.398040e+04 -2.400666e+04 -2.517836e+04 -2.660178e+04 -2.786210e+04 -2.957299e+04 -3.240885e+04 -3.605147e+04 -3.981835e+04 -4.326852e+04 -4.641717e+04 -4.929559e+04 -5.124925e+04 -5.227383e+04 -5.194182e+04 -5.089822e+04 -4.991618e+04 -4.961636e+04 -5.001318e+04 -5.083425e+04 -5.145748e+04 -5.208131e+04 -5.275105e+04 -5.367793e+04 -5.420747e+04 -5.406587e+04 -5.372166e+04 -5.278363e+04 -5.220525e+04 -5.244135e+04 -5.282974e+04 -5.242946e+04 -5.156095e+04 -5.071977e+04 -5.028047e+04 -5.030562e+04 -5.034008e+04 -5.044540e+04 -5.065641e+04 -5.094186e+04 -5.126812e+04 -5.084773e+04 -5.051937e+04 -4.985369e+04 -4.874317e+04
-2.834871e+04 -2.887881e+04 -2.869099e+04 -2.734871e+04 -2.520437e+04 -2.347563e+04 -2.324257e+04 -2.454880e+04 -2.654253e+04 -2.845416e+04 -3.040282e+04 -3.304117e+04 -3.652206e+04 -4.049952e+04 -4.430018e+04 -4.751131e+04 -4.992476e+04 -5.119137e+04 -5.164459e+04 -5.126437e+04 -5.042131e+04 -4.974484e+04 -4.963193e+04 -5.028901e+04 -5.136191e+04 -5.231816e+04 -5.311990e+04 -5.384405e+04 -5.476884e+04 -5.518463e+04 -5.508060e+04 -5.412608e+04 -5.258457e+04 -5.147630e+04 -5.152017e+04 -5.200801e+04 -5.175247e+04 -5.068323e+04 -4.930655e+04 -4.835278e+04 -4.834680e+04 -4.880187e+04 -4.953122e+04 -5.019753e+04 -5.064096e+04 -5.091274e+04 -5.091993e+04 -5.055670e+04 -4.973685e+04 -4.867162e+04
-2.844838e+04 -2.939198e+04 -2.953873e+04 -2.834818e+04 -2.617528e+04 -2.422439e+04 -2.373535e+04 -2.511854e+04 -2.754444e+04 -2.998402e+04 -3.209188e+04 -3.441968e+04 -3.754349e+04 -4.140524e+04 -4.535376e+04 -4.853324e+04 -5.029293e+04 -5.080035e+04 -5.069681e+04 -5.035413e+04 -4.998185e+04 -4.968377e+04 -4.979097e+04 -5.050127e+04 -5.160815e+04 -5.267385e+04 -5.356651e+04 -5.421304e+04 -5.490613e+04 -5.555022e+04 -5.534083e+04 -5.427319e+04 -5.260930e+04 -5.142842e+04 -5.149134e+04 -5.201102e+04 -5.174091e+04 -5.032598e+04 -4.821723e+04 -4.678740e+04 -4.649888e+04 -4.731985e+04 -4.859016e+04 -4.960751e+04 -5.020843e+04 -5.039516e+04 -5.040696e+04 -5.017865e+04 -4.956028e+04 -4.865275e+04
-2.837931e+04 -2.975873e+04 -3.059326e+04 -3.027951e+04 -2.877594e+04 -2.696830e+04 -2.620709e+04 -2.721801e+04 -2.936902e+04 -3.169123e+04 -3.367571e+04 -3.572160e+04 -3.853660e+04 -4.227281e+04 -4.612162e+04 -4.896566e+04 -5.008833e+04 -5.004824e+04 -4.961146e+04 -4.936053e+04 -4.940924e+04 -4.964533e+04 -5.008279e+04 -5.077583e+04 -5.169158e+04 -5.273293e+04 -5.361875e+04 -5.425915e+04 -5.482243e+04 -5.533510e+04 -5.546217e+04 -5.475977e+04 -5.347870e+04 -5.236587e+04 -5.225172e+04 -5.265789e+04 -5.222016e+04 -5.035865e+04 -4.780478e+04 -4.595722e+04 -4.528876e+04 -4.630897e+04 -4.784080e+04 -4.903825e+04 -4.971634e+04 -4.983918e+04 -4.979392e+04 -4.959285e+04 -4.909750e+04 -4.840871e+04
-2.868280e+04 -3.055343e+04 -3.235404e+04 -3.336089e+04 -3.297037e+04 -3.163151e+04 -3.063812e+04 -3.073423e+04 -3.188598e+04 -3.348354e+04 -3.510789e+04 -3.702673e+04 -3.974572e+04 -4.328996e+04 -4.671477e+04 -4.884881e+04 -4.942613e+04 -4.912817e+04 -4.873804e+04 -4.868536e+04 -4.902962e+04 -4.965546e+04 -5.034307e+04 -5.098372e+04 -5.172435e+04 -5.266489e+04 -5.347722e+04 -5.423383e+04 -5.496103e+04 -5.545851e+04 -5.591497e+04 -5.574264e+04 -5.502068e+04 -5.402754e+04 -5.373382e+04 -5.377815e+04 -5.300208e+04 -5.093081e+04 -4.797274e+04 -4.551039e+04 -4.457334e+04 -4.537371e+04 -4.690581e+04 -4.817815e+04 -4.888521e+04 -4.906737e+04 -4.903708e+04 -4.879407e+04 -4.834500e+04 -4.795384e+04
-2.980305e+04 -3.207974e+04 -3.479132e+04 -3.690640e+04 -3.755206e+04 -3.677769e+04 -3.553879e+04 -3.481377e+04 -3.496585e+04 -3.576058e+04 -3.702948e+04 -3.898774e+04 -4.177861e+04 -4.493228e+04 -4.751497e+04 -4.866406e+04 -4.868297e+04 -4.834520e+04 -4.818099e+04 -4.836996e+04 -4.891726e+04 -4.968269e+04 -5.048437e+04 -5.120444e+04 -5.184715e+04 -5.256357e+04 -5.328065e+04 -5.420511e+04 -5.515290e+04 -5.593535e+04 -5.689278e+04 -5.714724e+04 -5.686291e+04 -5.626925e+04 -5.581496e+04 -5.520337e+04 -5.404493e+04 -5.175124e+04 -4.840698e+04 -4.548010e+04 -4.387021e+04 -4.410488e+04 -4.533881e+04 -4.665807e+04 -4.752990e+04 -4.793249e+04 -4.805805e+04 -4.791358e+04 -4.771226e+04 -4.741962e+04
