Code/Output_20260204_161825/2.9_30_1000_topography_anomaly.grd
DSAA
181 201
-5400000.000000 5400000.000000
-6000000.000000 6000000.000000
-5639.123812 21096.646188
[rows 69 to 91 of 201, columns 102 to 152 of 181]
4.157886e+03 4.079146e+03 4.324206e+03 4.290026e+03 4.120236e+03 3.786376e+03 4.391736e+03 4.685146e+03 5.411986e+03 6.386286e+03 6.304696e+03 5.285736e+03 4.572706e+03 4.169786e+03 3.618716e+03 3.355996e+03 3.339686e+03 3.304616e+03 3.301616e+03 3.338476e+03 3.329076e+03 3.277426e+03 3.281896e+03 3.248106e+03 3.106056e+03 2.732926e+03 2.466496e+03 2.355046e+03 2.692006e+03 2.032426e+03 1.648632e+03 1.647455e+03 1.589550e+03 1.385183e+03 1.279663e+03 1.642698e+03 1.626648e+03 1.768186e+03 1.563800e+03 1.741816e+03 2.073676e+03 2.040596e+03 1.347036e+03 1.811696e+03 1.144191e+03 1.393742e+02 1.079261e+03 1.501792e+03 1.422714e+03 1.333236e+03 1.458155e+03
3.932336e+03 3.892716e+03 3.962566e+03 3.898376e+03 3.951576e+03 3.807696e+03 4.399176e+03 4.942086e+03 5.431346e+03 4.869776e+03 5.934146e+03 5.521146e+03 4.869936e+03 4.517316e+03 4.033906e+03 3.662256e+03 3.972176e+03 3.376396e+03 3.218386e+03 3.214336e+03 3.271986e+03 3.217456e+03 3.243196e+03 3.109716e+03 2.836936e+03 2.595486e+03 2.298786e+03 2.114276e+03 2.240986e+03 2.059286e+03 1.585351e+03 1.420633e+03 1.534085e+03 1.493973e+03 1.506408e+03 1.455705e+03 1.402615e+03 1.451628e+03 1.447143e+03 1.607415e+03 1.556284e+03 1.638233e+03 1.510841e+03 1.340695e+03 5.059222e+02 7.072830e+02 1.675993e+03 9.611972e+02 1.513440e+03 1.556480e+03 1.490795e+03
3.856036e+03 3.797206e+03 3.737966e+03 3.643356e+03 3.792116e+03 3.780866e+03 4.171426e+03 4.838346e+03 5.884536e+03 4.979336e+03 5.707396e+03 5.375536e+03 5.062846e+03 4.935026e+03 4.683936e+03 4.480066e+03 4.579756e+03 3.299636e+03 3.308416e+03 3.475886e+03 3.313686e+03 3.149356e+03 2.911696e+03 2.751566e+03 2.680596e+03 2.374306e+03 2.098516e+03 1.836796e+03 1.832456e+03 1.796776e+03 1.582952e+03 1.426657e+03 1.573019e+03 1.462309e+03 1.466859e+03 1.338965e+03 1.277201e+03 1.276310e+03 1.500151e+03 1.271774e+03 1.453705e+03 1.433842e+03 1.378968e+03 1.024414e+03 1.961752e+02 7.617301e+02 1.554067e+03 1.248320e+03 1.690728e+03 1.389771e+03 1.454336e+03
3.785036e+03 3.731046e+03 3.675226e+03 3.567356e+03 3.588056e+03 3.567446e+03 3.866376e+03 4.268196e+03 4.857446e+03 5.184896e+03 5.373856e+03 5.192186e+03 4.832596e+03 4.799806e+03 4.789846e+03 5.152896e+03 4.745396e+03 4.623036e+03 4.094596e+03 4.018126e+03 3.365086e+03 2.971306e+03 2.853516e+03 2.670076e+03 2.511406e+03 2.124756e+03 1.868076e+03 1.714816e+03 1.593437e+03 1.646416e+03 1.579512e+03 1.477501e+03 1.497444e+03 1.573377e+03 1.356916e+03 1.304437e+03 1.301179e+03 1.403116e+03 1.569089e+03 1.331771e+03 1.346926e+03 1.471103e+03 1.381173e+03 8.326092e+02 2.447532e+02 1.034809e+03 1.670580e+03 8.181522e+02 1.359788e+03 1.190680e+03 1.368927e+03
3.682706e+03 3.642226e+03 3.599606e+03 3.509236e+03 3.471086e+03 3.544226e+03 3.533516e+03 3.557196e+03 3.884096e+03 4.487936e+03 4.727506e+03 4.646576e+03 4.433676e+03 4.456666e+03 4.629236e+03 5.186546e+03 5.102876e+03 5.100056e+03 4.479206e+03 4.281006e+03 3.537156e+03 3.102636e+03 2.986056e+03 2.761126e+03 2.515496e+03 2.019246e+03 1.701871e+03 1.570211e+03 1.506031e+03 1.518229e+03 1.547182e+03 1.020171e+03 1.270716e+03 1.566386e+03 1.532897e+03 1.626871e+03 1.619642e+03 1.660364e+03 1.307236e+03 1.261337e+03 1.307369e+03 1.434789e+03 1.296980e+03 1.073655e+03 8.179282e+02 1.312251e+03 4.998182e+02 7.426610e+02 1.077679e+03 1.263568e+03 1.055193e+03
3.627186e+03 3.561496e+03 3.501546e+03 3.460506e+03 3.464206e+03 3.497546e+03 3.475306e+03 3.766246e+03 3.542766e+03 3.839656e+03 4.123946e+03 4.035716e+03 4.158596e+03 4.036456e+03 4.337966e+03 4.626046e+03 4.325736e+03 4.204196e+03 3.996716e+03 3.954406e+03 3.625456e+03 3.467486e+03 3.201166e+03 3.108546e+03 3.004646e+03 2.221626e+03 1.826986e+03 1.519711e+03 1.425182e+03 1.370834e+03 1.488629e+03 9.705412e+02 1.098745e+03 1.434866e+03 1.604138e+03 1.622605e+03 1.535515e+03 1.339990e+03 1.290705e+03 1.264093e+03 1.321784e+03 1.297442e+03 1.238418e+03 1.338274e+03 1.140735e+03 8.860472e+02 1.161537e+03 1.208760e+03 9.564442e+02 1.147301e+03 1.045799e+03
3.598286e+03 3.536856e+03 3.451386e+03 3.402206e+03 3.410326e+03 3.329866e+03 3.540086e+03 3.535026e+03 3.297816e+03 3.282066e+03 3.596126e+03 3.682626e+03 3.780466e+03 4.022956e+03 4.140466e+03 3.908366e+03 3.771786e+03 3.662406e+03 3.637956e+03 3.657526e+03 3.601116e+03 3.565066e+03 3.487136e+03 3.644676e+03 3.769976e+03 2.875896e+03 2.227516e+03 1.627730e+03 1.402634e+03 1.302633e+03 1.469027e+03 8.019704e+02 1.386094e+03 1.346734e+03 1.423293e+03 1.323728e+03 1.248163e+03 1.321121e+03 1.299594e+03 1.218142e+03 1.228802e+03 1.373242e+03 1.362045e+03 1.303819e+03 1.606512e+02 1.102754e+03 1.197612e+02 2.013019e+01 5.163122e+02 8.369642e+02 1.204293e+03
3.602326e+03 3.510616e+03 3.460056e+03 3.367036e+03 3.364776e+03 3.337046e+03 3.347566e+03 3.163226e+03 3.122336e+03 3.097156e+03 3.259816e+03 3.430676e+03 3.898156e+03 4.254316e+03 4.248016e+03 4.028946e+03 3.720646e+03 3.575736e+03 3.540816e+03 3.535776e+03 3.521246e+03 3.486736e+03 3.603176e+03 3.787366e+03 3.993396e+03 3.944916e+03 2.707946e+03 1.253944e+03 1.467120e+03 1.341453e+03 1.397389e+03 1.415224e+03 1.395877e+03 1.339637e+03 1.354224e+03 1.173158e+03 1.277981e+03 1.406829e+03 1.503853e+03 1.324275e+03 1.571090e+03 1.537286e+03 1.463429e+03 1.309498e+03 1.055616e+03 8.139482e+02 -1.137734e+03 -1.305304e+03 -3.619538e+02 -9.985781e+01 8.411732e+02
3.574276e+03 3.501346e+03 3.468736e+03 3.408136e+03 3.337956e+03 3.332126e+03 3.314666e+03 3.124486e+03 3.114736e+03 3.101766e+03 3.262096e+03 3.376056e+03 4.029836e+03 4.498736e+03 4.378646e+03 4.006146e+03 3.717626e+03 3.640086e+03 3.497156e+03 3.393806e+03 3.414146e+03 3.416746e+03 3.448536e+03 3.427406e+03 4.364416e+03 4.684416e+03 3.017476e+03 1.523484e+03 1.660661e+03 1.645887e+03 1.535533e+03 1.488585e+03 1.493653e+03 1.434987e+03 1.093118e+03 1.293878e+03 1.313789e+03 1.942286e+03 1.866466e+03 1.646509e+03 1.493453e+03 1.525071e+03 1.505129e+03 1.426173e+03 1.592478e+03 6.375075e+02 1.259022e+02 -9.785938e+02 -7.831638e+02 -8.520238e+02 1.263612e+02
3.676146e+03 3.568226e+03 3.474326e+03 3.424186e+03 3.373076e+03 3.290866e+03 3.257186e+03 3.228296e+03 3.130436e+03 3.121506e+03 3.167456e+03 3.189666e+03 4.046876e+03 4.400536e+03 4.417046e+03 3.969226e+03 3.790726e+03 3.645586e+03 3.528476e+03 3.450556e+03 3.472166e+03 3.468916e+03 3.605036e+03 4.016246e+03 4.406316e+03 4.982146e+03 2.886646e+03 1.952336e+03 1.745356e+03 1.781896e+03 1.686978e+03 1.632406e+03 1.614643e+03 1.559454e+03 1.331435e+03 1.535277e+03 2.097006e+03 2.398616e+03 2.027816e+03 1.631674e+03 1.558557e+03 1.613755e+03 1.418400e+03 1.420850e+03 1.575819e+03 1.570401e+03 2.368172e+02 -1.058538e+02 -8.531438e+02 -9.410038e+02 -6.749438e+02
3.822196e+03 3.703406e+03 3.515636e+03 3.446486e+03 3.384756e+03 3.269056e+03 3.326966e+03 3.213686e+03 3.072166e+03 3.043586e+03 3.058906e+03 3.028556e+03 3.735696e+03 4.344806e+03 4.206596e+03 4.016756e+03 3.802306e+03 3.645026e+03 3.554896e+03 3.540396e+03 3.527206e+03 3.681686e+03 3.660166e+03 4.108756e+03 4.442586e+03 4.924736e+03 3.033126e+03 2.005376e+03 1.802576e+03 1.848986e+03 1.862196e+03 1.914386e+03 1.829166e+03 1.864126e+03 1.844656e+03 1.668128e+03 1.980596e+03 2.064936e+03 1.772016e+03 1.619608e+03 1.591331e+03 1.815456e+03 1.717746e+03 1.308437e+03 1.385274e+03 1.220953e+03 9.278002e+02 1.492372e+02 -3.151738e+02 -3.580238e+02 1.308602e+02
3.975526e+03 3.875066e+03 3.642056e+03 3.540616e+03 3.428316e+03 3.366896e+03 3.325796e+03 3.250546e+03 3.122326e+03 3.050446e+03 3.033526e+03 3.084496e+03 3.408596e+03 4.003726e+03 4.056446e+03 3.982956e+03 3.891136e+03 3.711596e+03 3.741976e+03 3.641856e+03 3.732246e+03 3.796526e+03 3.975066e+03 4.037416e+03 4.106526e+03 4.484756e+03 4.021926e+03 2.108556e+03 1.867446e+03 1.845876e+03 1.944776e+03 2.042296e+03 2.221926e+03 1.782546e+03 1.823696e+03 1.553679e+03 1.621886e+03 1.682016e+03 1.599392e+03 1.585503e+03 1.597367e+03 8.049875e+02 2.617462e+02 1.478678e+03 1.582236e+03 1.284040e+03 1.001596e+03 6.347032e+02 4.394332e+02 3.375972e+02 3.006332e+02
4.108316e+03 3.955606e+03 3.862586e+03 3.669956e+03 3.573756e+03 3.490926e+03 3.411426e+03 3.307326e+03 3.192426e+03 3.090506e+03 3.078466e+03 3.125296e+03 3.470056e+03 3.904086e+03 3.961656e+03 4.145046e+03 4.112826e+03 3.962176e+03 3.927636e+03 3.694696e+03 3.690876e+03 4.040266e+03 4.218466e+03 4.378896e+03 4.338216e+03 4.380726e+03 4.139486e+03 2.231406e+03 2.043596e+03 1.966836e+03 2.015096e+03 2.163516e+03 2.109306e+03 1.894176e+03 1.845316e+03 1.638947e+03 1.629088e+03 1.608939e+03 1.553522e+03 1.574171e+03 1.573018e+03 1.797676e+03 1.530476e+03 1.264669e+03 1.170800e+03 5.396422e+02 1.060527e+03 7.063224e+02 4.387732e+02 1.279272e+02 -8.140838e+02
4.034406e+03 4.093846e+03 3.948326e+03 3.789056e+03 3.628526e+03 3.560436e+03 3.510426e+03 3.351246e+03 3.312996e+03 3.189546e+03 3.228796e+03 3.200386e+03 3.421736e+03 3.874896e+03 3.972976e+03 4.011616e+03 4.171406e+03 4.257146e+03 4.370396e+03 3.866046e+03 4.124936e+03 5.406456e+03 4.894936e+03 4.597986e+03 4.293806e+03 4.160476e+03 3.578186e+03 2.236916e+03 2.094096e+03 2.145556e+03 2.202076e+03 2.194316e+03 2.216456e+03 2.016606e+03 1.910826e+03 1.735916e+03 1.491563e+03 1.643556e+03 1.550932e+03 1.448550e+03 1.436218e+03 2.064076e+03 8.635032e+02 1.142129e+03 1.137713e+03 1.626168e+03 1.488988e+03 1.363840e+03 -1.483088e+02 -7.718038e+02 -1.269064e+03
4.329526e+03 4.180516e+03 4.072616e+03 3.865726e+03 3.706086e+03 3.651036e+03 3.572486e+03 3.448246e+03 3.446766e+03 3.334256e+03 3.277406e+03 3.244586e+03 3.337216e+03 3.633446e+03 3.787306e+03 4.024416e+03 4.104396e+03 4.195576e+03 4.358546e+03 4.152386e+03 4.067096e+03 4.156676e+03 4.159916e+03 4.502616e+03 4.540006e+03 4.261616e+03 3.249336e+03 2.313546e+03 2.256386e+03 2.318636e+03 2.451866e+03 2.355606e+03 2.079426e+03 1.936776e+03 2.051086e+03 1.317521e+03 1.611405e+03 1.557774e+03 1.575091e+03 1.557199e+03 1.476150e+03 1.958406e+03 1.178412e+03 1.126350e+03 1.264126e+03 1.289416e+03 5.840902e+02 -7.616681e+01 -1.086904e+03 -1.275064e+03 -1.177104e+03
4.528716e+03 4.348986e+03 4.206886e+03 4.073826e+03 3.858886e+03 3.734066e+03 3.637316e+03 3.632096e+03 3.528456e+03 3.465576e+03 3.394556e+03 3.312826e+03 3.348806e+03 3.505296e+03 3.828066e+03 4.116376e+03 4.181486e+03 4.490406e+03 4.538556e+03 4.264346e+03 4.324676e+03 4.093716e+03 4.125206e+03 4.804206e+03 5.905266e+03 4.834976e+03 2.838906e+03 2.277006e+03 2.354076e+03 2.480316e+03 2.503006e+03 2.309666e+03 1.999446e+03 1.618210e+03 1.048465e+03 8.223392e+02 8.459582e+02 1.432789e+03 1.344239e+03 1.403744e+03 1.511556e+03 1.435239e+03 1.934176e+03 1.521446e+03 8.136002e+02 2.559502e+02 4.929062e+02 -1.364998e+02 -1.189224e+03 -1.308734e+03 -1.138044e+03
4.685666e+03 4.551976e+03 4.412256e+03 4.195006e+03 4.017976e+03 3.925066e+03 3.892656e+03 3.738346e+03 3.634796e+03 3.617556e+03 3.558366e+03 3.600716e+03 3.495866e+03 3.667356e+03 3.912996e+03 4.128296e+03 4.426646e+03 4.667316e+03 4.797896e+03 4.712136e+03 4.360096e+03 4.189646e+03 4.145006e+03 4.340486e+03 4.555276e+03 4.068186e+03 2.866076e+03 2.417716e+03 2.435526e+03 1.828136e+03 2.752346e+03 2.541966e+03 1.218904e+03 -1.804364e+03 1.964352e+02 -2.767194e+03 -2.598744e+03 -8.369838e+02 6.104838e+02 8.337452e+02 1.399515e+03 9.612922e+02 1.741616e+03 2.477362e+02 2.436692e+02 8.206042e+02 6.810094e+02 -4.629681e+01 -9.569238e+02 -1.242464e+03 -1.181604e+03
4.845216e+03 4.727996e+03 4.496726e+03 4.418586e+03 4.348286e+03 4.730356e+03 4.713746e+03 4.008876e+03 3.853856e+03 3.739706e+03 3.782906e+03 3.743236e+03 3.716696e+03 4.015706e+03 4.263396e+03 4.322476e+03 4.491136e+03 4.805356e+03 4.877236e+03 4.836506e+03 3.832906e+03 4.332606e+03 3.949776e+03 4.190046e+03 4.130186e+03 3.824336e+03 2.447586e+03 1.044765e+03 1.375560e+03 1.482586e+03 1.033348e+03 1.003186e+03 -2.640154e+03 -3.312514e+03 -3.374664e+03 -2.632174e+03 -2.595344e+03 -3.099184e+03 -2.959514e+03 -2.983264e+03 3.819612e+02 1.296673e+03 1.324840e+03 1.297396e+03 9.324712e+02 7.799794e+02 7.351745e+02 2.285222e+02 -3.867338e+02 -9.708938e+02 -1.117774e+03
4.953236e+03 4.798566e+03 4.652276e+03 4.579426e+03 4.403316e+03 4.330316e+03 4.569426e+03 4.176116e+03 3.985826e+03 3.925516e+03 3.906826e+03 3.901276e+03 4.067136e+03 4.175296e+03 4.133196e+03 4.222846e+03 4.476886e+03 4.848746e+03 4.939666e+03 4.431246e+03 2.719346e+03 2.966926e+03 3.012446e+03 2.987626e+03 3.180456e+03 1.228260e+03 -3.113574e+03 -4.148314e+03 -2.708144e+03 -8.360238e+02 -2.549564e+03 -3.461854e+03 -3.161584e+03 -2.526344e+03 -2.360624e+03 -2.476824e+03 -2.267764e+03 -2.895754e+03 -3.270054e+03 -3.221264e+03 -3.837081e+01 1.771536e+03 1.246429e+03 8.077232e+02 5.843452e+02 5.515472e+02 4.879992e+02 2.820592e+02 -2.958881e+01 -3.747538e+02 -6.837538e+02
5.101416e+03 4.926226e+03 4.739896e+03 4.662496e+03 4.507696e+03 4.460426e+03 4.397856e+03 4.242926e+03 4.148836e+03 3.921586e+03 4.210386e+03 4.287616e+03 4.030126e+03 1.456803e+03 2.046356e+03 2.002206e+03 2.550186e+03 2.254236e+03 4.292466e+03 2.841776e+03 -1.042104e+03 -2.482608e+02 -3.248538e+02 -7.420338e+02 -1.061474e+03 -2.345474e+03 -1.405868e+02 -1.058104e+03 9.363912e+02 2.499096e+03 2.466188e+00 -1.241344e+03 -3.013824e+03 -1.673834e+03 -9.715838e+02 -6.843038e+02 -1.213144e+03 -1.312724e+03 -1.473354e+03 -8.736438e+02 7.476606e+02 -2.802918e+02 1.415305e+03 8.818142e+02 6.196871e+02 4.654222e+02 3.142482e+02 1.429902e+02 -1.861081e+01 -3.050138e+02 -4.144838e+02
5.170356e+03 4.998086e+03 4.843456e+03 4.755346e+03 4.631666e+03 4.646746e+03 4.681626e+03 4.554436e+03 3.979336e+03 4.217326e+03 4.618936e+03 2.077656e+03 1.965466e+03 -1.364934e+03 -2.286184e+03 -2.694544e+03 -3.064194e+03 -2.931584e+03 7.452419e+01 -1.337764e+03 -1.713844e+03 -2.225414e+03 5.812122e+02 3.202756e+03 1.251577e+03 2.385906e+03 3.233086e+03 3.247286e+03 3.193486e+03 3.033686e+03 2.726846e+03 2.227996e+03 -3.342338e+02 -1.241134e+03 -1.470424e+03 -1.697564e+03 -1.261244e+03 -1.317578e+02 8.085422e+02 4.852882e+02 -7.105238e+02 -3.246954e+03 -1.079364e+03 1.148977e+03 7.085001e+02 3.141492e+02 -2.607288e+02 -1.138878e+02 -1.029218e+02 -2.129858e+02 -2.812048e+02
5.191246e+03 5.083906e+03 4.930526e+03 4.830286e+03 4.703726e+03 4.695906e+03 4.769966e+03 4.572966e+03 4.483046e+03 4.550546e+03 1.920026e+03 2.512802e+02 6.024319e+01 -3.215104e+03 -4.184344e+03 -4.047014e+03 -4.078214e+03 -6.976738e+02 1.233261e+03 2.412306e+03 3.602356e+03 3.404186e+03 4.909026e+03 4.343476e+03 3.936456e+03 3.663256e+03 3.517596e+03 3.511786e+03 3.348636e+03 3.239416e+03 2.952896e+03 2.615976e+03 2.541016e+03 1.709516e+03 1.208887e+03 6.785666e+02 1.092193e+03 -2.766628e+02 4.956042e+02 1.110237e+03 1.052672e+03 -2.663064e+03 -2.899394e+03 -1.540704e+03 1.257919e+01 2.582242e+02 -1.942334e+03 -5.065438e+02 -4.739138e+02 -4.792238e+02 -1.618738e+02
5.197916e+03 5.066576e+03 4.967226e+03 4.872726e+03 4.758376e+03 4.722686e+03 4.673046e+03 4.560986e+03 2.648256e+03 1.355881e+03 7.890915e+02 -1.042474e+03 -2.607404e+03 -3.914944e+03 -3.604424e+03 -1.766144e+03 1.366546e+03 4.463146e+03 5.595386e+03 6.009326e+03 5.838186e+03 5.406296e+03 4.545176e+03 4.056716e+03 3.775766e+03 3.609636e+03 3.511106e+03 3.478546e+03 3.342496e+03 3.223706e+03 3.192316e+03 2.334346e+03 2.316506e+03 2.494956e+03 2.500256e+03 2.433516e+03 -1.434174e+03 1.739766e+03 9.028762e+02 1.678163e+03 1.441276e+03 -2.676654e+03 -3.153804e+03 -2.841744e+03 -2.321334e+03 -3.382114e+03 -2.988934e+03 -2.623084e+03 -1.703304e+03 -2.522538e+02 -2.806008e+02
