Code/Output_20260204_161825/2.9_30_1000_moho_undulation.grd
DSAA
181 201
-5400000.000000 5400000.000000
-6000000.000000 6000000.000000
-112227.448381 -0.000000
[rows 154 to 175 of 201, columns 0 to 49 of 181]
-0.000000e+00 -1.768993e+03 -6.912827e+03 -1.489717e+04 -2.486350e+04 -3.564222e+04 -4.585721e+04 -5.417487e+04 -5.958538e+04 -6.147733e+04 -6.140509e+04 -6.112845e+04 -6.055072e+04 -5.969995e+04 -5.877989e+04 -5.807246e+04 -5.774704e+04 -5.778117e+04 -5.800040e+04 -5.824018e+04 -5.841252e+04 -5.847735e+04 -5.841040e+04 -5.824540e+04 -5.803464e+04 -5.785747e+04 -5.780485e+04 -5.791384e+04 -5.810368e+04 -5.820365e+04 -5.812014e+04 -5.793870e+04 -5.785376e+04 -5.807509e+04 -5.847045e+04 -5.894088e+04 -5.926236e+04 -5.926227e+04 -5.902079e+04 -5.873320e+04 -5.855852e+04 -5.853643e+04 -5.864436e+04 -5.884255e+04 -5.910248e+04 -5.940097e+04 -5.966562e+04 -5.981830e+04 -5.984525e+04 -5.980035e+04
-0.000000e+00 -1.774230e+03 -6.938962e+03 -1.495064e+04 -2.491699e+04 -3.565755e+04 -4.582544e+04 -5.414741e+04 -5.958872e+04 -6.144623e+04 -6.120736e+04 -6.075182e+04 -6.005676e+04 -5.919211e+04 -5.841516e+04 -5.790042e+04 -5.768901e+04 -5.770066e+04 -5.781352e+04 -5.793931e+04 -5.808049e+04 -5.824085e+04 -5.834880e+04 -5.834701e+04 -5.824297e+04 -5.813420e+04 -5.815175e+04 -5.836437e+04 -5.867785e+04 -5.886810e+04 -5.879574e+04 -5.852741e+04 -5.827426e+04 -5.824598e+04 -5.846097e+04 -5.888064e+04 -5.924166e+04 -5.935675e+04 -5.922746e+04 -5.903972e+04 -5.895358e+04 -5.897739e+04 -5.909367e+04 -5.927394e+04 -5.948309e+04 -5.971749e+04 -5.995236e+04 -6.014059e+04 -6.024963e+04 -6.029585e+04
-0.000000e+00 -1.779790e+03 -6.965553e+03 -1.501348e+04 -2.500709e+04 -3.575101e+04 -4.592068e+04 -5.425458e+04 -5.968439e+04 -6.144723e+04 -6.108128e+04 -6.043076e+04 -5.958466e+04 -5.871785e+04 -5.805320e+04 -5.766595e+04 -5.749777e+04 -5.743355e+04 -5.740726e+04 -5.744008e+04 -5.759459e+04 -5.787730e+04 -5.818775e+04 -5.839567e+04 -5.846646e+04 -5.848829e+04 -5.861300e+04 -5.892009e+04 -5.932126e+04 -5.957654e+04 -5.950317e+04 -5.914108e+04 -5.869958e+04 -5.844928e+04 -5.851264e+04 -5.882144e+04 -5.915289e+04 -5.932020e+04 -5.931395e+04 -5.925086e+04 -5.924921e+04 -5.934832e+04 -5.951853e+04 -5.971097e+04 -5.990426e+04 -6.011031e+04 -6.033775e+04 -6.056673e+04 -6.075629e+04 -6.089751e+04
-0.000000e+00 -1.784688e+03 -6.982097e+03 -1.504452e+04 -2.505083e+04 -3.580982e+04 -4.600397e+04 -5.436025e+04 -5.978008e+04 -6.146544e+04 -6.097311e+04 -6.018117e+04 -5.922255e+04 -5.829906e+04 -5.760885e+04 -5.717564e+04 -5.691544e+04 -5.672275e+04 -5.659139e+04 -5.660981e+04 -5.687749e+04 -5.737866e+04 -5.793937e+04 -5.839291e+04 -5.868235e+04 -5.886351e+04 -5.908009e+04 -5.942243e+04 -5.982584e+04 -6.007598e+04 -5.999362e+04 -5.960694e+04 -5.907157e+04 -5.868772e+04 -5.860500e+04 -5.879198e+04 -5.902694e+04 -5.916890e+04 -5.919267e+04 -5.918265e+04 -5.923534e+04 -5.937985e+04 -5.958646e+04 -5.981320e+04 -6.004409e+04 -6.029340e+04 -6.057395e+04 -6.086995e+04 -6.112510e+04 -6.133525e+04
-0.000000e+00 -1.786490e+03 -6.986346e+03 -1.503678e+04 -2.502040e+04 -3.576318e+04 -4.595987e+04 -5.432333e+04 -5.972600e+04 -6.136973e+04 -6.082006e+04 -5.996798e+04 -5.894995e+04 -5.795363e+04 -5.716108e+04 -5.657741e+04 -5.614027e+04 -5.580244e+04 -5.560249e+04 -5.566828e+04 -5.610455e+04 -5.685936e+04 -5.771041e+04 -5.843395e+04 -5.892069e+04 -5.922480e+04 -5.949330e+04 -5.981698e+04 -6.015712e+04 -6.035182e+04 -6.024188e+04 -5.984100e+04 -5.932531e+04 -5.891907e+04 -5.875347e+04 -5.880224e+04 -5.894382e+04 -5.905084e+04 -5.908176e+04 -5.908917e+04 -5.914382e+04 -5.927542e+04 -5.946383e+04 -5.968877e+04 -5.994994e+04 -6.025756e+04 -6.061349e+04 -6.099068e+04 -6.135275e+04 -6.160373e+04
-0.000000e+00 -1.785737e+03 -6.970958e+03 -1.498190e+04 -2.491376e+04 -3.560948e+04 -4.578101e+04 -5.414072e+04 -5.955125e+04 -6.121206e+04 -6.069468e+04 -5.984825e+04 -5.880421e+04 -5.773314e+04 -5.677600e+04 -5.596882e+04 -5.530787e+04 -5.481748e+04 -5.459493e+04 -5.476077e+04 -5.537497e+04 -5.635526e+04 -5.746220e+04 -5.842171e+04 -5.909613e+04 -5.951047e+04 -5.979010e+04 -6.004542e+04 -6.028011e+04 -6.038160e+04 -6.023601e+04 -5.986049e+04 -5.939547e+04 -5.902268e+04 -5.883294e+04 -5.882957e+04 -5.892091e+04 -5.899515e+04 -5.901219e+04 -5.900298e+04 -5.900727e+04 -5.906505e+04 -5.919804e+04 -5.939112e+04 -5.966440e+04 -6.004051e+04 -6.049852e+04 -6.098219e+04 -6.141445e+04 -6.171918e+04
-0.000000e+00 -1.785400e+03 -6.947830e+03 -1.490983e+04 -2.477079e+04 -3.538949e+04 -4.549880e+04 -5.382283e+04 -5.924325e+04 -6.097657e+04 -6.060995e+04 -5.986600e+04 -5.887549e+04 -5.778098e+04 -5.670257e+04 -5.571792e+04 -5.487392e+04 -5.424913e+04 -5.399192e+04 -5.421355e+04 -5.493219e+04 -5.602964e+04 -5.724129e+04 -5.830465e+04 -5.908414e+04 -5.957968e+04 -5.987504e+04 -6.006260e+04 -6.016924e+04 -6.015458e+04 -5.995742e+04 -5.960367e+04 -5.922017e+04 -5.896506e+04 -5.883752e+04 -5.886483e+04 -5.898355e+04 -5.909529e+04 -5.915541e+04 -5.917052e+04 -5.912433e+04 -5.907568e+04 -5.910557e+04 -5.918084e+04 -5.938377e+04 -5.976450e+04 -6.028036e+04 -6.084701e+04 -6.135561e+04 -6.170155e+04
-0.000000e+00 -1.787283e+03 -6.940130e+03 -1.487333e+04 -2.468167e+04 -3.523283e+04 -4.527986e+04 -5.356891e+04 -5.900248e+04 -6.080091e+04 -6.048827e+04 -5.987680e+04 -5.901270e+04 -5.794646e+04 -5.678552e+04 -5.566696e+04 -5.470873e+04 -5.403944e+04 -5.378793e+04 -5.404046e+04 -5.478032e+04 -5.588581e+04 -5.711560e+04 -5.821124e+04 -5.903030e+04 -5.955253e+04 -5.984238e+04 -5.997427e+04 -5.998237e+04 -5.987128e+04 -5.963771e+04 -5.932369e+04 -5.901517e+04 -5.880400e+04 -5.874204e+04 -5.882721e+04 -5.900597e+04 -5.919224e+04 -5.933665e+04 -5.940681e+04 -5.939040e+04 -5.930128e+04 -5.918538e+04 -5.911708e+04 -5.921859e+04 -5.957020e+04 -6.011553e+04 -6.073257e+04 -6.128097e+04 -6.163698e+04
-0.000000e+00 -1.791526e+03 -6.942597e+03 -1.486935e+04 -2.465864e+04 -3.517209e+04 -4.516247e+04 -5.339338e+04 -5.881255e+04 -6.065878e+04 -6.045352e+04 -5.997565e+04 -5.921641e+04 -5.821900e+04 -5.708085e+04 -5.595312e+04 -5.498603e+04 -5.432579e+04 -5.408782e+04 -5.432075e+04 -5.499010e+04 -5.598381e+04 -5.709128e+04 -5.809473e+04 -5.887481e+04 -5.939239e+04 -5.967296e+04 -5.976561e+04 -5.971290e+04 -5.954323e+04 -5.928382e+04 -5.899552e+04 -5.874824e+04 -5.860417e+04 -5.859360e+04 -5.872165e+04 -5.895908e+04 -5.924123e+04 -5.950996e+04 -5.969177e+04 -5.972723e+04 -5.960651e+04 -5.938726e+04 -5.919366e+04 -5.917953e+04 -5.944908e+04 -5.995349e+04 -6.056822e+04 -6.112783e+04 -6.148719e+04
-0.000000e+00 -1.796011e+03 -6.968392e+03 -1.492164e+04 -2.473007e+04 -3.523394e+04 -4.517201e+04 -5.333049e+04 -5.870784e+04 -6.053545e+04 -6.036098e+04 -5.995989e+04 -5.930550e+04 -5.842998e+04 -5.740034e+04 -5.638710e+04 -5.553959e+04 -5.499092e+04 -5.482557e+04 -5.504134e+04 -5.558437e+04 -5.636386e+04 -5.724950e+04 -5.806921e+04 -5.872146e+04 -5.916381e+04 -5.940592e+04 -5.947407e+04 -5.939964e+04 -5.921728e+04 -5.897469e+04 -5.872898e+04 -5.852823e+04 -5.842030e+04 -5.841583e+04 -5.854219e+04 -5.878958e+04 -5.914283e+04 -5.949160e+04 -5.976633e+04 -5.988170e+04 -5.980117e+04 -5.956077e+04 -5.929030e+04 -5.916746e+04 -5.933625e+04 -5.975015e+04 -6.030799e+04 -6.084450e+04 -6.119205e+04
-0.000000e+00 -1.802661e+03 -7.002275e+03 -1.498874e+04 -2.482133e+04 -3.531822e+04 -4.521516e+04 -5.329442e+04 -5.858167e+04 -6.038107e+04 -6.022890e+04 -5.988669e+04 -5.931101e+04 -5.855913e+04 -5.768681e+04 -5.685118e+04 -5.618958e+04 -5.579209e+04 -5.569647e+04 -5.588879e+04 -5.630890e+04 -5.686460e+04 -5.749134e+04 -5.808600e+04 -5.857637e+04 -5.892808e+04 -5.912357e+04 -5.916684e+04 -5.908458e+04 -5.891807e+04 -5.871808e+04 -5.854822e+04 -5.840410e+04 -5.831098e+04 -5.830615e+04 -5.840705e+04 -5.862399e+04 -5.897736e+04 -5.938922e+04 -5.974301e+04 -5.992509e+04 -5.987490e+04 -5.962865e+04 -5.931905e+04 -5.912408e+04 -5.920117e+04 -5.954575e+04 -6.003899e+04 -6.051707e+04 -6.084328e+04
-0.000000e+00 -1.814101e+03 -7.041669e+03 -1.505939e+04 -2.490403e+04 -3.538076e+04 -4.522526e+04 -5.321991e+04 -5.841810e+04 -6.015398e+04 -5.997815e+04 -5.965510e+04 -5.914531e+04 -5.850890e+04 -5.780128e+04 -5.716878e+04 -5.674569e+04 -5.656709e+04 -5.661199e+04 -5.682848e+04 -5.714718e+04 -5.752425e+04 -5.793070e+04 -5.830483e+04 -5.858830e+04 -5.878742e+04 -5.888836e+04 -5.888755e+04 -5.880886e+04 -5.868608e+04 -5.856098e+04 -5.849869e+04 -5.844486e+04 -5.839595e+04 -5.838555e+04 -5.842630e+04 -5.855586e+04 -5.882379e+04 -5.917262e+04 -5.949893e+04 -5.969452e+04 -5.968655e+04 -5.948901e+04 -5.921155e+04 -5.901515e+04 -5.905493e+04 -5.933859e+04 -5.975826e+04 -6.017339e+04 -6.047170e+04
-0.000000e+00 -1.824031e+03 -7.073769e+03 -1.511154e+04 -2.494964e+04 -3.538246e+04 -4.515172e+04 -5.307816e+04 -5.820508e+04 -5.989132e+04 -5.969128e+04 -5.937067e+04 -5.892686e+04 -5.840353e+04 -5.787467e+04 -5.746874e+04 -5.725447e+04 -5.724606e+04 -5.740348e+04 -5.765766e+04 -5.792247e+04 -5.815573e+04 -5.836126e+04 -5.853290e+04 -5.866830e+04 -5.875311e+04 -5.877169e+04 -5.871806e+04 -5.862964e+04 -5.855024e+04 -5.851272e+04 -5.852542e+04 -5.856481e+04 -5.859804e+04 -5.861078e+04 -5.861629e+04 -5.865579e+04 -5.881014e+04 -5.905497e+04 -5.931136e+04 -5.947695e+04 -5.947755e+04 -5.932035e+04 -5.910080e+04 -5.894720e+04 -5.898012e+04 -5.922155e+04 -5.959300e+04 -5.995711e+04 -6.023288e+04
-0.000000e+00 -1.831870e+03 -7.095572e+03 -1.513149e+04 -2.494181e+04 -3.531659e+04 -4.500581e+04 -5.284823e+04 -5.790957e+04 -5.956282e+04 -5.936289e+04 -5.906705e+04 -5.867562e+04 -5.824471e+04 -5.784881e+04 -5.763062e+04 -5.761660e+04 -5.778365e+04 -5.806028e+04 -5.835410e+04 -5.859235e+04 -5.874972e+04 -5.884104e+04 -5.887114e+04 -5.886868e+04 -5.883522e+04 -5.876347e+04 -5.866156e+04 -5.856121e+04 -5.850751e+04 -5.853841e+04 -5.865326e+04 -5.880040e+04 -5.891699e+04 -5.896330e+04 -5.894306e+04 -5.890517e+04 -5.894122e+04 -5.904121e+04 -5.917138e+04 -5.926674e+04 -5.926687e+04 -5.916583e+04 -5.902288e+04 -5.893828e+04 -5.901165e+04 -5.925097e+04 -5.958835e+04 -5.991573e+04 -6.015993e+04
-0.000000e+00 -1.835598e+03 -7.108860e+03 -1.513028e+04 -2.489613e+04 -3.519471e+04 -4.478118e+04 -5.253663e+04 -5.754425e+04 -5.918340e+04 -5.901197e+04 -5.875536e+04 -5.841475e+04 -5.807582e+04 -5.781414e+04 -5.771953e+04 -5.782242e+04 -5.808874e+04 -5.844104e+04 -5.877749e+04 -5.902403e+04 -5.915585e+04 -5.919514e+04 -5.918115e+04 -5.913396e+04 -5.905449e+04 -5.893244e+04 -5.878236e+04 -5.864396e+04 -5.858125e+04 -5.863012e+04 -5.877813e+04 -5.897263e+04 -5.914393e+04 -5.924245e+04 -5.924605e+04 -5.918396e+04 -5.912986e+04 -5.912507e+04 -5.915813e+04 -5.918302e+04 -5.915767e+04 -5.908906e+04 -5.902439e+04 -5.903008e+04 -5.917047e+04 -5.943286e+04 -5.976526e+04 -6.007885e+04 -6.029665e+04
-0.000000e+00 -1.838003e+03 -7.112179e+03 -1.512541e+04 -2.483721e+04 -3.503727e+04 -4.451423e+04 -5.217426e+04 -5.712706e+04 -5.876086e+04 -5.860362e+04 -5.839135e+04 -5.812731e+04 -5.786954e+04 -5.771506e+04 -5.773546e+04 -5.794395e+04 -5.829435e+04 -5.869815e+04 -5.906151e+04 -5.932108e+04 -5.945682e+04 -5.949115e+04 -5.946491e+04 -5.939746e+04 -5.928909e+04 -5.913511e+04 -5.894884e+04 -5.877217e+04 -5.867535e+04 -5.870631e+04 -5.886107e+04 -5.908212e+04 -5.930247e+04 -5.944431e+04 -5.947121e+04 -5.940410e+04 -5.929719e+04 -5.920190e+04 -5.913952e+04 -5.910006e+04 -5.906610e+04 -5.903833e+04 -5.904505e+04 -5.913098e+04 -5.933692e+04 -5.963762e+04 -5.997487e+04 -6.027175e+04 -6.046989e+04
-0.000000e+00 -1.840017e+03 -7.102951e+03 -1.509021e+04 -2.472411e+04 -3.479310e+04 -4.412351e+04 -5.165373e+04 -5.651838e+04 -5.812364e+04 -5.798753e+04 -5.782661e+04 -5.764121e+04 -5.747911e+04 -5.741233e+04 -5.750969e+04 -5.777976e+04 -5.817526e+04 -5.861028e+04 -5.899747e+04 -5.928470e+04 -5.945758e+04 -5.953531e+04 -5.955656e+04 -5.953440e+04 -5.946394e+04 -5.932777e+04 -5.912837e+04 -5.890300e+04 -5.873021e+04 -5.867306e+04 -5.873948e+04 -5.886450e+04 -5.905391e+04 -5.920800e+04 -5.926404e+04 -5.924093e+04 -5.915950e+04 -5.906797e+04 -5.899172e+04 -5.893225e+04 -5.888921e+04 -5.887928e+04 -5.893209e+04 -5.908194e+04 -5.934522e+04 -5.968174e+04 -6.004448e+04 -6.036029e+04 -6.057267e+04
-0.000000e+00 -1.836560e+03 -7.090077e+03 -1.502338e+04 -2.456084e+04 -3.448691e+04 -4.364697e+04 -5.102593e+04 -5.579333e+04 -5.737582e+04 -5.726741e+04 -5.715817e+04 -5.704462e+04 -5.697575e+04 -5.701002e+04 -5.719683e+04 -5.753555e+04 -5.797816e+04 -5.844472e+04 -5.885966e+04 -5.917796e+04 -5.939404e+04 -5.952486e+04 -5.960188e+04 -5.962892e+04 -5.958950e+04 -5.946304e+04 -5.924985e+04 -5.898366e+04 -5.873125e+04 -5.856942e+04 -5.853074e+04 -5.860170e+04 -5.873331e+04 -5.886524e+04 -5.894827e+04 -5.896370e+04 -5.891502e+04 -5.883471e+04 -5.875121e+04 -5.868541e+04 -5.864816e+04 -5.865955e+04 -5.874965e+04 -5.894598e+04 -5.925381e+04 -5.963649e+04 -6.003121e+04 -6.037700e+04 -6.060204e+04
-0.000000e+00 -1.813901e+03 -7.042025e+03 -1.488050e+04 -2.425596e+04 -3.396859e+04 -4.290499e+04 -5.008181e+04 -5.470542e+04 -5.623025e+04 -5.613624e+04 -5.608107e+04 -5.605541e+04 -5.609524e+04 -5.623830e+04 -5.653006e+04 -5.696236e+04 -5.749201e+04 -5.803110e+04 -5.850678e+04 -5.887994e+04 -5.914270e+04 -5.931499e+04 -5.943028e+04 -5.949286e+04 -5.948773e+04 -5.938606e+04 -5.917925e+04 -5.889062e+04 -5.858570e+04 -5.834107e+04 -5.819831e+04 -5.815363e+04 -5.817770e+04 -5.824298e+04 -5.830917e+04 -5.834724e+04 -5.833825e+04 -5.829819e+04 -5.824709e+04 -5.820988e+04 -5.818938e+04 -5.821241e+04 -5.832055e+04 -5.853868e+04 -5.887027e+04 -5.928032e+04 -5.970837e+04 -6.011918e+04 -6.039105e+04
-0.000000e+00 -1.791244e+03 -6.971669e+03 -1.468517e+04 -2.387820e+04 -3.336704e+04 -4.205355e+04 -4.901129e+04 -5.348907e+04 -5.497089e+04 -5.491056e+04 -5.491372e+04 -5.495643e+04 -5.511194e+04 -5.538676e+04 -5.580669e+04 -5.635374e+04 -5.697537e+04 -5.759220e+04 -5.813588e+04 -5.856962e+04 -5.888839e+04 -5.910412e+04 -5.925294e+04 -5.933986e+04 -5.934787e+04 -5.925408e+04 -5.904829e+04 -5.874929e+04 -5.840308e+04 -5.807899e+04 -5.783366e+04 -5.769147e+04 -5.763151e+04 -5.765168e+04 -5.770487e+04 -5.775450e+04 -5.777997e+04 -5.777509e+04 -5.775243e+04 -5.772766e+04 -5.772254e+04 -5.776685e+04 -5.789331e+04 -5.813178e+04 -5.848726e+04 -5.892713e+04 -5.939438e+04 -5.982391e+04 -6.015988e+04
-0.000000e+00 -1.768587e+03 -6.861072e+03 -1.439189e+04 -2.334067e+04 -3.254588e+04 -4.095270e+04 -4.767464e+04 -5.199496e+04 -5.342537e+04 -5.340377e+04 -5.346717e+04 -5.359638e+04 -5.386545e+04 -5.426936e+04 -5.482762e+04 -5.551541e+04 -5.629454e+04 -5.705705e+04 -5.772494e+04 -5.825238e+04 -5.862313e+04 -5.886075e+04 -5.900799e+04 -5.907795e+04 -5.906550e+04 -5.896364e+04 -5.876802e+04 -5.849023e+04 -5.816132e+04 -5.783915e+04 -5.757390e+04 -5.738467e+04 -5.723709e+04 -5.719553e+04 -5.720717e+04 -5.723272e+04 -5.725331e+04 -5.725745e+04 -5.725237e+04 -5.725163e+04 -5.727149e+04 -5.733796e+04 -5.748212e+04 -5.773215e+04 -5.809664e+04 -5.854762e+04 -5.903347e+04 -5.949729e+04 -5.988235e+04
-0.000000e+00 -1.745928e+03 -6.735207e+03 -1.410469e+04 -2.280411e+04 -3.171556e+04 -3.984728e+04 -4.634550e+04 -5.052286e+04 -5.192193e+04 -5.191352e+04 -5.203079e+04 -5.226626e+04 -5.265523e+04 -5.320652e+04 -5.392345e+04 -5.477045e+04 -5.568086e+04 -5.656356e+04 -5.733692e+04 -5.795094e+04 -5.838435e+04 -5.864265e+04 -5.877896e+04 -5.882342e+04 -5.878842e+04 -5.867657e+04 -5.848809e+04 -5.823571e+04 -5.793840e+04 -5.762999e+04 -5.735159e+04 -5.713145e+04 -5.697671e+04 -5.688467e+04 -5.684135e+04 -5.682414e+04 -5.682929e+04 -5.684139e+04 -5.685477e+04 -5.687523e+04 -5.691786e+04 -5.700640e+04 -5.716937e+04 -5.743379e+04 -5.780649e+04 -5.826596e+04 -5.876759e+04 -5.925325e+04 -5.966694e+04
