Code/Output_20260204_161825/2.9_30_1000_Te_map_shift_100km.grd
DSAA
165 185
-4920000.000000 4920000.000000
-5520000.000000 5520000.000000
1.000000 199.999997
[rows 69 to 91 of 185, columns 104 to 155 of 165]
7.100875e+00 1.013447e+01 1.138382e+01 1.236566e+01 1.331155e+01 1.402767e+01 1.450883e+01 1.553296e+01 1.817498e+01 3.322438e+01 5.488070e+01 5.587144e+01 5.321129e+01 5.056646e+01 4.936888e+01 4.793659e+01 4.623989e+01 4.435637e+01 4.226537e+01 3.962462e+01 3.539410e+01 2.505085e+01 1.720636e+01 1.054695e+01 4.977793e+00 6.609610e+00 5.983337e+01 2.000000e+02 2.000000e+02 9.460416e+01 6.507754e+01 1.198121e+01 9.154689e+00 8.719123e+00 7.708552e+00 6.645823e+00 6.203045e+00 6.496091e+00 6.844273e+00 6.960799e+00 6.879924e+00 6.058536e+00 5.917626e+00 5.496739e+00 4.990711e+00 4.496708e+00 3.951010e+00 3.799054e+00 3.834721e+00 4.112347e+00 4.290852e+00 4.699982e+00
6.954619e+00 8.936709e+00 9.725368e+00 1.028956e+01 1.105008e+01 1.177928e+01 1.237443e+01 1.382984e+01 1.705939e+01 3.594813e+01 5.895122e+01 5.931152e+01 5.608778e+01 5.261804e+01 5.065365e+01 4.863165e+01 4.646344e+01 4.412506e+01 4.126736e+01 3.751984e+01 3.136319e+01 2.339610e+01 1.797722e+01 1.110731e+01 7.280083e+00 1.215106e+01 1.552593e+01 1.707075e+01 5.815749e+01 6.387265e+01 5.132676e+01 1.342850e+01 9.635949e+00 9.154732e+00 7.616994e+00 5.807854e+00 5.123039e+00 5.219066e+00 5.748532e+00 6.064554e+00 5.673109e+00 4.819895e+00 4.888019e+00 4.404672e+00 4.210673e+00 3.911499e+00 3.648249e+00 3.587181e+00 3.528650e+00 3.695220e+00 3.766741e+00 4.008775e+00
6.292644e+00 8.050769e+00 8.617915e+00 9.060882e+00 9.891812e+00 1.062788e+01 1.128549e+01 1.274732e+01 1.766439e+01 4.539762e+01 6.196326e+01 6.157144e+01 5.809563e+01 5.434017e+01 5.184116e+01 4.942058e+01 4.693412e+01 4.433427e+01 4.136598e+01 3.772046e+01 3.281760e+01 2.596392e+01 2.074267e+01 1.670244e+01 1.978366e+01 2.913009e+01 3.263835e+01 4.017228e+01 4.580549e+01 4.634604e+01 4.369643e+01 2.164260e+01 1.600783e+01 1.345710e+01 1.115020e+01 8.988773e+00 7.268215e+00 6.570016e+00 5.952913e+00 6.201753e+00 5.798989e+00 5.055145e+00 4.991816e+00 4.759044e+00 4.660489e+00 4.269407e+00 3.983075e+00 3.882137e+00 3.740511e+00 3.805437e+00 3.823298e+00 4.086350e+00
3.331556e+00 5.036219e+00 5.059371e+00 8.031991e+00 1.050869e+01 1.225938e+01 1.347462e+01 1.590948e+01 3.791435e+01 7.091764e+01 7.262238e+01 6.872437e+01 6.410751e+01 5.987806e+01 5.676890e+01 5.384414e+01 5.110210e+01 4.847927e+01 4.589058e+01 4.319861e+01 4.078579e+01 3.901639e+01 3.858953e+01 3.941600e+01 4.020913e+01 4.135589e+01 4.488099e+01 4.831727e+01 4.943270e+01 4.802774e+01 4.514530e+01 3.828092e+01 2.343451e+01 1.834232e+01 1.548716e+01 1.342306e+01 1.163836e+01 9.647359e+00 7.035279e+00 7.001561e+00 6.199958e+00 5.137851e+00 5.122637e+00 5.075027e+00 4.919253e+00 4.380356e+00 4.098809e+00 3.946098e+00 3.820807e+00 3.897069e+00 3.839152e+00 4.067066e+00
6.738675e+00 7.181510e+00 6.895204e+00 1.453917e+01 2.103472e+01 2.650950e+01 4.515364e+01 1.081397e+02 2.000000e+02 1.062674e+02 8.286639e+01 7.502804e+01 6.819796e+01 6.305463e+01 5.893462e+01 5.540715e+01 5.213737e+01 4.963308e+01 4.751866e+01 4.522649e+01 4.372140e+01 4.295340e+01 4.285026e+01 4.262773e+01 4.209581e+01 4.223714e+01 4.455192e+01 4.701080e+01 4.821194e+01 4.719121e+01 4.486891e+01 4.013314e+01 3.250759e+01 2.386537e+01 1.875147e+01 1.579804e+01 1.334554e+01 1.070840e+01 7.305426e+00 7.055571e+00 6.203995e+00 5.073725e+00 5.122822e+00 5.258489e+00 5.231931e+00 4.686224e+00 4.462622e+00 4.257369e+00 4.080691e+00 4.171125e+00 4.020509e+00 4.111666e+00
2.477237e+01 2.810370e+01 3.136552e+01 1.055952e+02 2.000000e+02 2.000000e+02 2.000000e+02 1.380599e+02 1.046670e+02 8.466658e+01 7.463559e+01 7.054036e+01 6.584862e+01 6.158179e+01 5.722727e+01 5.355982e+01 5.017553e+01 4.815829e+01 4.645488e+01 4.426279e+01 4.264814e+01 4.182421e+01 4.193143e+01 4.169931e+01 4.184927e+01 4.243742e+01 4.473912e+01 4.710558e+01 4.846161e+01 4.795354e+01 4.665169e+01 4.323464e+01 3.778825e+01 3.059570e+01 2.193361e+01 1.722707e+01 1.406863e+01 1.103638e+01 8.591835e+00 8.158375e+00 5.957019e+00 4.922688e+00 4.724213e+00 4.860829e+00 4.848577e+00 4.572670e+00 4.437760e+00 4.208252e+00 3.980338e+00 3.977504e+00 3.792801e+00 3.946498e+00
3.627816e+01 4.304282e+01 5.092149e+01 5.870600e+01 6.549154e+01 6.687572e+01 6.699012e+01 6.737491e+01 6.696380e+01 6.404092e+01 6.137284e+01 6.091034e+01 5.892479e+01 5.691127e+01 5.361672e+01 5.020059e+01 4.709062e+01 4.529120e+01 4.389104e+01 4.186698e+01 4.055764e+01 4.008975e+01 4.038191e+01 4.026067e+01 4.056499e+01 4.122457e+01 4.332798e+01 4.555525e+01 4.689106e+01 4.650714e+01 4.538349e+01 4.258881e+01 3.811810e+01 3.183999e+01 2.352655e+01 1.794858e+01 1.446559e+01 1.185809e+01 1.053379e+01 1.030447e+01 6.619885e+00 4.787158e+00 4.635914e+00 4.674548e+00 4.759221e+00 4.546527e+00 4.514189e+00 4.355284e+00 4.132103e+00 4.083763e+00 3.960994e+00 3.999772e+00
3.826602e+01 4.050154e+01 4.197856e+01 4.292763e+01 4.575508e+01 4.786200e+01 5.002623e+01 5.214602e+01 5.353586e+01 5.311103e+01 5.241795e+01 5.316510e+01 5.221057e+01 5.186353e+01 5.001401e+01 4.765532e+01 4.505502e+01 4.339129e+01 4.223406e+01 4.058256e+01 3.962275e+01 3.956809e+01 4.029891e+01 4.051843e+01 4.066347e+01 4.104985e+01 4.249173e+01 4.418238e+01 4.514631e+01 4.450858e+01 4.319813e+01 4.034489e+01 3.626036e+01 3.074614e+01 2.291543e+01 1.811803e+01 1.517239e+01 1.330550e+01 1.290234e+01 1.340261e+01 9.041970e+00 6.255091e+00 5.489292e+00 5.710841e+00 6.241608e+00 5.417623e+00 5.246471e+00 4.930664e+00 4.659727e+00 4.624987e+00 4.348478e+00 4.116681e+00
4.032144e+01 4.145061e+01 4.160999e+01 4.128834e+01 4.256342e+01 4.382344e+01 4.492807e+01 4.596918e+01 4.684129e+01 4.656068e+01 4.597588e+01 4.729129e+01 4.715084e+01 4.860456e+01 4.800244e+01 4.612104e+01 4.362239e+01 4.219999e+01 4.152509e+01 4.036567e+01 3.996015e+01 4.050949e+01 4.171063e+01 4.238690e+01 4.252664e+01 4.229672e+01 4.266815e+01 4.321792e+01 4.325850e+01 4.206192e+01 4.030090e+01 3.721035e+01 3.317778e+01 2.740267e+01 2.058747e+01 1.743651e+01 1.491657e+01 1.339865e+01 1.307927e+01 1.387932e+01 1.091849e+01 8.057984e+00 7.161504e+00 7.250697e+00 6.895160e+00 6.098158e+00 6.006273e+00 5.543148e+00 5.326349e+00 5.368585e+00 4.839499e+00 4.536118e+00
4.260047e+01 4.365029e+01 4.432084e+01 4.288744e+01 4.308508e+01 4.287981e+01 4.234289e+01 4.206084e+01 4.212006e+01 4.170387e+01 4.151137e+01 4.373209e+01 4.470806e+01 4.689944e+01 4.625806e+01 4.427242e+01 4.187429e+01 4.088979e+01 4.055650e+01 3.990840e+01 3.933968e+01 3.988071e+01 4.078381e+01 4.067516e+01 3.961018e+01 3.806367e+01 3.762064e+01 3.728913e+01 3.722535e+01 3.662743e+01 3.495053e+01 3.176294e+01 2.780860e+01 2.336078e+01 1.953010e+01 1.700638e+01 1.520972e+01 1.395161e+01 1.384696e+01 1.514820e+01 1.317926e+01 1.097325e+01 1.006502e+01 9.690384e+00 9.057971e+00 8.325634e+00 8.534877e+00 7.775751e+00 6.719789e+00 6.144062e+00 5.646181e+00 5.553721e+00
4.671992e+01 4.785283e+01 4.819848e+01 4.634352e+01 4.567144e+01 4.486116e+01 4.415614e+01 4.365154e+01 4.304940e+01 4.146701e+01 4.022710e+01 4.141751e+01 4.195254e+01 4.436294e+01 4.429904e+01 4.235176e+01 3.981683e+01 3.886942e+01 3.864568e+01 3.885650e+01 3.860795e+01 3.989018e+01 4.134420e+01 4.160687e+01 4.016782e+01 3.637158e+01 3.257087e+01 3.034937e+01 3.050932e+01 3.113266e+01 3.088725e+01 2.963014e+01 2.797883e+01 2.515607e+01 2.124834e+01 1.824284e+01 1.636357e+01 1.512077e+01 1.493110e+01 1.605507e+01 1.443778e+01 1.281187e+01 1.197998e+01 1.098477e+01 1.013118e+01 9.548070e+00 9.778215e+00 9.152871e+00 7.844592e+00 7.055652e+00 6.158680e+00 5.395226e+00
5.013301e+01 5.104785e+01 5.110835e+01 4.918313e+01 4.798036e+01 4.677905e+01 4.579403e+01 4.479804e+01 4.344036e+01 4.082446e+01 3.866073e+01 3.889622e+01 3.908703e+01 4.208720e+01 4.235091e+01 4.005275e+01 3.652216e+01 3.512131e+01 3.562386e+01 3.717642e+01 3.784547e+01 4.009510e+01 4.267392e+01 4.352144e+01 4.274372e+01 3.907895e+01 3.330942e+01 2.919842e+01 2.935156e+01 3.034600e+01 3.076311e+01 3.045875e+01 2.971445e+01 2.771748e+01 2.371773e+01 1.983159e+01 1.773978e+01 1.662864e+01 1.653003e+01 1.732867e+01 1.586740e+01 1.460019e+01 1.380261e+01 1.243443e+01 1.112820e+01 1.040666e+01 1.026967e+01 9.526229e+00 8.056092e+00 7.609053e+00 6.681420e+00 5.688982e+00
5.078376e+01 5.160164e+01 5.147902e+01 4.943716e+01 4.793162e+01 4.655264e+01 4.548105e+01 4.411573e+01 4.205626e+01 3.826408e+01 3.483384e+01 3.389039e+01 3.383489e+01 3.741788e+01 3.752771e+01 3.416568e+01 2.942111e+01 2.825590e+01 2.969175e+01 3.349437e+01 3.592975e+01 4.017932e+01 4.364191e+01 4.464625e+01 4.460303e+01 4.218517e+01 3.708825e+01 2.952768e+01 2.924614e+01 3.047678e+01 3.142203e+01 3.163401e+01 3.132514e+01 2.992651e+01 2.648891e+01 2.192896e+01 1.940754e+01 1.837059e+01 1.895830e+01 2.020968e+01 1.850968e+01 1.705636e+01 1.610324e+01 1.432779e+01 1.273167e+01 1.193357e+01 1.126957e+01 1.021464e+01 9.101747e+00 9.154573e+00 7.693685e+00 6.258291e+00
5.119031e+01 5.186562e+01 5.167674e+01 4.966025e+01 4.803449e+01 4.615681e+01 4.494854e+01 4.337999e+01 4.085662e+01 3.629887e+01 3.239395e+01 3.103136e+01 3.089092e+01 3.344285e+01 3.285836e+01 2.969673e+01 2.634236e+01 2.577855e+01 2.695897e+01 3.000307e+01 3.367672e+01 3.998206e+01 4.429896e+01 4.523456e+01 4.521863e+01 4.299876e+01 3.683095e+01 2.832044e+01 2.828746e+01 2.965365e+01 3.120350e+01 3.179021e+01 3.172547e+01 3.064927e+01 2.775615e+01 2.318879e+01 2.031885e+01 1.934792e+01 2.067250e+01 2.299532e+01 2.159892e+01 1.989900e+01 1.860985e+01 1.628781e+01 1.421661e+01 1.379192e+01 1.265580e+01 1.158962e+01 1.160683e+01 1.167735e+01 8.977648e+00 6.455918e+00
5.178828e+01 5.229099e+01 5.210305e+01 5.009720e+01 4.806731e+01 4.540700e+01 4.403471e+01 4.227795e+01 3.941565e+01 3.463628e+01 3.102371e+01 2.962734e+01 2.925324e+01 3.078823e+01 2.991018e+01 2.747657e+01 2.489405e+01 2.465619e+01 2.611884e+01 2.960754e+01 3.484266e+01 4.142030e+01 4.562894e+01 4.635332e+01 4.620444e+01 4.434098e+01 3.755517e+01 2.676431e+01 2.689945e+01 2.825585e+01 3.002708e+01 3.100273e+01 3.119152e+01 3.038483e+01 2.779656e+01 2.320015e+01 1.993741e+01 1.895729e+01 2.049777e+01 2.317842e+01 2.227441e+01 2.062244e+01 1.938406e+01 1.678502e+01 1.426206e+01 1.359316e+01 1.266218e+01 1.162845e+01 1.228009e+01 1.315822e+01 1.038516e+01 7.362295e+00
5.051632e+01 5.078284e+01 5.029839e+01 4.803468e+01 4.582807e+01 4.270647e+01 4.148336e+01 3.975812e+01 3.727773e+01 3.369317e+01 3.059535e+01 2.918372e+01 2.875861e+01 3.007145e+01 2.924661e+01 2.701437e+01 2.451800e+01 2.442153e+01 2.660482e+01 3.358581e+01 3.877914e+01 4.370178e+01 4.752188e+01 4.826698e+01 4.818646e+01 4.681234e+01 3.935570e+01 2.496492e+01 2.507789e+01 2.597860e+01 2.765777e+01 2.897344e+01 2.938975e+01 2.889159e+01 2.636905e+01 2.157204e+01 1.877946e+01 1.782041e+01 1.876243e+01 2.079649e+01 2.018840e+01 1.902399e+01 1.866728e+01 1.665918e+01 1.431787e+01 1.304688e+01 1.220710e+01 1.155216e+01 1.246840e+01 1.391367e+01 1.133946e+01 7.873526e+00
5.058447e+01 5.042373e+01 4.977373e+01 4.732750e+01 4.509062e+01 4.190277e+01 3.991306e+01 3.768213e+01 3.532140e+01 3.257372e+01 3.001341e+01 2.879460e+01 2.856933e+01 3.054024e+01 3.035432e+01 2.829515e+01 2.558501e+01 2.584709e+01 3.029586e+01 3.929695e+01 4.299369e+01 4.659197e+01 4.990206e+01 5.051921e+01 5.050973e+01 4.943672e+01 4.361529e+01 2.422132e+01 2.389861e+01 2.394205e+01 2.484630e+01 2.618490e+01 2.694725e+01 2.688791e+01 2.461288e+01 2.002299e+01 1.778992e+01 1.703408e+01 1.751526e+01 1.853538e+01 1.810171e+01 1.763804e+01 1.774164e+01 1.671174e+01 1.504591e+01 1.328173e+01 1.244818e+01 1.255590e+01 1.387035e+01 1.496006e+01 1.246525e+01 9.018949e+00
5.033033e+01 4.977641e+01 4.872962e+01 4.585127e+01 4.342796e+01 4.024713e+01 3.795160e+01 3.591734e+01 3.402102e+01 3.189051e+01 2.972192e+01 2.885199e+01 2.952166e+01 3.303742e+01 3.399862e+01 3.273490e+01 2.990646e+01 3.020429e+01 3.407460e+01 3.934474e+01 4.235771e+01 4.578880e+01 4.896566e+01 4.927159e+01 4.889659e+01 4.718672e+01 2.269293e+01 2.117517e+01 2.085849e+01 2.027030e+01 2.010033e+01 2.082146e+01 2.248478e+01 2.337979e+01 2.217911e+01 1.911279e+01 1.749978e+01 1.690042e+01 1.713148e+01 1.787114e+01 1.743785e+01 1.713269e+01 1.728934e+01 1.707673e+01 1.585280e+01 1.386025e+01 1.316266e+01 1.395527e+01 1.583828e+01 1.653542e+01 1.396314e+01 1.055627e+01
4.819476e+01 4.726702e+01 4.571289e+01 4.281084e+01 4.070475e+01 3.799319e+01 3.597250e+01 3.437063e+01 3.287284e+01 3.120321e+01 2.942623e+01 2.885341e+01 3.004398e+01 3.373049e+01 3.435957e+01 3.244449e+01 2.935678e+01 2.878738e+01 3.098738e+01 3.570653e+01 3.814131e+01 4.123638e+01 4.421774e+01 4.408706e+01 4.258037e+01 2.291150e+01 1.931544e+01 1.861502e+01 1.844319e+01 1.770558e+01 1.734757e+01 1.779840e+01 1.932897e+01 2.068565e+01 2.003444e+01 1.790772e+01 1.697551e+01 1.680917e+01 1.711718e+01 1.773352e+01 1.736473e+01 1.722934e+01 1.748998e+01 1.752163e+01 1.644759e+01 1.457449e+01 1.395664e+01 1.516691e+01 1.728633e+01 1.773549e+01 1.517090e+01 1.173961e+01
4.630913e+01 4.528262e+01 4.349854e+01 4.091815e+01 3.901378e+01 3.653806e+01 3.476994e+01 3.338428e+01 3.218473e+01 3.083591e+01 2.896780e+01 2.773481e+01 2.753655e+01 2.847218e+01 2.759889e+01 2.568693e+01 2.345062e+01 2.277689e+01 2.366201e+01 2.843957e+01 3.332389e+01 3.573409e+01 3.850104e+01 3.801247e+01 3.126772e+01 1.912501e+01 1.830772e+01 1.781336e+01 1.759869e+01 1.699354e+01 1.678022e+01 1.720800e+01 1.867349e+01 2.022089e+01 1.959067e+01 1.746271e+01 1.675933e+01 1.670778e+01 1.706891e+01 1.777632e+01 1.751783e+01 1.741023e+01 1.768490e+01 1.766410e+01 1.651999e+01 1.482323e+01 1.446573e+01 1.566060e+01 1.805855e+01 1.881467e+01 1.631763e+01 1.278565e+01
4.463938e+01 4.367366e+01 4.196738e+01 3.988011e+01 3.827301e+01 3.616750e+01 3.468274e+01 3.340511e+01 3.216940e+01 3.060178e+01 2.830826e+01 2.642227e+01 2.560478e+01 2.523702e+01 2.355537e+01 2.154707e+01 1.962315e+01 1.852692e+01 1.848628e+01 2.254728e+01 3.403290e+01 3.468606e+01 3.733468e+01 3.704889e+01 2.911804e+01 2.007021e+01 1.913152e+01 1.847962e+01 1.832732e+01 1.759801e+01 1.712667e+01 1.723023e+01 1.884869e+01 2.094798e+01 2.000863e+01 1.731076e+01 1.654861e+01 1.654272e+01 1.703355e+01 1.811303e+01 1.805197e+01 1.803126e+01 1.830181e+01 1.805110e+01 1.634029e+01 1.458229e+01 1.438624e+01 1.544159e+01 1.820715e+01 1.968539e+01 1.764510e+01 1.418546e+01
3.913951e+01 3.824878e+01 3.673594e+01 3.574465e+01 3.508490e+01 3.435162e+01 3.349797e+01 3.227576e+01 3.083230e+01 2.872644e+01 2.561320e+01 2.254355e+01 2.073115e+01 2.072834e+01 2.021789e+01 1.913786e+01 1.757893e+01 1.642672e+01 1.589736e+01 1.746247e+01 2.240939e+01 2.455201e+01 3.084644e+01 2.992358e+01 2.107469e+01 1.835469e+01 1.777726e+01 1.742587e+01 1.788689e+01 1.790225e+01 1.794581e+01 1.800096e+01 2.026328e+01 2.422293e+01 2.287670e+01 1.802091e+01 1.695305e+01 1.690739e+01 1.757671e+01 1.936165e+01 2.056260e+01 2.102354e+01 2.110683e+01 1.989341e+01 1.691893e+01 1.466737e+01 1.448592e+01 1.544147e+01 1.852693e+01 2.071451e+01 1.877467e+01 1.524243e+01
3.505708e+01 3.452899e+01 3.360218e+01 3.310087e+01 3.270582e+01 3.219800e+01 3.163098e+01 3.032270e+01 2.864486e+01 2.638117e+01 2.338616e+01 2.074920e+01 1.947399e+01 1.983259e+01 1.923912e+01 1.800287e+01 1.639106e+01 1.495391e+01 1.390144e+01 1.453445e+01 1.792717e+01 2.197498e+01 3.021617e+01 2.864641e+01 2.086040e+01 1.744691e+01 1.639506e+01 1.571841e+01 1.643752e+01 1.723717e+01 1.790898e+01 1.889568e+01 2.281656e+01 2.713086e+01 2.616207e+01 2.002351e+01 1.820267e+01 1.802234e+01 1.885538e+01 2.140455e+01 2.799487e+01 3.880028e+01 3.859668e+01 2.504435e+01 1.836408e+01 1.535346e+01 1.528271e+01 1.624548e+01 1.882881e+01 2.109760e+01 1.855805e+01 1.491975e+01
