Code/Output_20260204_161825/2.9_30_1000_moho_depth.grd
DSAA
181 201
-5400000.000000 5400000.000000
-6000000.000000 6000000.000000
-82227.448381 -14740.977785
[rows 132 to 153 of 201, columns 0 to 49 of 181]
-3.287627e+04 -3.343512e+04 -3.394726e+04 -3.406028e+04 -3.315685e+04 -3.162583e+04 -3.017737e+04 -2.931238e+04 -2.903076e+04 -2.927612e+04 -2.990854e+04 -3.065870e+04 -3.112113e+04 -3.103099e+04 -3.044875e+04 -2.979571e+04 -2.937155e+04 -2.924087e+04 -2.936592e+04 -2.976631e+04 -3.034807e+04 -3.078380e+04 -3.067509e+04 -3.001543e+04 -2.920347e+04 -2.861575e+04 -2.824169e+04 -2.781814e+04 -2.731021e+04 -2.694173e+04 -2.671694e+04 -2.641113e+04 -2.590289e+04 -2.531109e+04 -2.501505e+04 -2.533800e+04 -2.646092e+04 -2.822928e+04 -3.007283e+04 -3.106111e+04 -3.041993e+04 -2.856290e+04 -2.646641e+04 -2.519410e+04 -2.510827e+04 -2.580120e+04 -2.678281e+04 -2.765217e+04 -2.853159e+04 -2.960202e+04
-3.201624e+04 -3.271693e+04 -3.336893e+04 -3.366670e+04 -3.322768e+04 -3.205308e+04 -3.037310e+04 -2.893530e+04 -2.816322e+04 -2.820614e+04 -2.889764e+04 -2.973604e+04 -3.022607e+04 -3.016957e+04 -2.972433e+04 -2.922674e+04 -2.889772e+04 -2.883772e+04 -2.908258e+04 -2.960698e+04 -3.020599e+04 -3.051111e+04 -3.030178e+04 -2.976757e+04 -2.925449e+04 -2.889565e+04 -2.850465e+04 -2.786047e+04 -2.707605e+04 -2.656440e+04 -2.633656e+04 -2.609531e+04 -2.573034e+04 -2.540125e+04 -2.555436e+04 -2.642806e+04 -2.804461e+04 -2.993403e+04 -3.136622e+04 -3.161720e+04 -3.040875e+04 -2.824606e+04 -2.619073e+04 -2.513200e+04 -2.520587e+04 -2.604008e+04 -2.716158e+04 -2.833619e+04 -2.938166e+04 -3.038039e+04
-3.133237e+04 -3.216271e+04 -3.282705e+04 -3.332245e+04 -3.328041e+04 -3.246847e+04 -3.074926e+04 -2.882049e+04 -2.762669e+04 -2.746420e+04 -2.816137e+04 -2.900931e+04 -2.941045e+04 -2.922483e+04 -2.874471e+04 -2.825160e+04 -2.791243e+04 -2.785487e+04 -2.816810e+04 -2.878857e+04 -2.944026e+04 -2.976310e+04 -2.968673e+04 -2.953648e+04 -2.956944e+04 -2.966437e+04 -2.943249e+04 -2.866697e+04 -2.760747e+04 -2.680734e+04 -2.646603e+04 -2.634026e+04 -2.625723e+04 -2.631220e+04 -2.687327e+04 -2.810514e+04 -2.976306e+04 -3.134249e+04 -3.211605e+04 -3.159568e+04 -2.986906e+04 -2.765714e+04 -2.591082e+04 -2.523769e+04 -2.553733e+04 -2.641123e+04 -2.750799e+04 -2.862057e+04 -2.955875e+04 -3.026180e+04
-3.086346e+04 -3.180858e+04 -3.231851e+04 -3.297327e+04 -3.330200e+04 -3.286862e+04 -3.128344e+04 -2.923264e+04 -2.777266e+04 -2.750360e+04 -2.813714e+04 -2.883787e+04 -2.895671e+04 -2.842889e+04 -2.770946e+04 -2.707999e+04 -2.665187e+04 -2.653151e+04 -2.683012e+04 -2.749144e+04 -2.822223e+04 -2.870630e+04 -2.895491e+04 -2.933465e+04 -3.002414e+04 -3.072816e+04 -3.089134e+04 -3.023141e+04 -2.904029e+04 -2.796458e+04 -2.744308e+04 -2.742040e+04 -2.771904e+04 -2.816955e+04 -2.891244e+04 -3.000041e+04 -3.116097e+04 -3.204540e+04 -3.207656e+04 -3.096473e+04 -2.899633e+04 -2.695548e+04 -2.564237e+04 -2.536655e+04 -2.585467e+04 -2.667587e+04 -2.760821e+04 -2.851799e+04 -2.920638e+04 -2.968540e+04
-3.039458e+04 -3.145448e+04 -3.192547e+04 -3.277983e+04 -3.346077e+04 -3.337934e+04 -3.204159e+04 -3.007730e+04 -2.860041e+04 -2.825519e+04 -2.871797e+04 -2.909248e+04 -2.875732e+04 -2.777999e+04 -2.673159e+04 -2.593526e+04 -2.542779e+04 -2.523103e+04 -2.544057e+04 -2.605336e+04 -2.684316e+04 -2.753914e+04 -2.816607e+04 -2.903597e+04 -3.027926e+04 -3.156039e+04 -3.226542e+04 -3.201168e+04 -3.099715e+04 -2.987802e+04 -2.926152e+04 -2.929465e+04 -2.977178e+04 -3.039732e+04 -3.094892e+04 -3.144985e+04 -3.176891e+04 -3.178954e+04 -3.117822e+04 -2.977482e+04 -2.787562e+04 -2.616895e+04 -2.527699e+04 -2.530847e+04 -2.588649e+04 -2.659223e+04 -2.732392e+04 -2.809272e+04 -2.874325e+04 -2.920941e+04
-2.992564e+04 -3.110035e+04 -3.185762e+04 -3.292069e+04 -3.384977e+04 -3.404177e+04 -3.296827e+04 -3.120055e+04 -2.976720e+04 -2.926751e+04 -2.942149e+04 -2.939190e+04 -2.858746e+04 -2.720581e+04 -2.588471e+04 -2.496924e+04 -2.442977e+04 -2.417731e+04 -2.426167e+04 -2.474835e+04 -2.553689e+04 -2.641269e+04 -2.735233e+04 -2.854931e+04 -3.008788e+04 -3.170283e+04 -3.286645e+04 -3.317252e+04 -3.266711e+04 -3.184962e+04 -3.135636e+04 -3.141407e+04 -3.183393e+04 -3.222002e+04 -3.224436e+04 -3.188345e+04 -3.126970e+04 -3.053355e+04 -2.952350e+04 -2.813963e+04 -2.657367e+04 -2.532488e+04 -2.483585e+04 -2.510794e+04 -2.574032e+04 -2.636475e+04 -2.698751e+04 -2.774040e+04 -2.853871e+04 -2.920137e+04
-2.966145e+04 -3.094142e+04 -3.215838e+04 -3.335732e+04 -3.436123e+04 -3.468259e+04 -3.383437e+04 -3.227551e+04 -3.087458e+04 -3.014276e+04 -2.992089e+04 -2.952882e+04 -2.841010e+04 -2.678230e+04 -2.529484e+04 -2.428345e+04 -2.369754e+04 -2.338959e+04 -2.336416e+04 -2.372989e+04 -2.449805e+04 -2.552410e+04 -2.669179e+04 -2.806195e+04 -2.964569e+04 -3.127498e+04 -3.260064e+04 -3.330790e+04 -3.335864e+04 -3.302271e+04 -3.279383e+04 -3.284606e+04 -3.298942e+04 -3.282652e+04 -3.221187e+04 -3.109999e+04 -2.980846e+04 -2.865230e+04 -2.756765e+04 -2.646466e+04 -2.540486e+04 -2.469587e+04 -2.463172e+04 -2.516672e+04 -2.592226e+04 -2.657178e+04 -2.716713e+04 -2.790316e+04 -2.877512e+04 -2.956557e+04
-2.990528e+04 -3.124459e+04 -3.257805e+04 -3.381023e+04 -3.475117e+04 -3.510744e+04 -3.447415e+04 -3.311327e+04 -3.170777e+04 -3.075751e+04 -3.021026e+04 -2.954579e+04 -2.831749e+04 -2.664101e+04 -2.506403e+04 -2.394428e+04 -2.325437e+04 -2.286863e+04 -2.278333e+04 -2.311019e+04 -2.390585e+04 -2.506287e+04 -2.639334e+04 -2.782308e+04 -2.930467e+04 -3.073195e+04 -3.192657e+04 -3.270947e+04 -3.303758e+04 -3.303369e+04 -3.296944e+04 -3.290305e+04 -3.268687e+04 -3.198949e+04 -3.094766e+04 -2.948536e+04 -2.800947e+04 -2.685191e+04 -2.599005e+04 -2.530956e+04 -2.482482e+04 -2.462290e+04 -2.491430e+04 -2.570172e+04 -2.663948e+04 -2.738802e+04 -2.796712e+04 -2.857632e+04 -2.930574e+04 -3.003180e+04
-3.017840e+04 -3.152399e+04 -3.291938e+04 -3.408117e+04 -3.492187e+04 -3.529219e+04 -3.485229e+04 -3.367084e+04 -3.223139e+04 -3.105626e+04 -3.025821e+04 -2.949942e+04 -2.833681e+04 -2.677933e+04 -2.520560e+04 -2.399262e+04 -2.319887e+04 -2.275341e+04 -2.267101e+04 -2.303314e+04 -2.387259e+04 -2.508038e+04 -2.643902e+04 -2.778967e+04 -2.906406e+04 -3.018922e+04 -3.108430e+04 -3.167406e+04 -3.194348e+04 -3.197256e+04 -3.187150e+04 -3.158863e+04 -3.108109e+04 -3.023787e+04 -2.907050e+04 -2.771441e+04 -2.651667e+04 -2.569950e+04 -2.521945e+04 -2.494063e+04 -2.491706e+04 -2.506375e+04 -2.555523e+04 -2.648533e+04 -2.755742e+04 -2.840360e+04 -2.893929e+04 -2.934571e+04 -2.980765e+04 -3.035256e+04
-3.014452e+04 -3.151247e+04 -3.301765e+04 -3.415927e+04 -3.494761e+04 -3.533260e+04 -3.501533e+04 -3.396832e+04 -3.255879e+04 -3.126842e+04 -3.028823e+04 -2.944727e+04 -2.843147e+04 -2.710609e+04 -2.565818e+04 -2.444937e+04 -2.362277e+04 -2.318377e+04 -2.314828e+04 -2.355020e+04 -2.436288e+04 -2.546126e+04 -2.664650e+04 -2.774965e+04 -2.871790e+04 -2.952214e+04 -3.009658e+04 -3.039368e+04 -3.041298e+04 -3.024397e+04 -2.996706e+04 -2.956877e+04 -2.901884e+04 -2.824564e+04 -2.728853e+04 -2.641034e+04 -2.574606e+04 -2.538338e+04 -2.524105e+04 -2.525085e+04 -2.535823e+04 -2.565485e+04 -2.626419e+04 -2.719655e+04 -2.826133e+04 -2.912798e+04 -2.963837e+04 -2.989768e+04 -3.011539e+04 -3.041354e+04
-2.987556e+04 -3.129484e+04 -3.284260e+04 -3.401895e+04 -3.486363e+04 -3.530162e+04 -3.506559e+04 -3.410249e+04 -3.270323e+04 -3.133310e+04 -3.027734e+04 -2.945408e+04 -2.859629e+04 -2.753519e+04 -2.633249e+04 -2.527432e+04 -2.453074e+04 -2.415584e+04 -2.416190e+04 -2.453982e+04 -2.520487e+04 -2.601550e+04 -2.682738e+04 -2.753822e+04 -2.814747e+04 -2.865044e+04 -2.897947e+04 -2.903496e+04 -2.879797e+04 -2.837922e+04 -2.792182e+04 -2.746523e+04 -2.709177e+04 -2.671132e+04 -2.621611e+04 -2.590963e+04 -2.577576e+04 -2.574423e+04 -2.580508e+04 -2.591970e+04 -2.608644e+04 -2.638203e+04 -2.691180e+04 -2.769217e+04 -2.859644e+04 -2.936512e+04 -2.978299e+04 -2.989432e+04 -2.994840e+04 -3.019130e+04
-2.935779e+04 -3.086733e+04 -3.239189e+04 -3.372739e+04 -3.467463e+04 -3.516088e+04 -3.497290e+04 -3.411133e+04 -3.282808e+04 -3.151815e+04 -3.045807e+04 -2.964090e+04 -2.887180e+04 -2.801635e+04 -2.710482e+04 -2.630656e+04 -2.573948e+04 -2.545199e+04 -2.545460e+04 -2.572234e+04 -2.614688e+04 -2.657604e+04 -2.691330e+04 -2.716951e+04 -2.742658e+04 -2.769927e+04 -2.787785e+04 -2.781075e+04 -2.744027e+04 -2.687486e+04 -2.632641e+04 -2.593875e+04 -2.575738e+04 -2.581029e+04 -2.596944e+04 -2.615256e+04 -2.637673e+04 -2.652453e+04 -2.661341e+04 -2.669974e+04 -2.683706e+04 -2.707485e+04 -2.747685e+04 -2.804194e+04 -2.868307e+04 -2.924398e+04 -2.953393e+04 -2.956758e+04 -2.957648e+04 -2.983110e+04
-2.850566e+04 -3.009721e+04 -3.170725e+04 -3.315857e+04 -3.418755e+04 -3.470198e+04 -3.459139e+04 -3.393392e+04 -3.295282e+04 -3.189441e+04 -3.093401e+04 -3.009247e+04 -2.930045e+04 -2.852046e+04 -2.781081e+04 -2.725165e+04 -2.687178e+04 -2.666726e+04 -2.663731e+04 -2.675798e+04 -2.693736e+04 -2.704231e+04 -2.699037e+04 -2.687764e+04 -2.685810e+04 -2.697242e+04 -2.708433e+04 -2.699012e+04 -2.659743e+04 -2.601556e+04 -2.549809e+04 -2.523991e+04 -2.530837e+04 -2.564699e+04 -2.615190e+04 -2.667199e+04 -2.707691e+04 -2.728009e+04 -2.734823e+04 -2.740413e+04 -2.753538e+04 -2.775972e+04 -2.805767e+04 -2.840594e+04 -2.877288e+04 -2.907220e+04 -2.920235e+04 -2.919107e+04 -2.921478e+04 -2.949151e+04
-2.781797e+04 -2.930901e+04 -3.079850e+04 -3.222375e+04 -3.321601e+04 -3.375095e+04 -3.379711e+04 -3.345887e+04 -3.291744e+04 -3.225612e+04 -3.151208e+04 -3.069003e+04 -2.982325e+04 -2.900244e+04 -2.834219e+04 -2.788597e+04 -2.760853e+04 -2.745607e+04 -2.740676e+04 -2.743515e+04 -2.745978e+04 -2.736823e+04 -2.712917e+04 -2.684577e+04 -2.669576e+04 -2.672869e+04 -2.680259e+04 -2.670501e+04 -2.633760e+04 -2.580449e+04 -2.535795e+04 -2.519524e+04 -2.537956e+04 -2.578700e+04 -2.636767e+04 -2.696594e+04 -2.742970e+04 -2.767858e+04 -2.779028e+04 -2.789601e+04 -2.807867e+04 -2.832432e+04 -2.856542e+04 -2.875213e+04 -2.888401e+04 -2.896679e+04 -2.897392e+04 -2.894351e+04 -2.900843e+04 -2.929500e+04
-2.722587e+04 -2.858116e+04 -2.989854e+04 -3.116616e+04 -3.203348e+04 -3.259624e+04 -3.286406e+04 -3.289650e+04 -3.273310e+04 -3.240120e+04 -3.186348e+04 -3.112704e+04 -3.027089e+04 -2.943784e+04 -2.878563e+04 -2.834761e+04 -2.808270e+04 -2.793868e+04 -2.787959e+04 -2.785991e+04 -2.779201e+04 -2.758329e+04 -2.723822e+04 -2.690072e+04 -2.673268e+04 -2.675867e+04 -2.682687e+04 -2.673299e+04 -2.639528e+04 -2.592088e+04 -2.554718e+04 -2.543462e+04 -2.560866e+04 -2.597150e+04 -2.648489e+04 -2.703619e+04 -2.749932e+04 -2.780959e+04 -2.801377e+04 -2.820562e+04 -2.843319e+04 -2.866494e+04 -2.883416e+04 -2.888703e+04 -2.885885e+04 -2.881355e+04 -2.879042e+04 -2.880481e+04 -2.892954e+04 -2.923071e+04
-2.698487e+04 -2.809789e+04 -2.925195e+04 -3.018177e+04 -3.093127e+04 -3.156360e+04 -3.205161e+04 -3.237045e+04 -3.247848e+04 -3.233747e+04 -3.193905e+04 -3.134059e+04 -3.061060e+04 -2.985667e+04 -2.920117e+04 -2.872567e+04 -2.842840e+04 -2.827476e+04 -2.821678e+04 -2.817401e+04 -2.803455e+04 -2.772802e+04 -2.731741e+04 -2.696775e+04 -2.682264e+04 -2.687774e+04 -2.697021e+04 -2.690349e+04 -2.661581e+04 -2.621029e+04 -2.590074e+04 -2.581117e+04 -2.594678e+04 -2.624811e+04 -2.663723e+04 -2.706940e+04 -2.748802e+04 -2.784474e+04 -2.813528e+04 -2.839319e+04 -2.861606e+04 -2.878578e+04 -2.887346e+04 -2.883200e+04 -2.873638e+04 -2.867405e+04 -2.868924e+04 -2.880140e+04 -2.898195e+04 -2.926741e+04
-2.708484e+04 -2.790308e+04 -2.871528e+04 -2.945078e+04 -3.017540e+04 -3.092589e+04 -3.157734e+04 -3.201001e+04 -3.216962e+04 -3.208303e+04 -3.181372e+04 -3.140704e+04 -3.089025e+04 -3.028550e+04 -2.963876e+04 -2.908851e+04 -2.872256e+04 -2.855558e+04 -2.851505e+04 -2.846356e+04 -2.825876e+04 -2.784695e+04 -2.735448e+04 -2.698531e+04 -2.687129e+04 -2.697469e+04 -2.711331e+04 -2.709801e+04 -2.688101e+04 -2.656116e+04 -2.632454e+04 -2.626637e+04 -2.637609e+04 -2.659535e+04 -2.688338e+04 -2.722897e+04 -2.757942e+04 -2.791992e+04 -2.822281e+04 -2.847828e+04 -2.867199e+04 -2.877504e+04 -2.877032e+04 -2.869132e+04 -2.862372e+04 -2.863990e+04 -2.876004e+04 -2.892846e+04 -2.913699e+04 -2.938075e+04
-2.731308e+04 -2.792583e+04 -2.853160e+04 -2.917016e+04 -2.996251e+04 -3.084363e+04 -3.157245e+04 -3.196038e+04 -3.199365e+04 -3.182527e+04 -3.162800e+04 -3.144212e+04 -3.117063e+04 -3.069769e+04 -3.004211e+04 -2.938857e+04 -2.892845e+04 -2.874654e+04 -2.875109e+04 -2.873092e+04 -2.849499e+04 -2.800413e+04 -2.742370e+04 -2.700336e+04 -2.687961e+04 -2.700230e+04 -2.718304e+04 -2.723653e+04 -2.710515e+04 -2.687676e+04 -2.672400e+04 -2.672707e+04 -2.687506e+04 -2.710847e+04 -2.737472e+04 -2.764757e+04 -2.790063e+04 -2.813298e+04 -2.833235e+04 -2.849409e+04 -2.860398e+04 -2.865658e+04 -2.864323e+04 -2.861918e+04 -2.865814e+04 -2.880455e+04 -2.902708e+04 -2.923463e+04 -2.939300e+04 -2.953701e+04
-2.753818e+04 -2.805263e+04 -2.857177e+04 -2.919113e+04 -3.006346e+04 -3.103799e+04 -3.177527e+04 -3.207223e+04 -3.197666e+04 -3.173149e+04 -3.157799e+04 -3.152811e+04 -3.138547e+04 -3.094088e+04 -3.019664e+04 -2.941389e+04 -2.886050e+04 -2.867610e+04 -2.875916e+04 -2.884236e+04 -2.868239e+04 -2.821513e+04 -2.762543e+04 -2.717791e+04 -2.700810e+04 -2.708052e+04 -2.723048e+04 -2.730191e+04 -2.723591e+04 -2.708959e+04 -2.699946e+04 -2.705374e+04 -2.726730e+04 -2.758177e+04 -2.791365e+04 -2.818299e+04 -2.834835e+04 -2.841644e+04 -2.844243e+04 -2.844642e+04 -2.844503e+04 -2.847726e+04 -2.851231e+04 -2.860195e+04 -2.879000e+04 -2.906657e+04 -2.935749e+04 -2.955517e+04 -2.960454e+04 -2.960249e+04
-2.774617e+04 -2.820215e+04 -2.866507e+04 -2.927985e+04 -3.017788e+04 -3.114937e+04 -3.183749e+04 -3.205033e+04 -3.190469e+04 -3.168518e+04 -3.160508e+04 -3.162169e+04 -3.147663e+04 -3.094244e+04 -3.006128e+04 -2.915720e+04 -2.856291e+04 -2.841555e+04 -2.859183e+04 -2.879811e+04 -2.877032e+04 -2.842133e+04 -2.789970e+04 -2.746016e+04 -2.724216e+04 -2.723253e+04 -2.730523e+04 -2.735389e+04 -2.732532e+04 -2.723714e+04 -2.718539e+04 -2.726266e+04 -2.751649e+04 -2.790152e+04 -2.831088e+04 -2.861564e+04 -2.874779e+04 -2.866264e+04 -2.850887e+04 -2.835529e+04 -2.826855e+04 -2.826830e+04 -2.835986e+04 -2.855337e+04 -2.885671e+04 -2.922628e+04 -2.955008e+04 -2.971133e+04 -2.965054e+04 -2.952842e+04
-2.793580e+04 -2.835543e+04 -2.877746e+04 -2.936908e+04 -3.021654e+04 -3.109014e+04 -3.169398e+04 -3.187951e+04 -3.178386e+04 -3.165500e+04 -3.163312e+04 -3.162433e+04 -3.137350e+04 -3.069383e+04 -2.969494e+04 -2.874161e+04 -2.816809e+04 -2.808765e+04 -2.834843e+04 -2.865403e+04 -2.875980e+04 -2.857517e+04 -2.818991e+04 -2.780014e+04 -2.752790e+04 -2.740604e+04 -2.739481e+04 -2.742173e+04 -2.742965e+04 -2.738672e+04 -2.733978e+04 -2.738407e+04 -2.760291e+04 -2.800400e+04 -2.848785e+04 -2.888510e+04 -2.904884e+04 -2.891018e+04 -2.860694e+04 -2.831210e+04 -2.814114e+04 -2.812688e+04 -2.825254e+04 -2.849948e+04 -2.885291e+04 -2.925589e+04 -2.958405e+04 -2.972073e+04 -2.963839e+04 -2.946191e+04
-2.810263e+04 -2.850492e+04 -2.890760e+04 -2.943512e+04 -3.014264e+04 -3.086210e+04 -3.136414e+04 -3.155931e+04 -3.157285e+04 -3.156069e+04 -3.155737e+04 -3.143725e+04 -3.101633e+04 -3.022227e+04 -2.920633e+04 -2.832754e+04 -2.785604e+04 -2.784158e+04 -2.811978e+04 -2.844841e+04 -2.863747e+04 -2.859906e+04 -2.837793e+04 -2.809082e+04 -2.781738e+04 -2.762442e+04 -2.755181e+04 -2.758773e+04 -2.766056e+04 -2.767322e+04 -2.760858e+04 -2.755354e+04 -2.765052e+04 -2.799778e+04 -2.849664e+04 -2.896874e+04 -2.921023e+04 -2.911010e+04 -2.879003e+04 -2.844568e+04 -2.822783e+04 -2.818795e+04 -2.830407e+04 -2.853806e+04 -2.886392e+04 -2.923243e+04 -2.953776e+04 -2.967961e+04 -2.963306e+04 -2.949351e+04
