Code/Output_20260204_161825/2.9_30_1000_Te_map_shift_100km.grd
DSAA
165 185
-4920000.000000 4920000.000000
-5520000.000000 5520000.000000
1.000000 199.999997
[rows 46 to 68 of 185, columns 52 to 103 of 165]
1.840381e+01 1.989322e+01 2.180195e+01 2.026144e+01 1.887939e+01 1.857532e+01 1.717885e+01 1.627983e+01 1.282958e+01 1.382010e+01 1.692748e+01 2.167302e+01 2.198073e+01 1.942892e+01 1.740402e+01 1.643342e+01 1.595519e+01 1.648826e+01 1.706114e+01 1.689080e+01 1.612780e+01 1.457019e+01 1.322861e+01 1.432719e+01 1.406155e+01 1.451807e+01 1.591301e+01 1.492710e+01 1.668071e+01 1.786127e+01 1.739242e+01 1.757135e+01 1.723265e+01 1.685186e+01 1.624200e+01 1.546905e+01 1.470321e+01 1.390728e+01 1.353092e+01 1.492175e+01 1.637415e+01 1.699345e+01 1.670842e+01 1.586630e+01 1.406990e+01 1.268891e+01 1.229883e+01 1.287695e+01 1.331115e+01 1.423664e+01 1.531581e+01 1.544699e+01
1.806732e+01 1.950768e+01 2.085391e+01 1.928767e+01 1.800398e+01 1.789958e+01 1.689855e+01 1.631778e+01 1.267373e+01 1.396472e+01 1.829706e+01 2.305535e+01 2.247256e+01 1.954447e+01 1.771996e+01 1.646333e+01 1.583776e+01 1.625668e+01 1.710903e+01 1.721587e+01 1.620228e+01 1.417498e+01 1.347788e+01 1.502037e+01 1.483244e+01 1.530941e+01 1.642361e+01 1.586969e+01 1.916926e+01 2.232951e+01 2.238724e+01 2.262289e+01 2.137767e+01 2.052196e+01 1.953242e+01 1.860720e+01 1.798108e+01 1.735824e+01 1.663338e+01 1.626198e+01 1.665006e+01 1.704945e+01 1.666844e+01 1.561871e+01 1.338874e+01 1.101962e+01 9.449842e+00 9.026851e+00 9.433119e+00 1.066649e+01 1.199069e+01 1.232530e+01
1.830674e+01 1.914906e+01 1.977877e+01 1.845251e+01 1.729600e+01 1.732150e+01 1.679075e+01 1.622481e+01 1.313934e+01 1.429847e+01 1.877186e+01 2.332148e+01 2.210425e+01 1.841238e+01 1.628955e+01 1.472589e+01 1.412055e+01 1.458998e+01 1.566315e+01 1.563340e+01 1.412044e+01 1.227985e+01 1.252323e+01 1.458835e+01 1.406139e+01 1.425863e+01 1.552194e+01 1.676880e+01 2.442067e+01 2.849493e+01 2.889774e+01 2.857963e+01 2.674545e+01 2.521367e+01 2.348693e+01 2.190434e+01 2.080784e+01 1.994798e+01 1.905783e+01 1.804107e+01 1.744467e+01 1.735657e+01 1.694559e+01 1.588745e+01 1.338400e+01 9.072555e+00 6.027495e+00 5.400714e+00 5.688359e+00 6.461577e+00 7.919727e+00 9.218337e+00
1.760416e+01 1.843754e+01 1.841268e+01 1.733964e+01 1.677114e+01 1.696092e+01 1.625129e+01 1.535296e+01 1.237745e+01 1.329862e+01 1.600837e+01 2.001943e+01 1.880294e+01 1.510638e+01 1.315560e+01 1.169660e+01 1.137158e+01 1.130347e+01 1.151675e+01 1.187056e+01 1.341680e+01 1.405786e+01 1.406390e+01 1.493673e+01 1.323826e+01 1.276301e+01 1.442212e+01 2.366559e+01 2.986184e+01 3.251922e+01 3.331936e+01 3.346966e+01 3.292749e+01 3.273866e+01 3.254731e+01 3.176329e+01 3.024555e+01 2.796947e+01 2.524211e+01 2.227748e+01 2.017072e+01 1.917816e+01 1.841441e+01 1.714449e+01 1.483392e+01 9.048865e+00 4.468359e+00 3.785435e+00 3.837106e+00 3.954720e+00 4.431016e+00 5.669342e+00
1.681108e+01 1.764791e+01 1.740382e+01 1.694260e+01 1.664053e+01 1.690049e+01 1.600014e+01 1.462818e+01 1.227874e+01 1.312273e+01 1.510828e+01 1.804501e+01 2.623026e+01 1.535156e+01 1.261002e+01 1.104737e+01 1.085463e+01 1.102803e+01 1.133613e+01 1.384099e+01 1.763391e+01 1.851998e+01 1.802552e+01 1.790073e+01 1.590203e+01 1.611270e+01 2.467565e+01 3.148444e+01 3.397011e+01 3.616988e+01 3.716642e+01 3.747636e+01 3.789743e+01 3.863464e+01 3.933270e+01 3.951812e+01 3.932744e+01 3.907568e+01 3.933051e+01 3.828446e+01 3.593391e+01 3.161258e+01 2.439189e+01 1.982983e+01 1.666651e+01 1.280943e+01 6.549223e+00 4.096332e+00 4.088778e+00 4.324038e+00 4.982416e+00 1.089417e+01
1.662679e+01 1.764862e+01 1.752650e+01 1.705157e+01 1.642235e+01 1.692303e+01 1.611108e+01 1.500415e+01 1.288022e+01 1.347724e+01 1.517917e+01 2.217120e+01 3.089028e+01 2.324512e+01 1.518639e+01 1.372909e+01 1.377697e+01 1.344252e+01 1.363701e+01 1.602277e+01 1.920318e+01 2.031043e+01 2.016773e+01 2.049417e+01 1.958608e+01 2.324837e+01 3.045755e+01 3.302793e+01 3.514530e+01 3.734320e+01 3.854682e+01 3.924157e+01 4.051008e+01 4.191340e+01 4.308433e+01 4.364989e+01 4.380222e+01 4.387195e+01 4.443018e+01 4.370246e+01 4.203771e+01 3.937952e+01 3.639568e+01 3.265143e+01 2.694614e+01 1.673436e+01 1.316813e+01 1.184831e+01 1.161747e+01 1.360985e+01 1.513504e+01 1.604123e+01
1.719785e+01 1.825472e+01 1.821435e+01 1.786779e+01 1.755488e+01 1.861886e+01 1.763047e+01 1.605067e+01 1.369669e+01 1.392016e+01 1.574854e+01 2.449220e+01 3.271061e+01 2.879842e+01 1.735692e+01 1.551212e+01 1.543673e+01 1.365912e+01 1.320341e+01 1.536426e+01 1.862516e+01 2.007773e+01 2.037626e+01 2.115588e+01 2.180494e+01 2.731805e+01 3.196039e+01 3.393040e+01 3.561256e+01 3.767025e+01 3.890783e+01 3.987103e+01 4.176796e+01 4.368301e+01 4.523260e+01 4.612229e+01 4.656642e+01 4.694764e+01 4.787531e+01 4.730859e+01 4.579456e+01 4.347388e+01 4.109521e+01 3.871831e+01 3.645708e+01 3.475264e+01 3.330787e+01 3.254115e+01 3.183282e+01 3.100249e+01 3.043406e+01 2.914411e+01
1.883240e+01 1.916998e+01 1.876601e+01 1.858274e+01 1.941043e+01 2.156957e+01 2.016581e+01 1.703333e+01 1.392369e+01 1.390302e+01 1.588052e+01 2.457387e+01 3.412284e+01 3.237490e+01 2.043480e+01 1.552521e+01 1.426434e+01 1.085009e+01 1.038717e+01 1.309390e+01 1.715593e+01 1.903798e+01 1.993635e+01 2.134214e+01 2.416503e+01 3.073046e+01 3.399883e+01 3.512717e+01 3.606593e+01 3.761572e+01 3.862360e+01 3.958783e+01 4.200847e+01 4.445564e+01 4.639480e+01 4.756412e+01 4.825601e+01 4.894409e+01 5.029000e+01 4.978048e+01 4.824124e+01 4.598961e+01 4.385501e+01 4.209305e+01 4.071665e+01 3.969512e+01 3.897779e+01 3.832830e+01 3.770430e+01 3.716870e+01 3.699778e+01 3.618008e+01
2.127561e+01 2.096564e+01 2.012295e+01 2.079204e+01 2.325355e+01 2.731907e+01 2.497663e+01 1.909188e+01 1.466111e+01 1.438704e+01 1.677528e+01 3.461300e+01 3.680934e+01 3.570265e+01 3.010570e+01 1.223507e+01 1.075130e+01 8.692397e+00 8.399100e+00 9.803749e+00 1.252470e+01 1.524416e+01 1.789402e+01 2.033957e+01 2.478867e+01 3.241096e+01 3.503244e+01 3.555571e+01 3.563663e+01 3.643009e+01 3.706560e+01 3.791509e+01 4.081141e+01 4.392428e+01 4.634392e+01 4.781574e+01 4.875629e+01 4.972855e+01 5.149712e+01 5.094199e+01 4.925189e+01 4.696552e+01 4.499962e+01 4.379539e+01 4.318376e+01 4.262364e+01 4.236692e+01 4.169358e+01 4.102665e+01 4.061967e+01 4.042435e+01 3.972064e+01
2.243738e+01 2.190685e+01 2.129989e+01 2.409820e+01 5.335071e+01 5.654142e+01 5.456924e+01 4.859399e+01 1.593826e+01 1.580180e+01 3.842370e+01 4.128261e+01 4.137832e+01 4.036336e+01 3.664147e+01 1.120869e+01 9.587557e+00 7.815273e+00 7.679541e+00 8.817616e+00 1.020799e+01 1.054184e+01 1.433408e+01 1.850556e+01 2.126945e+01 3.349746e+01 3.568306e+01 3.551979e+01 3.449379e+01 3.410123e+01 3.404103e+01 3.441337e+01 3.751559e+01 4.135396e+01 4.446426e+01 4.626296e+01 4.741971e+01 4.875344e+01 5.095393e+01 5.029897e+01 4.841044e+01 4.602514e+01 4.421463e+01 4.355988e+01 4.376307e+01 4.364778e+01 4.379159e+01 4.316019e+01 4.247138e+01 4.235094e+01 4.244236e+01 4.189045e+01
2.211370e+01 2.147090e+01 2.102737e+01 5.258954e+01 6.174105e+01 6.339737e+01 6.143687e+01 5.570338e+01 4.967969e+01 4.552792e+01 4.508966e+01 4.544177e+01 4.517863e+01 4.436068e+01 4.123494e+01 1.079482e+01 9.116717e+00 7.293409e+00 7.210144e+00 8.467400e+00 9.873094e+00 1.059835e+01 1.409193e+01 1.804980e+01 2.995642e+01 3.499328e+01 3.667346e+01 3.586071e+01 3.342405e+01 3.142680e+01 3.057229e+01 3.028999e+01 3.237823e+01 3.557700e+01 3.847100e+01 4.012700e+01 4.140976e+01 4.348510e+01 4.664255e+01 4.624455e+01 4.440468e+01 4.200013e+01 4.026159e+01 3.992695e+01 4.089623e+01 4.124400e+01 4.188105e+01 4.146878e+01 4.101485e+01 4.138679e+01 4.205465e+01 4.221116e+01
2.102176e+01 2.018526e+01 1.949495e+01 5.950447e+01 6.634511e+01 6.786959e+01 6.595212e+01 6.024091e+01 5.454385e+01 5.021255e+01 4.855054e+01 4.844550e+01 4.835085e+01 4.762715e+01 4.471210e+01 3.732997e+01 8.415210e+00 6.821978e+00 6.797080e+00 8.289004e+00 1.006935e+01 1.305840e+01 1.708437e+01 2.061387e+01 3.330535e+01 3.644417e+01 3.778310e+01 3.667065e+01 3.308650e+01 2.910539e+01 2.770848e+01 2.695876e+01 2.795858e+01 2.974288e+01 3.087409e+01 3.073953e+01 3.012016e+01 2.995410e+01 3.252808e+01 3.507828e+01 3.491301e+01 3.328510e+01 3.205487e+01 3.207359e+01 3.344245e+01 3.456522e+01 3.583092e+01 3.598368e+01 3.635203e+01 3.735463e+01 3.864251e+01 3.990007e+01
1.999341e+01 1.912436e+01 5.077338e+01 6.507339e+01 6.931384e+01 7.047109e+01 6.891873e+01 6.352428e+01 5.834285e+01 5.429871e+01 5.225081e+01 5.215830e+01 5.237851e+01 5.155540e+01 4.859842e+01 4.197084e+01 7.368882e+00 6.487926e+00 6.736889e+00 8.117716e+00 1.048777e+01 1.694008e+01 2.002337e+01 2.742460e+01 3.459423e+01 3.703434e+01 3.828448e+01 3.727785e+01 3.348024e+01 2.806528e+01 2.627386e+01 2.491903e+01 2.521784e+01 2.634529e+01 2.648856e+01 2.540939e+01 2.375150e+01 2.161318e+01 1.976944e+01 2.001909e+01 2.208321e+01 2.381437e+01 2.424634e+01 2.418721e+01 2.444606e+01 2.630971e+01 2.896467e+01 3.022425e+01 3.148882e+01 3.285313e+01 3.435868e+01 3.560876e+01
1.950847e+01 4.448839e+01 6.046868e+01 6.810936e+01 7.023858e+01 7.116478e+01 7.033250e+01 6.579931e+01 6.160201e+01 5.806978e+01 5.586634e+01 5.571926e+01 5.611445e+01 5.501279e+01 5.174789e+01 4.470607e+01 7.583503e+00 6.861228e+00 7.151751e+00 8.659719e+00 1.336234e+01 1.834923e+01 2.192742e+01 3.001903e+01 3.500499e+01 3.715965e+01 3.851277e+01 3.799348e+01 3.518109e+01 2.957947e+01 2.704713e+01 2.499303e+01 2.447534e+01 2.474425e+01 2.395359e+01 2.203424e+01 1.958665e+01 1.683106e+01 1.420811e+01 1.400140e+01 1.555842e+01 1.779512e+01 1.892171e+01 1.879545e+01 1.805218e+01 1.812873e+01 2.080689e+01 2.446649e+01 2.690804e+01 2.869889e+01 3.053690e+01 3.166892e+01
2.067589e+01 5.494005e+01 6.355590e+01 6.762584e+01 6.791707e+01 6.822234e+01 6.795181e+01 6.482714e+01 6.227436e+01 6.013099e+01 5.848372e+01 5.851041e+01 5.901132e+01 5.785374e+01 5.438497e+01 4.715074e+01 7.760168e+00 6.928944e+00 7.315440e+00 9.615744e+00 1.418409e+01 1.834934e+01 2.309886e+01 3.194904e+01 3.543288e+01 3.738798e+01 3.890265e+01 3.896791e+01 3.726806e+01 3.206534e+01 2.883913e+01 2.602402e+01 2.470613e+01 2.404700e+01 2.248822e+01 2.005128e+01 1.743309e+01 1.411887e+01 1.006446e+01 9.229081e+00 1.110854e+01 1.326693e+01 1.448122e+01 1.465371e+01 1.375358e+01 1.323268e+01 1.360003e+01 1.666482e+01 2.147639e+01 2.434315e+01 2.665410e+01 2.767191e+01
4.667431e+01 5.716446e+01 6.260430e+01 6.430075e+01 6.337832e+01 6.325784e+01 6.336430e+01 6.167798e+01 6.100756e+01 6.054134e+01 5.984363e+01 6.021013e+01 6.095626e+01 5.996034e+01 5.642667e+01 4.915644e+01 6.928978e+00 6.256723e+00 7.096836e+00 9.729909e+00 1.296513e+01 1.687430e+01 2.291081e+01 3.266777e+01 3.556274e+01 3.754803e+01 3.928908e+01 3.991968e+01 3.935664e+01 3.527780e+01 3.181070e+01 2.757805e+01 2.513666e+01 2.350634e+01 2.116626e+01 1.831052e+01 1.545014e+01 1.141378e+01 7.058026e+00 5.129492e+00 6.471622e+00 8.326447e+00 9.071775e+00 9.575877e+00 9.017136e+00 8.569989e+00 9.101670e+00 1.042011e+01 1.320379e+01 1.766455e+01 2.184808e+01 2.316429e+01
4.930914e+01 5.534227e+01 5.859124e+01 5.889230e+01 5.724769e+01 5.686301e+01 5.714867e+01 5.665793e+01 5.777748e+01 5.894783e+01 5.939755e+01 6.045954e+01 6.158273e+01 6.087086e+01 5.739016e+01 4.974854e+01 6.020914e+00 5.981567e+00 7.097401e+00 9.352158e+00 1.134452e+01 1.389805e+01 2.109794e+01 3.189967e+01 3.507398e+01 3.739583e+01 3.942013e+01 4.066144e+01 4.135586e+01 3.912833e+01 3.700330e+01 3.158109e+01 2.690813e+01 2.393288e+01 2.060698e+01 1.740907e+01 1.425242e+01 9.416660e+00 5.350860e+00 3.757453e+00 4.004424e+00 4.623938e+00 4.438655e+00 4.888282e+00 4.959312e+00 4.825892e+00 6.395475e+00 6.532618e+00 5.953785e+00 7.037500e+00 8.110698e+00 1.714525e+01
4.748546e+01 5.152671e+01 5.394893e+01 5.330604e+01 5.079721e+01 4.976873e+01 5.016410e+01 5.099502e+01 5.362316e+01 5.606455e+01 5.767673e+01 5.942379e+01 6.070862e+01 6.005841e+01 5.649672e+01 4.854202e+01 5.847612e+00 5.915758e+00 6.963274e+00 8.832356e+00 1.033445e+01 1.169637e+01 1.898076e+01 2.787052e+01 3.328476e+01 3.668023e+01 3.925346e+01 4.110846e+01 4.259538e+01 4.149032e+01 4.053438e+01 3.573953e+01 2.948920e+01 2.492314e+01 2.038180e+01 1.728787e+01 1.460279e+01 9.569700e+00 4.823368e+00 3.215433e+00 3.035949e+00 3.640205e+00 3.491691e+00 3.902605e+00 4.055501e+00 4.390698e+00 6.161440e+00 5.601971e+00 4.847584e+00 5.440336e+00 5.606906e+00 8.706529e+00
4.565737e+01 4.837651e+01 5.014264e+01 4.862199e+01 4.499099e+01 4.285651e+01 4.348914e+01 4.622717e+01 4.992627e+01 5.333152e+01 5.584800e+01 5.783512e+01 5.868128e+01 5.765598e+01 5.390994e+01 4.542569e+01 5.815310e+00 5.913337e+00 7.007923e+00 9.137629e+00 1.112604e+01 1.320682e+01 1.827582e+01 2.125049e+01 2.992439e+01 3.629611e+01 3.968841e+01 4.212830e+01 4.395408e+01 4.265735e+01 4.157812e+01 3.707852e+01 3.133561e+01 2.557410e+01 1.939675e+01 1.683024e+01 1.471129e+01 1.014280e+01 4.823301e+00 3.220513e+00 3.077115e+00 3.663606e+00 3.396035e+00 3.837398e+00 4.065178e+00 4.709398e+00 7.147105e+00 5.881209e+00 4.434272e+00 4.850287e+00 5.059856e+00 1.550860e+01
3.942717e+01 4.239396e+01 4.520179e+01 4.376972e+01 3.980659e+01 3.827562e+01 4.073706e+01 4.483268e+01 4.882548e+01 5.249033e+01 5.516189e+01 5.667972e+01 5.668625e+01 5.501817e+01 5.047179e+01 4.115550e+01 5.628411e+00 6.130332e+00 7.528029e+00 1.020843e+01 1.206192e+01 1.370622e+01 1.675672e+01 1.819480e+01 2.075278e+01 3.553190e+01 4.001272e+01 4.283947e+01 4.453922e+01 4.277032e+01 4.158842e+01 3.751121e+01 3.269125e+01 2.740195e+01 1.928122e+01 1.710557e+01 1.503072e+01 1.036186e+01 5.160365e+00 3.607867e+00 3.720650e+00 4.439899e+00 4.085366e+00 4.380436e+00 4.507056e+00 5.729666e+00 8.732588e+00 8.425194e+00 4.762817e+00 5.116728e+00 1.441779e+01 1.608948e+01
1.922272e+01 3.789896e+01 4.152176e+01 3.995781e+01 3.640296e+01 3.758940e+01 4.089904e+01 4.540032e+01 4.925392e+01 5.279581e+01 5.519393e+01 5.588929e+01 5.496528e+01 5.262385e+01 4.742791e+01 5.293638e+00 5.245294e+00 6.083164e+00 7.719798e+00 1.009007e+01 1.152507e+01 1.237326e+01 1.478301e+01 1.669806e+01 1.964576e+01 3.554011e+01 4.088728e+01 4.381203e+01 4.522752e+01 4.296485e+01 4.140925e+01 3.739312e+01 3.351279e+01 2.903282e+01 2.055702e+01 1.770364e+01 1.530979e+01 1.012426e+01 4.686061e+00 3.099418e+00 2.907290e+00 3.497833e+00 3.747983e+00 3.911715e+00 4.032476e+00 5.241758e+00 7.857104e+00 9.291667e+00 1.145494e+01 1.230472e+01 1.395539e+01 1.522928e+01
3.749853e+01 3.851117e+01 4.011114e+01 3.807877e+01 3.810309e+01 3.969778e+01 4.256744e+01 4.628222e+01 4.975892e+01 5.287467e+01 5.473351e+01 5.474380e+01 5.317340e+01 5.048091e+01 4.505718e+01 4.542926e+00 4.581339e+00 5.575381e+00 7.033436e+00 9.194797e+00 1.061133e+01 1.062268e+01 1.191614e+01 1.544450e+01 1.932981e+01 3.425495e+01 4.117709e+01 4.426113e+01 4.524334e+01 4.235072e+01 4.078254e+01 3.744851e+01 3.404025e+01 3.011677e+01 2.151764e+01 1.785953e+01 1.509180e+01 9.553988e+00 4.466409e+00 2.843280e+00 2.510152e+00 2.844623e+00 3.318974e+00 3.605927e+00 3.622150e+00 4.070331e+00 5.475044e+00 6.694419e+00 6.852294e+00 6.924015e+00 8.480609e+00 1.216352e+01
3.873672e+01 3.929623e+01 4.010309e+01 3.939590e+01 4.023006e+01 4.167308e+01 4.386186e+01 4.673661e+01 4.958299e+01 5.197506e+01 5.320056e+01 5.271287e+01 5.076366e+01 4.792384e+01 4.218928e+01 4.166756e+00 4.484807e+00 5.170918e+00 6.287587e+00 8.246095e+00 9.765019e+00 9.199725e+00 9.647354e+00 1.563953e+01 1.979323e+01 3.178563e+01 4.114887e+01 4.465137e+01 4.519655e+01 4.169549e+01 4.007885e+01 3.730570e+01 3.401992e+01 3.026004e+01 2.248555e+01 1.814567e+01 1.492773e+01 9.147384e+00 4.351381e+00 2.570850e+00 2.218048e+00 2.348188e+00 2.893837e+00 3.210015e+00 3.415923e+00 3.647730e+00 4.084835e+00 4.472931e+00 4.283012e+00 4.675984e+00 4.975552e+00 6.073312e+00
