Code/Output_20260204_161825/2.9_30_1000_Te_map_shift_100km.grd
DSAA
165 185
-4920000.000000 4920000.000000
-5520000.000000 5520000.000000
1.000000 199.999997
[rows 69 to 91 of 185, columns 52 to 103 of 165]
3.967738e+01 4.743415e+00 4.300196e+00 3.747159e+01 3.906704e+01 4.108871e+01 4.330085e+01 4.579411e+01 4.822090e+01 5.006210e+01 5.082393e+01 5.005261e+01 4.793015e+01 4.493008e+01 3.794293e+01 3.942120e+00 4.305792e+00 4.920594e+00 6.047840e+00 8.860609e+00 1.077942e+01 1.043289e+01 1.362744e+01 1.702326e+01 2.079700e+01 3.117067e+01 4.160675e+01 4.561432e+01 4.597989e+01 4.222001e+01 4.010062e+01 3.712212e+01 3.379994e+01 2.960590e+01 2.293538e+01 1.866606e+01 1.491986e+01 8.313711e+00 4.037314e+00 2.296127e+00 2.052171e+00 1.925911e+00 2.590498e+00 2.843657e+00 3.106332e+00 3.272761e+00 3.378273e+00 3.312224e+00 3.212051e+00 3.480458e+00 4.102597e+00 4.654160e+00
4.417348e+00 4.086281e+00 4.045317e+00 4.349186e+00 5.489081e+00 3.924302e+01 4.185471e+01 4.406136e+01 4.603911e+01 4.733584e+01 4.767297e+01 4.667982e+01 4.438573e+01 4.086962e+01 3.192845e+00 3.881946e+00 4.184446e+00 5.361263e+00 7.926999e+00 1.099828e+01 1.224200e+01 1.246180e+01 1.497068e+01 1.790905e+01 2.276842e+01 4.008595e+01 4.777118e+01 5.116659e+01 5.075437e+01 4.637348e+01 4.265259e+01 3.844790e+01 3.435018e+01 2.971569e+01 2.384410e+01 1.971558e+01 1.578671e+01 8.658954e+00 3.983635e+00 2.328059e+00 2.017698e+00 2.108010e+00 2.731188e+00 3.305323e+00 3.646349e+00 3.153211e+00 3.171258e+00 2.741946e+00 2.666086e+00 2.746442e+00 3.577173e+00 4.178602e+00
3.789250e+00 3.734965e+00 3.958277e+00 4.328537e+00 4.941981e+00 3.738271e+01 4.017034e+01 4.190248e+01 4.321608e+01 4.394620e+01 4.382967e+01 4.247862e+01 3.948495e+01 2.668117e+00 3.454246e+00 4.406696e+00 4.690325e+00 5.851799e+00 7.683729e+00 1.010455e+01 1.144694e+01 1.192145e+01 1.430153e+01 1.824595e+01 4.441168e+01 5.229595e+01 5.840244e+01 6.108634e+01 5.931930e+01 5.345003e+01 4.765771e+01 4.188275e+01 3.660967e+01 3.147522e+01 2.536264e+01 2.108487e+01 1.730517e+01 9.911345e+00 4.073092e+00 2.410588e+00 2.119285e+00 2.362934e+00 3.038954e+00 3.946910e+00 4.514103e+00 4.192667e+00 4.226018e+00 3.926447e+00 3.422230e+00 3.097846e+00 3.506148e+00 3.756704e+00
3.974357e+00 3.592715e+00 4.179660e+00 5.096599e+00 6.672625e+00 3.685847e+01 3.934883e+01 4.043572e+01 4.107863e+01 4.125232e+01 4.062922e+01 3.863252e+01 3.664547e+00 3.536701e+00 4.257839e+00 5.226560e+00 5.478595e+00 5.659628e+00 6.113432e+00 7.420088e+00 8.635906e+00 8.763349e+00 1.116861e+01 4.904215e+01 5.702281e+01 6.493444e+01 7.201655e+01 7.456745e+01 7.067999e+01 6.213875e+01 5.357782e+01 4.596539e+01 3.949858e+01 3.365131e+01 2.698942e+01 2.259088e+01 1.904888e+01 1.172110e+01 4.100269e+00 2.652102e+00 2.234704e+00 2.192464e+00 2.761822e+00 3.119698e+00 3.572066e+00 3.963905e+00 4.657180e+00 4.639586e+00 3.251333e+00 2.327675e+00 2.332312e+00 2.117431e+00
3.787646e+00 3.655153e+00 5.026524e+00 9.672386e+00 3.263310e+01 3.929345e+01 4.089867e+01 4.127771e+01 4.127987e+01 4.098429e+01 4.010564e+01 3.824233e+01 3.445311e+01 5.520904e+00 6.648841e+00 8.769899e+00 1.002485e+01 3.552010e+01 3.868795e+01 8.480732e+00 8.125999e+00 6.533928e+00 4.907398e+01 5.966991e+01 7.005352e+01 8.229681e+01 9.442738e+01 9.741132e+01 8.762422e+01 7.308666e+01 6.024818e+01 5.037673e+01 4.264935e+01 3.601531e+01 2.860420e+01 2.365411e+01 1.994229e+01 1.382602e+01 4.190122e+00 2.918513e+00 2.568497e+00 2.159980e+00 2.677580e+00 2.832456e+00 3.256567e+00 4.164749e+00 1.419105e+01 1.345358e+01 1.022632e+01 8.249747e+00 6.662492e+00 6.312364e+00
3.614145e+00 3.879498e+00 6.569472e+00 1.596069e+01 3.779356e+01 4.205604e+01 4.342587e+01 4.351176e+01 4.320631e+01 4.273430e+01 4.194606e+01 4.071168e+01 3.917463e+01 3.775974e+01 3.716213e+01 3.780006e+01 4.050940e+01 4.299465e+01 4.540462e+01 4.327342e+01 1.225046e+01 8.835644e+00 5.727581e+01 7.148746e+01 9.045195e+01 1.254441e+02 2.000000e+02 2.000000e+02 1.297864e+02 9.045452e+01 6.923779e+01 5.628580e+01 4.703248e+01 3.990639e+01 3.259887e+01 2.646161e+01 2.169176e+01 1.628007e+01 4.668591e+00 3.641442e+00 3.040219e+00 2.584890e+00 2.582740e+00 2.618000e+00 2.994179e+00 1.748876e+01 2.117999e+01 2.032119e+01 1.782185e+01 1.721101e+01 1.777430e+01 2.024104e+01
3.370546e+00 3.766030e+00 7.059698e+00 2.092505e+01 4.058793e+01 4.548383e+01 4.715832e+01 4.722091e+01 4.684066e+01 4.640117e+01 4.584335e+01 4.512333e+01 4.438484e+01 4.385827e+01 4.385681e+01 4.447683e+01 4.705598e+01 5.056872e+01 5.394702e+01 5.418341e+01 5.268308e+01 5.340069e+01 6.569720e+01 8.887667e+01 1.651026e+02 2.000000e+02 2.000000e+02 2.000000e+02 2.000000e+02 1.329273e+02 8.240287e+01 6.403104e+01 5.249665e+01 4.469945e+01 3.773949e+01 3.235662e+01 2.635495e+01 1.950293e+01 7.306535e+00 5.054092e+00 3.678186e+00 3.040520e+00 2.705535e+00 2.739783e+00 3.119211e+00 4.618019e+00 2.498672e+01 2.614837e+01 2.407159e+01 2.338019e+01 2.442288e+01 2.912511e+01
3.074781e+00 3.584378e+00 6.923316e+00 2.622447e+01 4.329766e+01 4.951777e+01 5.224780e+01 5.262464e+01 5.224801e+01 5.195730e+01 5.176013e+01 5.160336e+01 5.159029e+01 5.182438e+01 5.238723e+01 5.347194e+01 5.693377e+01 6.263784e+01 6.892364e+01 7.314339e+01 7.089503e+01 6.672331e+01 7.768532e+01 1.336066e+02 2.000000e+02 2.000000e+02 2.000000e+02 2.000000e+02 2.000000e+02 2.000000e+02 1.030971e+02 7.285563e+01 5.852044e+01 4.999791e+01 4.335711e+01 3.869109e+01 3.403908e+01 2.744733e+01 1.098754e+01 6.279985e+00 4.565275e+00 3.975704e+00 3.123112e+00 3.366343e+00 4.255245e+00 5.585933e+00 3.385782e+01 3.364603e+01 3.245167e+01 3.168885e+01 3.229075e+01 3.512398e+01
2.872779e+00 3.377112e+00 6.048199e+00 2.867904e+01 4.567362e+01 5.318014e+01 5.711029e+01 5.801570e+01 5.769726e+01 5.757426e+01 5.778210e+01 5.825201e+01 5.908654e+01 6.034185e+01 6.190758e+01 6.415109e+01 6.945644e+01 7.877527e+01 9.128191e+01 1.026941e+02 9.669346e+01 8.432135e+01 9.338501e+01 2.000000e+02 2.000000e+02 2.000000e+02 2.000000e+02 2.000000e+02 2.000000e+02 2.000000e+02 1.478398e+02 8.325818e+01 6.533822e+01 5.605720e+01 4.941881e+01 4.459954e+01 4.000775e+01 3.507113e+01 1.618181e+01 7.771640e+00 5.575032e+00 5.253203e+00 5.858345e+00 8.469402e+00 3.899318e+01 4.139500e+01 4.242577e+01 4.298731e+01 4.245278e+01 4.105768e+01 3.937829e+01 3.929903e+01
2.698951e+00 3.156200e+00 5.474295e+00 2.747374e+01 4.736426e+01 5.624565e+01 6.114845e+01 6.249727e+01 6.228103e+01 6.237355e+01 6.301294e+01 6.414132e+01 6.591983e+01 6.845727e+01 7.152995e+01 7.568910e+01 8.375732e+01 9.820757e+01 1.215502e+02 1.490180e+02 1.243840e+02 9.532816e+01 9.862865e+01 2.000000e+02 2.000000e+02 2.000000e+02 2.000000e+02 2.000000e+02 2.000000e+02 2.000000e+02 2.000000e+02 8.930153e+01 6.880090e+01 5.926068e+01 5.277957e+01 4.783176e+01 4.304122e+01 3.751127e+01 1.941272e+01 1.381582e+01 1.374173e+01 1.448611e+01 3.434688e+01 4.425270e+01 4.771352e+01 4.853462e+01 4.773179e+01 4.745928e+01 4.635029e+01 4.384822e+01 4.193452e+01 4.177211e+01
2.598598e+00 3.040204e+00 5.176160e+00 2.356811e+01 4.756804e+01 5.725685e+01 6.272742e+01 6.448193e+01 6.451230e+01 6.486101e+01 6.587097e+01 6.750894e+01 7.001396e+01 7.361471e+01 7.807937e+01 8.397829e+01 9.421180e+01 1.123639e+02 1.445623e+02 1.763137e+02 1.282594e+02 9.264652e+01 8.389385e+01 2.000000e+02 2.000000e+02 2.000000e+02 2.000000e+02 2.000000e+02 2.000000e+02 2.000000e+02 2.000000e+02 9.419879e+01 7.246856e+01 6.307697e+01 5.695487e+01 5.238588e+01 4.817626e+01 4.401335e+01 3.938078e+01 3.099252e+01 2.181962e+01 2.196002e+01 4.073246e+01 4.655505e+01 4.882273e+01 4.856305e+01 4.653051e+01 4.669419e+01 4.692303e+01 4.566152e+01 4.475825e+01 4.550672e+01
2.523799e+00 2.979591e+00 4.918925e+00 2.066141e+01 4.681409e+01 5.687175e+01 6.275123e+01 6.490641e+01 6.524749e+01 6.587216e+01 6.719672e+01 6.920923e+01 7.223753e+01 7.666711e+01 8.227878e+01 8.955226e+01 1.010785e+02 1.202331e+02 1.521960e+02 1.639761e+02 1.165026e+02 8.422219e+01 6.725726e+01 1.110064e+02 2.000000e+02 2.000000e+02 2.000000e+02 2.000000e+02 2.000000e+02 2.000000e+02 2.000000e+02 9.597253e+01 7.456060e+01 6.555340e+01 5.992033e+01 5.533509e+01 5.091675e+01 4.628996e+01 4.073874e+01 3.132274e+01 2.395008e+01 2.405082e+01 3.993810e+01 4.796366e+01 5.139201e+01 5.148965e+01 4.876378e+01 4.917253e+01 5.018084e+01 4.932323e+01 4.869383e+01 4.930477e+01
2.454688e+00 2.936182e+00 4.719530e+00 1.888022e+01 4.570165e+01 5.591453e+01 6.201024e+01 6.446538e+01 6.509814e+01 6.597865e+01 6.754804e+01 6.981037e+01 7.317992e+01 7.817080e+01 8.460654e+01 9.279331e+01 1.046841e+02 1.224298e+02 1.468064e+02 1.450403e+02 1.055782e+02 7.698781e+01 5.773975e+01 6.389344e+01 2.000000e+02 2.000000e+02 2.000000e+02 2.000000e+02 2.000000e+02 2.000000e+02 2.000000e+02 9.296481e+01 7.418571e+01 6.648076e+01 6.162025e+01 5.721455e+01 5.302167e+01 4.866268e+01 4.376249e+01 3.781580e+01 3.268246e+01 3.501037e+01 4.272557e+01 5.051630e+01 5.541772e+01 5.603230e+01 5.233804e+01 5.200056e+01 5.321511e+01 5.110064e+01 4.970601e+01 5.007328e+01
2.386000e+00 2.831928e+00 4.470878e+00 1.738780e+01 4.459892e+01 5.475294e+01 6.090554e+01 6.354798e+01 6.440997e+01 6.548458e+01 6.720673e+01 6.959547e+01 7.310980e+01 7.833039e+01 8.512318e+01 9.358787e+01 1.047188e+02 1.190349e+02 1.339301e+02 1.262990e+02 9.536925e+01 7.096417e+01 5.318670e+01 5.050988e+01 7.613823e+01 2.000000e+02 2.000000e+02 2.000000e+02 2.000000e+02 2.000000e+02 1.366213e+02 8.452529e+01 6.959953e+01 6.327278e+01 5.911694e+01 5.491332e+01 5.086207e+01 4.657499e+01 4.169597e+01 3.563627e+01 3.081275e+01 3.130164e+01 3.927151e+01 4.850080e+01 5.466145e+01 5.596231e+01 5.266341e+01 5.249716e+01 5.396735e+01 5.152280e+01 5.011959e+01 5.052177e+01
2.150208e+00 2.592606e+00 4.060227e+00 1.537571e+01 4.334347e+01 5.327284e+01 5.934187e+01 6.207000e+01 6.307283e+01 6.423604e+01 6.595546e+01 6.825145e+01 7.158356e+01 7.646946e+01 8.269340e+01 9.016041e+01 9.868474e+01 1.078199e+02 1.146812e+02 1.067003e+02 8.420157e+01 6.455575e+01 5.005387e+01 4.714816e+01 5.177901e+01 7.191333e+01 2.000000e+02 2.000000e+02 2.000000e+02 2.000000e+02 1.070183e+02 7.789141e+01 6.596323e+01 6.043871e+01 5.665359e+01 5.271534e+01 4.890525e+01 4.483486e+01 4.017037e+01 3.463228e+01 3.114540e+01 3.208826e+01 3.852638e+01 4.819626e+01 5.526500e+01 5.721753e+01 5.385873e+01 5.353048e+01 5.469369e+01 5.218782e+01 5.085051e+01 5.121718e+01
1.785647e+00 2.248852e+00 3.640356e+00 1.249971e+01 4.156931e+01 5.130733e+01 5.721396e+01 5.993887e+01 6.098686e+01 6.210003e+01 6.362917e+01 6.553479e+01 6.817939e+01 7.206293e+01 7.686030e+01 8.226951e+01 8.747586e+01 9.225737e+01 9.482078e+01 8.850406e+01 7.274572e+01 5.799562e+01 4.792851e+01 4.678518e+01 4.847240e+01 5.126335e+01 6.376905e+01 1.300422e+02 2.000000e+02 1.403317e+02 8.797559e+01 7.138255e+01 6.196803e+01 5.726572e+01 5.397556e+01 5.039508e+01 4.689497e+01 4.308524e+01 3.856619e+01 3.304800e+01 2.959742e+01 3.069846e+01 3.721125e+01 4.761627e+01 5.584576e+01 5.875167e+01 5.538503e+01 5.450513e+01 5.497982e+01 5.185570e+01 5.019041e+01 5.023781e+01
1.500941e+00 1.990703e+00 3.321690e+00 9.814877e+00 3.920270e+01 4.899523e+01 5.476583e+01 5.744904e+01 5.848580e+01 5.948115e+01 6.069915e+01 6.200995e+01 6.377249e+01 6.638821e+01 6.971373e+01 7.330955e+01 7.629581e+01 7.872817e+01 7.960123e+01 7.495972e+01 6.412739e+01 5.443859e+01 4.975382e+01 5.136041e+01 5.375886e+01 5.443000e+01 5.332734e+01 4.512965e+01 5.903726e+01 7.439651e+01 7.279775e+01 6.474692e+01 5.758877e+01 5.376907e+01 5.101204e+01 4.771040e+01 4.435464e+01 4.042033e+01 3.499811e+01 2.663937e+01 2.353440e+01 2.313299e+01 2.853374e+01 4.466168e+01 5.550258e+01 6.050432e+01 5.750647e+01 5.652030e+01 5.658272e+01 5.270179e+01 5.065075e+01 5.053010e+01
1.389519e+00 1.898274e+00 3.189826e+00 8.326733e+00 3.661521e+01 4.682201e+01 5.255550e+01 5.521509e+01 5.623244e+01 5.712375e+01 5.805109e+01 5.894590e+01 6.021745e+01 6.205171e+01 6.445162e+01 6.701148e+01 6.901910e+01 7.053074e+01 7.094782e+01 6.765198e+01 6.013433e+01 5.412297e+01 5.313798e+01 5.700547e+01 6.099547e+01 6.156785e+01 5.589520e+01 4.168676e+01 1.354431e+01 5.247599e+01 6.059588e+01 5.823840e+01 5.331049e+01 5.046692e+01 4.820866e+01 4.499852e+01 4.140762e+01 3.630055e+01 2.440087e+01 2.069954e+01 1.971422e+01 1.940384e+01 2.028511e+01 2.562726e+01 4.631411e+01 5.703620e+01 5.680366e+01 5.841952e+01 5.890626e+01 5.354310e+01 5.084335e+01 5.052851e+01
1.520590e+00 2.198188e+00 3.316281e+00 8.382251e+00 3.398381e+01 4.500041e+01 5.081275e+01 5.347629e+01 5.447806e+01 5.530685e+01 5.607039e+01 5.665328e+01 5.757152e+01 5.898006e+01 6.085243e+01 6.280573e+01 6.434253e+01 6.556235e+01 6.598450e+01 6.358833e+01 5.789018e+01 5.371186e+01 5.431940e+01 5.893732e+01 6.327652e+01 6.357375e+01 5.572788e+01 4.021619e+01 1.546027e+01 1.227322e+01 5.115317e+01 5.235772e+01 4.934914e+01 4.746521e+01 4.564905e+01 4.240925e+01 3.813292e+01 2.754618e+01 2.055691e+01 1.941092e+01 1.885910e+01 1.868811e+01 1.909315e+01 2.107525e+01 2.414670e+01 2.574804e+01 2.437422e+01 2.706655e+01 5.715002e+01 5.075623e+01 4.812700e+01 4.833836e+01
1.146539e+00 2.397302e+00 3.489005e+00 8.968361e+00 3.134951e+01 4.349161e+01 4.949612e+01 5.220469e+01 5.318602e+01 5.396701e+01 5.464310e+01 5.505362e+01 5.570274e+01 5.675563e+01 5.819113e+01 5.970463e+01 6.095470e+01 6.209559e+01 6.265997e+01 6.077540e+01 5.573453e+01 5.190025e+01 5.220609e+01 5.573566e+01 5.823823e+01 5.720848e+01 4.994230e+01 3.715220e+01 1.617291e+01 1.313848e+01 4.347536e+01 4.685282e+01 4.555413e+01 4.465204e+01 4.329037e+01 4.012327e+01 3.490662e+01 2.282374e+01 2.019652e+01 1.930857e+01 1.880913e+01 1.856933e+01 1.861254e+01 1.984928e+01 2.161643e+01 2.222188e+01 2.135059e+01 2.217818e+01 2.713077e+01 3.781584e+01 4.324264e+01 4.578084e+01
1.209309e+00 2.453975e+00 3.567312e+00 8.796838e+00 2.815350e+01 4.161806e+01 4.798234e+01 5.082936e+01 5.181934e+01 5.257709e+01 5.324356e+01 5.363172e+01 5.416006e+01 5.496645e+01 5.605631e+01 5.722052e+01 5.820324e+01 5.926270e+01 6.004394e+01 5.859100e+01 5.400348e+01 5.028382e+01 5.013543e+01 5.264320e+01 5.351277e+01 5.132167e+01 4.496584e+01 3.405003e+01 1.597062e+01 1.380789e+01 3.700792e+01 4.162917e+01 4.182457e+01 4.192314e+01 4.120885e+01 3.853656e+01 3.312625e+01 2.224590e+01 2.000312e+01 1.923765e+01 1.886162e+01 1.860030e+01 1.840951e+01 1.922261e+01 2.053736e+01 2.066423e+01 1.975918e+01 2.033127e+01 2.410681e+01 3.059105e+01 3.968446e+01 4.374501e+01
1.518773e+00 2.406342e+00 3.354389e+00 8.498451e+00 2.553815e+01 3.935370e+01 4.612429e+01 4.917066e+01 5.023431e+01 5.101869e+01 5.172290e+01 5.217288e+01 5.273210e+01 5.347271e+01 5.433403e+01 5.522839e+01 5.593393e+01 5.683349e+01 5.772746e+01 5.663326e+01 5.258424e+01 4.919845e+01 4.898877e+01 5.109352e+01 5.117463e+01 4.825756e+01 4.189827e+01 3.125120e+01 1.505492e+01 1.345782e+01 3.177821e+01 3.697841e+01 3.824524e+01 3.922097e+01 3.931489e+01 3.767102e+01 3.337986e+01 2.131853e+01 1.927811e+01 1.886648e+01 1.878273e+01 1.867423e+01 1.839053e+01 1.911711e+01 2.030499e+01 2.002618e+01 1.910318e+01 1.966492e+01 2.500335e+01 3.085599e+01 3.595721e+01 3.864296e+01
1.037933e+00 2.174997e+00 3.125378e+00 7.155066e+00 2.299291e+01 3.579491e+01 4.297911e+01 4.635153e+01 4.764159e+01 4.856905e+01 4.941068e+01 5.005927e+01 5.086270e+01 5.173798e+01 5.253854e+01 5.325585e+01 5.363505e+01 5.421404e+01 5.502457e+01 5.428137e+01 5.112958e+01 4.858958e+01 4.869758e+01 5.086105e+01 5.085790e+01 4.756637e+01 4.086991e+01 3.006058e+01 1.541140e+01 1.377857e+01 2.867632e+01 3.373758e+01 3.536021e+01 3.677086e+01 3.743859e+01 3.677746e+01 3.376845e+01 1.800541e+01 1.751300e+01 1.823528e+01 1.883194e+01 1.916958e+01 1.919361e+01 2.050477e+01 2.225592e+01 2.221175e+01 2.118052e+01 2.228681e+01 2.855445e+01 3.132716e+01 3.373320e+01 3.488230e+01
