Code/Output_20260204_161825/2.9_30_1000_moho_depth.grd
DSAA
181 201
-5400000.000000 5400000.000000
-6000000.000000 6000000.000000
-82227.448381 -14740.977785
[rows 66 to 87 of 201, columns 0 to 49 of 181]
-5.534877e+04 -5.429379e+04 -5.307595e+04 -5.228403e+04 -5.215879e+04 -5.265705e+04 -5.246695e+04 -5.303154e+04 -5.339951e+04 -5.414559e+04 -5.471020e+04 -5.410074e+04 -5.259627e+04 -5.126565e+04 -5.067094e+04 -5.109199e+04 -5.196373e+04 -5.278644e+04 -5.321351e+04 -5.287685e+04 -5.186418e+04 -5.124591e+04 -5.157521e+04 -5.285139e+04 -5.401576e+04 -5.477116e+04 -5.422792e+04 -5.301986e+04 -5.284992e+04 -5.428404e+04 -5.570760e+04 -5.762319e+04 -5.875856e+04 -6.055398e+04 -6.301021e+04 -6.498206e+04 -6.593602e+04 -6.531865e+04 -6.494974e+04 -6.525550e+04 -6.473858e+04 -6.291449e+04 -6.206335e+04 -5.998998e+04 -5.790562e+04 -5.622755e+04 -5.535007e+04 -5.545291e+04 -5.611991e+04 -5.690915e+04
-5.587639e+04 -5.458977e+04 -5.337123e+04 -5.267618e+04 -5.198444e+04 -5.273668e+04 -5.344862e+04 -5.439903e+04 -5.425734e+04 -5.473542e+04 -5.456920e+04 -5.382391e+04 -5.221544e+04 -5.006670e+04 -4.955198e+04 -5.061430e+04 -5.250339e+04 -5.357278e+04 -5.415081e+04 -5.378413e+04 -5.236307e+04 -5.111895e+04 -5.098220e+04 -5.247798e+04 -5.444660e+04 -5.468341e+04 -5.458307e+04 -5.396900e+04 -5.367447e+04 -5.533620e+04 -5.707227e+04 -5.851224e+04 -5.903990e+04 -6.095929e+04 -6.312161e+04 -6.422501e+04 -6.552097e+04 -6.551488e+04 -6.548871e+04 -6.502843e+04 -6.373221e+04 -6.199544e+04 -6.055829e+04 -5.882686e+04 -5.724862e+04 -5.601951e+04 -5.526730e+04 -5.573684e+04 -5.645461e+04 -5.709064e+04
-5.678113e+04 -5.522238e+04 -5.351009e+04 -5.291379e+04 -5.198417e+04 -5.299233e+04 -5.419716e+04 -5.468391e+04 -5.440743e+04 -5.472051e+04 -5.415390e+04 -5.387911e+04 -5.170388e+04 -4.944909e+04 -4.910241e+04 -5.100345e+04 -5.278245e+04 -5.448127e+04 -5.516388e+04 -5.402750e+04 -5.284038e+04 -5.144712e+04 -5.106229e+04 -5.286278e+04 -5.395033e+04 -5.547430e+04 -5.588937e+04 -5.545438e+04 -5.576737e+04 -5.689417e+04 -5.861983e+04 -5.943540e+04 -5.998062e+04 -6.141909e+04 -6.229720e+04 -6.364342e+04 -6.420151e+04 -6.435474e+04 -6.398267e+04 -6.307221e+04 -6.176784e+04 -6.023257e+04 -5.876984e+04 -5.765392e+04 -5.667956e+04 -5.590511e+04 -5.564423e+04 -5.614667e+04 -5.692426e+04 -5.759169e+04
-5.682476e+04 -5.539155e+04 -5.397014e+04 -5.284870e+04 -5.257575e+04 -5.356938e+04 -5.436971e+04 -5.455806e+04 -5.471130e+04 -5.453175e+04 -5.468547e+04 -5.383751e+04 -5.158907e+04 -4.958717e+04 -4.957796e+04 -5.119524e+04 -5.339922e+04 -5.501550e+04 -5.541250e+04 -5.438668e+04 -5.374456e+04 -5.218486e+04 -5.200426e+04 -5.258080e+04 -5.482376e+04 -5.652428e+04 -5.652291e+04 -5.637556e+04 -5.707179e+04 -5.818329e+04 -5.961241e+04 -6.034029e+04 -6.045023e+04 -6.081247e+04 -6.187667e+04 -6.218481e+04 -6.272926e+04 -6.267229e+04 -6.204590e+04 -6.091066e+04 -5.980446e+04 -5.845112e+04 -5.728483e+04 -5.645656e+04 -5.579560e+04 -5.627027e+04 -5.564142e+04 -5.605912e+04 -5.700782e+04 -5.762411e+04
-5.759218e+04 -5.588971e+04 -5.426165e+04 -5.326226e+04 -5.343873e+04 -5.419251e+04 -5.474226e+04 -5.490843e+04 -5.446110e+04 -5.451607e+04 -5.463833e+04 -5.381771e+04 -5.215548e+04 -5.059338e+04 -5.046255e+04 -5.189199e+04 -5.329262e+04 -5.423343e+04 -5.486130e+04 -5.465249e+04 -5.362177e+04 -5.221736e+04 -5.192352e+04 -5.381898e+04 -5.601176e+04 -5.668099e+04 -5.670704e+04 -5.720198e+04 -5.762521e+04 -5.936903e+04 -5.990396e+04 -6.105906e+04 -6.076618e+04 -6.082372e+04 -6.118551e+04 -6.134982e+04 -6.117073e+04 -6.075530e+04 -6.047989e+04 -5.934049e+04 -5.821137e+04 -5.712460e+04 -5.630665e+04 -5.541904e+04 -5.524259e+04 -5.591227e+04 -5.551415e+04 -5.587560e+04 -5.658788e+04 -5.694592e+04
-5.586104e+04 -5.493418e+04 -5.380497e+04 -5.350037e+04 -5.457471e+04 -5.491569e+04 -5.520026e+04 -5.478054e+04 -5.409003e+04 -5.421245e+04 -5.446239e+04 -5.403665e+04 -5.306743e+04 -5.193577e+04 -5.170547e+04 -5.216871e+04 -5.262107e+04 -5.287073e+04 -5.334700e+04 -5.352726e+04 -5.302586e+04 -5.280699e+04 -5.328637e+04 -5.532671e+04 -5.630267e+04 -5.665833e+04 -5.672503e+04 -5.764783e+04 -5.871443e+04 -6.043431e+04 -6.083123e+04 -6.078343e+04 -6.062173e+04 -6.058762e+04 -6.043302e+04 -6.021807e+04 -5.943452e+04 -5.908273e+04 -5.892771e+04 -5.816565e+04 -5.707720e+04 -5.644795e+04 -5.573984e+04 -5.507877e+04 -5.489238e+04 -5.542579e+04 -5.540562e+04 -5.570016e+04 -5.600437e+04 -5.633867e+04
-5.448047e+04 -5.411900e+04 -5.366196e+04 -5.356315e+04 -5.478097e+04 -5.518747e+04 -5.520948e+04 -5.456806e+04 -5.401454e+04 -5.420827e+04 -5.452020e+04 -5.468243e+04 -5.382662e+04 -5.297251e+04 -5.274965e+04 -5.236582e+04 -5.205623e+04 -5.193954e+04 -5.192078e+04 -5.213756e+04 -5.230118e+04 -5.313598e+04 -5.436343e+04 -5.573109e+04 -5.669343e+04 -5.705797e+04 -5.716500e+04 -5.834344e+04 -5.985918e+04 -6.104142e+04 -6.117475e+04 -6.018224e+04 -6.077146e+04 -5.968662e+04 -5.971889e+04 -5.904513e+04 -5.830149e+04 -5.933305e+04 -5.829747e+04 -5.845476e+04 -5.678214e+04 -5.629777e+04 -5.580048e+04 -5.529809e+04 -5.450364e+04 -5.485339e+04 -5.529010e+04 -5.538714e+04 -5.567819e+04 -5.632171e+04
-5.536538e+04 -5.446095e+04 -5.346647e+04 -5.340587e+04 -5.424556e+04 -5.497453e+04 -5.505736e+04 -5.468753e+04 -5.456425e+04 -5.467529e+04 -5.494022e+04 -5.487099e+04 -5.421071e+04 -5.366595e+04 -5.327974e+04 -5.278360e+04 -5.222234e+04 -5.217606e+04 -5.198337e+04 -5.173062e+04 -5.173944e+04 -5.292881e+04 -5.465966e+04 -5.650592e+04 -5.706414e+04 -5.768356e+04 -5.802759e+04 -5.940631e+04 -6.068074e+04 -6.128683e+04 -6.087609e+04 -6.051300e+04 -6.015756e+04 -5.949785e+04 -5.963769e+04 -5.900227e+04 -5.854418e+04 -5.925716e+04 -5.879399e+04 -5.788942e+04 -5.682346e+04 -5.639942e+04 -5.592506e+04 -5.545503e+04 -5.481398e+04 -5.490009e+04 -5.510899e+04 -5.511846e+04 -5.561477e+04 -5.650226e+04
-5.498760e+04 -5.414706e+04 -5.326575e+04 -5.317135e+04 -5.391637e+04 -5.490524e+04 -5.550102e+04 -5.549701e+04 -5.546480e+04 -5.539038e+04 -5.523337e+04 -5.509340e+04 -5.523756e+04 -5.441460e+04 -5.404062e+04 -5.330258e+04 -5.328234e+04 -5.248888e+04 -5.247903e+04 -5.166483e+04 -5.195557e+04 -5.340501e+04 -5.529349e+04 -5.690721e+04 -5.821482e+04 -5.821496e+04 -5.860849e+04 -5.962726e+04 -6.109644e+04 -6.106432e+04 -6.053862e+04 -6.041800e+04 -5.994444e+04 -5.950302e+04 -5.959472e+04 -5.929018e+04 -5.919273e+04 -5.908322e+04 -5.866261e+04 -5.779639e+04 -5.716894e+04 -5.632937e+04 -5.587609e+04 -5.512414e+04 -5.518164e+04 -5.492105e+04 -5.510797e+04 -5.503086e+04 -5.564295e+04 -5.680435e+04
-5.358200e+04 -5.327183e+04 -5.287436e+04 -5.305390e+04 -5.399067e+04 -5.526430e+04 -5.603831e+04 -5.637819e+04 -5.633009e+04 -5.595469e+04 -5.560526e+04 -5.541608e+04 -5.570051e+04 -5.542089e+04 -5.464882e+04 -5.413217e+04 -5.346756e+04 -5.323318e+04 -5.287144e+04 -5.268096e+04 -5.322053e+04 -5.440319e+04 -5.585673e+04 -5.759245e+04 -5.795067e+04 -5.804152e+04 -5.822571e+04 -5.948454e+04 -6.054058e+04 -6.042950e+04 -6.000557e+04 -5.915960e+04 -5.905878e+04 -5.961893e+04 -5.934667e+04 -5.924370e+04 -5.900862e+04 -5.895751e+04 -5.861314e+04 -5.801018e+04 -5.726933e+04 -5.624345e+04 -5.546418e+04 -5.504055e+04 -5.514522e+04 -5.498076e+04 -5.497797e+04 -5.498721e+04 -5.562373e+04 -5.674479e+04
-5.262458e+04 -5.275853e+04 -5.272169e+04 -5.333418e+04 -5.479791e+04 -5.589184e+04 -5.671246e+04 -5.705239e+04 -5.670391e+04 -5.611996e+04 -5.579440e+04 -5.569009e+04 -5.576845e+04 -5.614813e+04 -5.470199e+04 -5.419682e+04 -5.350741e+04 -5.298600e+04 -5.326596e+04 -5.378422e+04 -5.431607e+04 -5.512504e+04 -5.652553e+04 -5.693974e+04 -5.725268e+04 -5.726451e+04 -5.809497e+04 -5.880296e+04 -5.952608e+04 -5.945881e+04 -5.895935e+04 -5.848078e+04 -5.804012e+04 -5.935431e+04 -5.888442e+04 -5.862786e+04 -5.842176e+04 -5.845248e+04 -5.796428e+04 -5.745866e+04 -5.672358e+04 -5.631444e+04 -5.517952e+04 -5.534559e+04 -5.484928e+04 -5.513367e+04 -5.498629e+04 -5.494922e+04 -5.567284e+04 -5.656345e+04
-5.229800e+04 -5.279318e+04 -5.321672e+04 -5.400246e+04 -5.542651e+04 -5.625874e+04 -5.722209e+04 -5.848437e+04 -5.753327e+04 -5.621178e+04 -5.577598e+04 -5.615296e+04 -5.668924e+04 -5.665058e+04 -5.492500e+04 -5.352469e+04 -5.242080e+04 -5.197675e+04 -5.265775e+04 -5.389406e+04 -5.515604e+04 -5.516994e+04 -5.528907e+04 -5.615844e+04 -5.632976e+04 -5.703134e+04 -5.723613e+04 -5.828488e+04 -5.840956e+04 -5.823784e+04 -5.763883e+04 -5.695316e+04 -5.718748e+04 -5.764337e+04 -5.740412e+04 -5.792181e+04 -5.769838e+04 -5.769806e+04 -5.696765e+04 -5.637979e+04 -5.589309e+04 -5.545825e+04 -5.494201e+04 -5.505234e+04 -5.506064e+04 -5.524806e+04 -5.504287e+04 -5.513967e+04 -5.561420e+04 -5.624874e+04
-5.241027e+04 -5.290336e+04 -5.381807e+04 -5.462997e+04 -5.543565e+04 -5.610157e+04 -5.667997e+04 -5.749217e+04 -5.619901e+04 -5.566789e+04 -5.544637e+04 -5.601460e+04 -5.653371e+04 -5.629931e+04 -5.460084e+04 -5.259482e+04 -5.144512e+04 -5.141947e+04 -5.224673e+04 -5.339768e+04 -5.439578e+04 -5.466384e+04 -5.499725e+04 -5.549835e+04 -5.606166e+04 -5.667969e+04 -5.689007e+04 -5.761057e+04 -5.758295e+04 -5.727859e+04 -5.678177e+04 -5.586310e+04 -5.572036e+04 -5.564674e+04 -5.587008e+04 -5.660664e+04 -5.633315e+04 -5.615092e+04 -5.578247e+04 -5.496761e+04 -5.441953e+04 -5.428743e+04 -5.435513e+04 -5.430899e+04 -5.418144e+04 -5.493596e+04 -5.490167e+04 -5.508143e+04 -5.506425e+04 -5.619034e+04
-5.249730e+04 -5.267240e+04 -5.397252e+04 -5.393158e+04 -5.573189e+04 -5.585134e+04 -5.687482e+04 -5.613136e+04 -5.602201e+04 -5.494237e+04 -5.487164e+04 -5.545709e+04 -5.611298e+04 -5.557995e+04 -5.414131e+04 -5.209277e+04 -5.116559e+04 -5.155398e+04 -5.245617e+04 -5.297146e+04 -5.322574e+04 -5.398677e+04 -5.470539e+04 -5.553860e+04 -5.645807e+04 -5.709665e+04 -5.714788e+04 -5.705175e+04 -5.720398e+04 -5.697399e+04 -5.691632e+04 -5.522768e+04 -5.480434e+04 -5.467422e+04 -5.507757e+04 -5.501346e+04 -5.482814e+04 -5.464331e+04 -5.420325e+04 -5.356469e+04 -5.327736e+04 -5.337123e+04 -5.384590e+04 -5.355536e+04 -5.266149e+04 -5.427999e+04 -5.415459e+04 -5.464363e+04 -5.491529e+04 -5.581182e+04
-5.252016e+04 -5.229197e+04 -5.273681e+04 -5.284857e+04 -5.395875e+04 -5.422752e+04 -5.588686e+04 -5.495283e+04 -5.440680e+04 -5.426610e+04 -5.421984e+04 -5.482327e+04 -5.547762e+04 -5.498971e+04 -5.372227e+04 -5.225899e+04 -5.127693e+04 -5.163423e+04 -5.223995e+04 -5.308746e+04 -5.324896e+04 -5.376908e+04 -5.467474e+04 -5.600641e+04 -5.716479e+04 -5.791021e+04 -5.772024e+04 -5.728239e+04 -5.703441e+04 -5.683739e+04 -5.564228e+04 -5.468639e+04 -5.395572e+04 -5.405148e+04 -5.334802e+04 -5.356557e+04 -5.338276e+04 -5.354960e+04 -5.314685e+04 -5.279587e+04 -5.297435e+04 -5.289413e+04 -5.289640e+04 -5.327794e+04 -5.296924e+04 -5.349591e+04 -5.359275e+04 -5.409783e+04 -5.433675e+04 -5.546292e+04
-5.218231e+04 -5.160873e+04 -5.106044e+04 -5.112653e+04 -5.143684e+04 -5.166562e+04 -5.231010e+04 -5.270088e+04 -5.287938e+04 -5.271160e+04 -5.313772e+04 -5.334801e+04 -5.435833e+04 -5.411623e+04 -5.369666e+04 -5.264596e+04 -5.164320e+04 -5.194154e+04 -5.293152e+04 -5.391575e+04 -5.392166e+04 -5.418723e+04 -5.525893e+04 -5.596110e+04 -5.769219e+04 -5.814253e+04 -5.801699e+04 -5.760434e+04 -5.715046e+04 -5.642566e+04 -5.545388e+04 -5.422041e+04 -5.365600e+04 -5.313565e+04 -5.255467e+04 -5.270878e+04 -5.294971e+04 -5.221973e+04 -5.177842e+04 -5.247104e+04 -5.312326e+04 -5.308090e+04 -5.292394e+04 -5.288069e+04 -5.326644e+04 -5.330078e+04 -5.317007e+04 -5.359126e+04 -5.443189e+04 -5.512080e+04
-5.131911e+04 -5.055566e+04 -4.951858e+04 -4.911911e+04 -4.916174e+04 -4.915088e+04 -4.959971e+04 -4.968275e+04 -5.004657e+04 -5.058466e+04 -5.128518e+04 -5.154755e+04 -5.299992e+04 -5.263007e+04 -5.313821e+04 -5.283480e+04 -5.235110e+04 -5.265925e+04 -5.333082e+04 -5.506302e+04 -5.486221e+04 -5.541678e+04 -5.575316e+04 -5.661882e+04 -5.752045e+04 -5.793951e+04 -5.787003e+04 -5.760030e+04 -5.685537e+04 -5.618532e+04 -5.464731e+04 -5.327243e+04 -5.257417e+04 -5.139204e+04 -5.096380e+04 -5.127140e+04 -5.195132e+04 -5.153675e+04 -5.300757e+04 -5.345405e+04 -5.323303e+04 -5.353457e+04 -5.343429e+04 -5.331951e+04 -5.288599e+04 -5.334014e+04 -5.320317e+04 -5.352191e+04 -5.360847e+04 -5.421270e+04
-5.050640e+04 -4.947833e+04 -4.797110e+04 -4.735665e+04 -4.690517e+04 -4.675782e+04 -4.659853e+04 -4.652232e+04 -4.687500e+04 -4.764134e+04 -4.847131e+04 -4.935784e+04 -5.042130e+04 -5.166640e+04 -5.219977e+04 -5.234327e+04 -5.253568e+04 -5.375356e+04 -5.348832e+04 -5.540379e+04 -5.583036e+04 -5.599215e+04 -5.689723e+04 -5.738844e+04 -5.815614e+04 -5.835291e+04 -5.780350e+04 -5.730228e+04 -5.680521e+04 -5.549555e+04 -5.345771e+04 -5.240110e+04 -5.069618e+04 -4.939059e+04 -4.901376e+04 -4.971604e+04 -5.085364e+04 -5.145741e+04 -5.262328e+04 -5.324902e+04 -5.322494e+04 -5.380821e+04 -5.360351e+04 -5.377379e+04 -5.294183e+04 -5.360062e+04 -5.314743e+04 -5.363519e+04 -5.449982e+04 -5.418051e+04
-4.983263e+04 -4.873878e+04 -4.737280e+04 -4.595509e+04 -4.517376e+04 -4.487828e+04 -4.462510e+04 -4.443136e+04 -4.472437e+04 -4.546168e+04 -4.618641e+04 -4.689894e+04 -4.808608e+04 -4.955741e+04 -5.076322e+04 -5.076604e+04 -5.101653e+04 -5.164831e+04 -5.285326e+04 -5.492518e+04 -5.629334e+04 -5.724173e+04 -5.762301e+04 -5.772305e+04 -5.755814e+04 -5.766293e+04 -5.745231e+04 -5.686382e+04 -5.591867e+04 -5.461269e+04 -5.319358e+04 -5.111000e+04 -4.925361e+04 -4.825873e+04 -4.816253e+04 -4.885121e+04 -4.996252e+04 -5.106713e+04 -5.189312e+04 -5.299325e+04 -5.365541e+04 -5.359517e+04 -5.362409e+04 -5.410899e+04 -5.392661e+04 -5.354418e+04 -5.331401e+04 -5.259202e+04 -5.317882e+04 -5.390941e+04
-4.935033e+04 -4.808428e+04 -4.668049e+04 -4.498756e+04 -4.405326e+04 -4.381020e+04 -4.369906e+04 -4.357167e+04 -4.380177e+04 -4.437189e+04 -4.482506e+04 -4.514299e+04 -4.586649e+04 -4.709603e+04 -4.825671e+04 -4.911099e+04 -5.020885e+04 -5.139764e+04 -5.223110e+04 -5.380668e+04 -5.494031e+04 -5.744168e+04 -5.743902e+04 -5.718289e+04 -5.667579e+04 -5.660244e+04 -5.642214e+04 -5.591660e+04 -5.519823e+04 -5.372611e+04 -5.211005e+04 -4.990753e+04 -4.842997e+04 -4.825058e+04 -4.874364e+04 -4.929563e+04 -4.987234e+04 -5.073993e+04 -5.156742e+04 -5.242559e+04 -5.297087e+04 -5.366729e+04 -5.374549e+04 -5.384775e+04 -5.417534e+04 -5.351036e+04 -5.345445e+04 -5.274311e+04 -5.293253e+04 -5.395369e+04
-4.873281e+04 -4.739323e+04 -4.606470e+04 -4.422531e+04 -4.313668e+04 -4.281315e+04 -4.282045e+04 -4.280867e+04 -4.302176e+04 -4.343312e+04 -4.361917e+04 -4.354358e+04 -4.370278e+04 -4.448691e+04 -4.575685e+04 -4.720907e+04 -4.877263e+04 -4.931438e+04 -5.059071e+04 -5.194661e+04 -5.352802e+04 -5.511455e+04 -5.670627e+04 -5.678002e+04 -5.604842e+04 -5.569714e+04 -5.524144e+04 -5.507060e+04 -5.428128e+04 -5.269630e+04 -5.064729e+04 -4.877113e+04 -4.781053e+04 -4.843712e+04 -4.954037e+04 -4.992189e+04 -5.005087e+04 -5.015636e+04 -5.075831e+04 -5.140708e+04 -5.180457e+04 -5.225662e+04 -5.265709e+04 -5.322891e+04 -5.300856e+04 -5.275334e+04 -5.266699e+04 -5.255197e+04 -5.279384e+04 -5.345663e+04
-4.812544e+04 -4.666111e+04 -4.495104e+04 -4.301131e+04 -4.164307e+04 -4.104698e+04 -4.108683e+04 -4.126570e+04 -4.155628e+04 -4.190878e+04 -4.198717e+04 -4.166350e+04 -4.138145e+04 -4.184113e+04 -4.330593e+04 -4.525186e+04 -4.704996e+04 -4.812635e+04 -4.861036e+04 -4.950438e+04 -5.188245e+04 -5.367161e+04 -5.500989e+04 -5.501433e+04 -5.506105e+04 -5.440300e+04 -5.416739e+04 -5.420255e+04 -5.318338e+04 -5.161704e+04 -4.970751e+04 -4.777940e+04 -4.717240e+04 -4.804058e+04 -4.924820e+04 -4.983201e+04 -4.976166e+04 -4.955998e+04 -4.966935e+04 -5.007932e+04 -5.062654e+04 -5.111812e+04 -5.152010e+04 -5.233069e+04 -5.206608e+04 -5.165580e+04 -5.150425e+04 -5.198722e+04 -5.234313e+04 -5.286256e+04
