Code/Output_20260204_161825/2.9_30_1000_topography_anomaly.grd
DSAA
181 201
-5400000.000000 5400000.000000
-6000000.000000 6000000.000000
-5639.123812 21096.646188
[rows 92 to 114 of 201, columns 51 to 101 of 181]
1.158931e+03 1.298171e+03 1.656809e+03 1.829596e+03 2.076276e+03 2.262936e+03 2.525766e+03 2.745126e+03 2.949496e+03 3.281486e+03 3.540766e+03 3.827286e+03 4.157156e+03 4.542576e+03 4.969616e+03 5.416696e+03 5.956396e+03 6.380956e+03 7.672716e+03 1.271785e+04 1.693635e+04 1.700565e+04 1.715065e+04 1.347165e+04 9.026696e+03 7.627696e+03 7.700436e+03 7.727426e+03 7.723516e+03 7.810106e+03 8.026416e+03 7.758656e+03 7.791976e+03 7.574666e+03 7.573086e+03 7.646656e+03 7.771606e+03 7.843256e+03 7.984456e+03 8.176636e+03 6.754186e+03 7.813576e+03 4.869766e+03 5.403376e+03 5.351156e+03 4.294036e+03 3.188726e+03 4.611616e+03 4.910856e+03 5.626916e+03 5.513166e+03
9.724722e+02 1.129073e+03 1.348429e+03 1.614250e+03 1.763236e+03 2.048886e+03 2.450526e+03 2.701586e+03 2.791926e+03 3.081396e+03 3.469426e+03 3.774846e+03 4.073996e+03 4.446606e+03 4.746896e+03 5.122886e+03 5.162006e+03 5.829736e+03 7.385476e+03 1.233635e+04 1.692705e+04 1.729775e+04 1.565555e+04 1.271355e+04 9.167476e+03 8.052816e+03 7.861466e+03 7.833116e+03 7.773686e+03 7.716186e+03 7.698866e+03 7.999526e+03 7.827826e+03 7.624826e+03 6.994666e+03 7.860876e+03 7.948486e+03 8.023956e+03 8.114386e+03 5.944126e+03 8.025056e+03 6.120966e+03 7.804436e+03 8.476806e+03 4.966606e+03 3.136626e+03 2.180036e+03 4.720096e+03 6.244646e+03 6.142166e+03 5.733746e+03
8.794012e+02 9.909072e+02 1.281643e+03 1.529313e+03 1.759666e+03 2.035676e+03 2.252556e+03 2.430486e+03 2.750316e+03 3.106996e+03 3.299306e+03 3.593346e+03 3.835336e+03 4.190326e+03 4.559956e+03 4.834666e+03 4.998376e+03 5.505456e+03 7.151766e+03 9.866326e+03 1.269475e+04 1.333185e+04 1.220995e+04 1.141155e+04 9.914196e+03 8.507256e+03 7.990506e+03 7.840086e+03 7.775356e+03 7.700596e+03 7.601926e+03 7.823926e+03 6.826856e+03 8.061496e+03 8.037706e+03 7.336026e+03 7.779646e+03 8.300916e+03 6.817126e+03 7.983346e+03 4.045526e+03 7.150436e+03 4.982146e+03 7.394516e+03 5.952676e+03 1.636109e+03 5.683052e+02 2.055656e+03 3.033336e+03 4.094246e+03 2.950046e+03
5.024192e+02 8.592482e+02 9.058302e+02 1.218010e+03 1.563384e+03 1.938106e+03 1.990766e+03 2.204756e+03 2.565676e+03 2.915646e+03 3.106326e+03 3.415746e+03 3.677936e+03 4.041396e+03 4.272896e+03 4.588476e+03 4.867236e+03 5.478656e+03 6.442986e+03 7.919676e+03 9.199076e+03 9.875396e+03 1.066088e+04 1.063172e+04 9.686496e+03 8.533106e+03 8.044246e+03 7.927276e+03 7.788046e+03 7.625656e+03 7.486796e+03 7.379886e+03 7.633136e+03 7.591536e+03 7.871446e+03 6.888906e+03 6.825126e+03 7.841016e+03 6.931006e+03 7.853976e+03 6.244926e+03 7.377406e+03 6.855756e+03 6.242796e+03 4.074896e+03 1.413714e+03 6.230783e+02 2.208556e+03 4.825926e+03 4.546806e+03 3.981626e+03
-8.507081e+01 4.798802e+02 5.662502e+02 7.504134e+02 1.279354e+03 1.449952e+03 1.747226e+03 2.032676e+03 2.316696e+03 2.614206e+03 2.899416e+03 3.218576e+03 3.532406e+03 3.754456e+03 4.016866e+03 4.303356e+03 4.804286e+03 5.320046e+03 5.699906e+03 6.280786e+03 7.307806e+03 8.390036e+03 9.076016e+03 9.349486e+03 8.948556e+03 8.336596e+03 8.138126e+03 8.126616e+03 7.951676e+03 7.652876e+03 7.390366e+03 7.227436e+03 7.196806e+03 7.088996e+03 7.334346e+03 7.258216e+03 6.943886e+03 7.152076e+03 7.822556e+03 7.351536e+03 7.258456e+03 6.998606e+03 6.431746e+03 5.017036e+03 5.219916e+03 4.001166e+03 3.118766e+03 3.284966e+03 3.773666e+03 1.340372e+03 1.670304e+03
-1.070768e+02 -2.227538e+02 6.940319e+01 2.627692e+02 6.397047e+02 1.050998e+03 1.414074e+03 1.782916e+03 1.823296e+03 2.213446e+03 2.555366e+03 2.958046e+03 3.228246e+03 3.520026e+03 3.838346e+03 4.049246e+03 4.564686e+03 4.995676e+03 5.418056e+03 5.864466e+03 6.635966e+03 7.498686e+03 8.003946e+03 8.305096e+03 8.194596e+03 8.157856e+03 8.385296e+03 8.411306e+03 8.008676e+03 7.586066e+03 7.260546e+03 7.057206e+03 6.918966e+03 6.786576e+03 6.711136e+03 6.680226e+03 6.798956e+03 6.791816e+03 7.107126e+03 7.049086e+03 7.151996e+03 6.433976e+03 6.694116e+03 6.551976e+03 6.259546e+03 5.720806e+03 5.358256e+03 5.185026e+03 5.001666e+03 3.713186e+03 2.942966e+03
-4.874138e+02 -6.848138e+02 -3.523638e+02 2.982319e+01 3.830362e+02 7.524278e+02 1.116826e+03 1.318065e+03 1.357355e+03 1.832146e+03 2.158876e+03 2.457906e+03 2.940596e+03 3.271926e+03 3.586906e+03 3.943706e+03 4.388956e+03 4.774816e+03 5.117936e+03 5.546746e+03 6.154656e+03 6.919826e+03 7.436726e+03 7.712396e+03 7.774786e+03 7.964076e+03 8.843856e+03 8.939816e+03 8.245746e+03 7.500636e+03 7.076266e+03 6.874966e+03 6.684396e+03 6.485866e+03 6.403976e+03 6.286266e+03 6.402026e+03 6.401046e+03 6.400446e+03 6.763586e+03 6.687696e+03 6.282526e+03 6.048146e+03 5.779416e+03 5.342056e+03 4.978876e+03 4.753006e+03 4.629936e+03 4.423686e+03 4.277136e+03 3.981886e+03
-1.088204e+03 -8.832638e+02 -2.575548e+02 8.777719e+01 3.005162e+02 4.716622e+02 7.795135e+02 9.422452e+02 1.150237e+03 1.398794e+03 1.858876e+03 2.227896e+03 2.711296e+03 3.154416e+03 3.408636e+03 3.809096e+03 4.184656e+03 4.562896e+03 4.960976e+03 5.287686e+03 5.724006e+03 6.245636e+03 6.851576e+03 7.333436e+03 7.493516e+03 8.092596e+03 9.457146e+03 1.059129e+04 1.028881e+04 7.837246e+03 6.789796e+03 6.749116e+03 6.600906e+03 6.425256e+03 6.315886e+03 6.171326e+03 6.093926e+03 6.107356e+03 5.906106e+03 6.103996e+03 5.974556e+03 5.571946e+03 5.097486e+03 4.874936e+03 4.711686e+03 4.582046e+03 4.379126e+03 4.455306e+03 3.907866e+03 3.716106e+03 3.543916e+03
-1.240904e+03 -4.504638e+02 1.065832e+02 -4.294681e+01 -1.462718e+02 1.552412e+02 4.452062e+02 5.492852e+02 1.039120e+03 1.462274e+03 1.919236e+03 2.337906e+03 2.707516e+03 3.009506e+03 3.295996e+03 3.635796e+03 4.046676e+03 4.526356e+03 4.900456e+03 5.177916e+03 5.406776e+03 5.724956e+03 6.207836e+03 6.794476e+03 6.961716e+03 7.855116e+03 1.043005e+04 1.403135e+04 1.374295e+04 1.003352e+04 6.927266e+03 6.478616e+03 6.392566e+03 6.327596e+03 6.249816e+03 6.131726e+03 5.940656e+03 5.813496e+03 5.743576e+03 5.330446e+03 5.102266e+03 4.918946e+03 4.772586e+03 4.638816e+03 4.503376e+03 4.330246e+03 4.138176e+03 3.938276e+03 3.766936e+03 3.519636e+03 3.336696e+03
-8.413138e+02 1.853012e+02 -1.072168e+02 -6.358838e+02 -2.234208e+02 -2.673418e+02 -2.632768e+02 1.747082e+02 1.141582e+03 1.753706e+03 2.105316e+03 2.515036e+03 2.749836e+03 2.751346e+03 2.865756e+03 3.396946e+03 3.886756e+03 4.565416e+03 4.966666e+03 5.121666e+03 5.243006e+03 5.378336e+03 5.582636e+03 5.975456e+03 6.087906e+03 6.770156e+03 1.012527e+04 1.329635e+04 1.307885e+04 1.141555e+04 7.313816e+03 6.299276e+03 6.247646e+03 6.230326e+03 6.216466e+03 6.106436e+03 5.919786e+03 5.745226e+03 5.549886e+03 5.271966e+03 5.064526e+03 4.885226e+03 4.722226e+03 4.596806e+03 4.487436e+03 4.305616e+03 4.033716e+03 3.856966e+03 3.605076e+03 3.332026e+03 3.122076e+03
-3.589181e+01 4.544262e+02 -9.440138e+02 -8.333438e+02 -6.643838e+02 -5.126538e+02 -2.471328e+02 7.913422e+02 1.376622e+03 1.833936e+03 2.338596e+03 2.916566e+03 3.026436e+03 2.539966e+03 2.542856e+03 3.100936e+03 3.496326e+03 5.141046e+03 5.811606e+03 5.035186e+03 5.464626e+03 5.436536e+03 5.255376e+03 5.303256e+03 5.175846e+03 5.373616e+03 7.162576e+03 1.097075e+04 1.184025e+04 9.664566e+03 6.433836e+03 6.118866e+03 6.169786e+03 6.347936e+03 6.344406e+03 6.141576e+03 5.881266e+03 5.660466e+03 5.480596e+03 5.170726e+03 5.008466e+03 4.836596e+03 4.679896e+03 4.580446e+03 4.519256e+03 4.392926e+03 3.978096e+03 3.613736e+03 3.347956e+03 3.094826e+03 2.907036e+03
3.535612e+02 -9.663138e+02 -1.090434e+03 -1.059034e+03 -8.880838e+02 -5.104638e+02 4.809682e+02 1.124068e+03 1.649651e+03 2.054666e+03 2.710166e+03 3.032646e+03 2.658236e+03 2.250206e+03 2.061036e+03 2.799016e+03 3.112376e+03 4.708516e+03 5.735266e+03 4.898796e+03 5.610636e+03 5.301066e+03 4.963026e+03 4.842656e+03 4.570496e+03 4.436796e+03 5.365736e+03 6.622926e+03 6.844846e+03 6.447126e+03 5.984596e+03 6.010626e+03 6.193676e+03 6.469286e+03 6.568116e+03 6.254646e+03 5.944356e+03 5.596986e+03 5.315046e+03 5.025566e+03 4.865156e+03 4.726346e+03 4.622786e+03 4.520606e+03 4.582886e+03 4.580666e+03 4.097766e+03 3.415726e+03 3.076186e+03 2.841936e+03 2.526716e+03
-5.249738e+02 -1.380334e+03 -1.209484e+03 -1.138594e+03 -7.062938e+02 -5.414081e+01 9.211492e+02 1.403280e+03 1.985396e+03 2.254106e+03 2.604076e+03 2.568556e+03 2.090566e+03 1.961656e+03 2.115926e+03 2.359156e+03 2.929296e+03 3.768896e+03 4.496876e+03 4.956326e+03 5.000656e+03 4.995436e+03 4.856356e+03 4.648756e+03 4.389166e+03 4.018156e+03 4.033706e+03 4.143466e+03 4.599466e+03 5.331816e+03 5.668496e+03 5.894186e+03 6.198886e+03 6.639316e+03 6.795756e+03 6.526276e+03 5.934746e+03 5.452916e+03 5.168546e+03 4.900706e+03 4.701916e+03 4.575756e+03 4.499696e+03 4.442306e+03 4.449576e+03 4.647106e+03 4.209416e+03 3.307296e+03 2.816726e+03 2.487846e+03 2.268146e+03
-1.622294e+03 -1.590184e+03 -1.511474e+03 -1.277444e+03 -7.118938e+02 1.531512e+02 9.987362e+02 1.456591e+03 1.667640e+03 1.765166e+03 1.881536e+03 1.864696e+03 1.777766e+03 1.809396e+03 1.669942e+03 1.968206e+03 2.695846e+03 3.371206e+03 4.807276e+03 5.169006e+03 5.083476e+03 5.038146e+03 4.844086e+03 4.572436e+03 4.272406e+03 3.889236e+03 3.903736e+03 3.980226e+03 4.369296e+03 4.883566e+03 5.303056e+03 5.625156e+03 6.395316e+03 7.020676e+03 7.167316e+03 6.550856e+03 5.700896e+03 5.254136e+03 4.946496e+03 4.739836e+03 4.669626e+03 4.459586e+03 4.370726e+03 4.325856e+03 4.260226e+03 4.441416e+03 3.943296e+03 3.035736e+03 2.404806e+03 2.255706e+03 2.092106e+03
-1.948704e+03 -1.845924e+03 -1.365564e+03 -9.066238e+02 -2.338098e+02 4.678262e+02 9.426422e+02 1.102877e+03 9.624082e+02 1.038549e+03 1.184679e+03 1.337940e+03 1.558342e+03 1.510809e+03 1.407428e+03 1.895856e+03 2.489546e+03 3.192846e+03 5.289836e+03 5.403316e+03 5.242576e+03 5.126066e+03 4.872556e+03 4.514756e+03 4.002316e+03 3.655076e+03 3.712006e+03 3.862306e+03 4.078086e+03 4.480926e+03 4.884356e+03 5.425906e+03 6.622946e+03 7.703206e+03 7.885746e+03 6.895766e+03 5.529836e+03 4.934106e+03 4.724636e+03 4.597026e+03 4.465206e+03 4.329046e+03 4.243606e+03 4.171686e+03 4.128926e+03 3.977566e+03 3.324506e+03 2.750496e+03 2.435576e+03 2.237586e+03 2.024196e+03
-2.115944e+03 -1.639944e+03 -1.359464e+03 -6.513638e+02 -2.426938e+02 9.644019e+01 3.054062e+02 2.975922e+02 4.207782e+02 6.434160e+02 7.165592e+02 1.014131e+03 1.211328e+03 1.313068e+03 1.381983e+03 1.589569e+03 1.883756e+03 2.999876e+03 5.307126e+03 5.228746e+03 5.352646e+03 5.319256e+03 4.828596e+03 4.370896e+03 3.557496e+03 3.538136e+03 3.550456e+03 3.300616e+03 3.560116e+03 4.102546e+03 4.423006e+03 5.318736e+03 6.909716e+03 8.522536e+03 8.704026e+03 7.580746e+03 5.674016e+03 4.701026e+03 4.517476e+03 4.437446e+03 4.326046e+03 4.213256e+03 4.107136e+03 4.020946e+03 3.906316e+03 3.661726e+03 3.232726e+03 2.759206e+03 2.458086e+03 2.167966e+03 1.973726e+03
-2.074064e+03 -1.851404e+03 -1.254854e+03 -6.670338e+02 -5.374238e+02 -3.125738e+02 -1.263058e+02 -4.166281e+01 2.404188e+00 2.287052e+02 4.957502e+02 6.492456e+02 8.645142e+02 1.128487e+03 1.383459e+03 1.576526e+03 1.777316e+03 2.987556e+03 4.506126e+03 4.803266e+03 4.761216e+03 4.778036e+03 4.275726e+03 3.496466e+03 3.401576e+03 3.396096e+03 3.428676e+03 3.459466e+03 3.499006e+03 3.578856e+03 3.983466e+03 4.867116e+03 6.470156e+03 8.754206e+03 1.066471e+04 1.040696e+04 7.587076e+03 4.788346e+03 4.333566e+03 4.295596e+03 4.242886e+03 4.125056e+03 3.988866e+03 3.876856e+03 3.695156e+03 3.440506e+03 3.111386e+03 2.776286e+03 2.471536e+03 2.230476e+03 1.970276e+03
-2.220064e+03 -1.800384e+03 -1.202614e+03 -9.138338e+02 -6.984038e+02 -5.627238e+02 -4.567338e+02 -2.860928e+02 -6.392481e+01 1.434692e+02 4.218692e+02 6.493254e+02 8.551922e+02 1.033981e+03 1.309694e+03 1.746686e+03 1.939436e+03 2.954306e+03 3.750026e+03 3.622356e+03 3.275286e+03 3.287526e+03 3.322046e+03 3.275766e+03 3.302816e+03 3.284306e+03 3.276996e+03 3.257826e+03 3.260106e+03 3.274066e+03 3.430016e+03 3.837906e+03 5.122446e+03 9.673006e+03 1.433365e+04 1.530885e+04 1.267235e+04 6.787676e+03 4.384426e+03 4.205126e+03 4.110426e+03 4.013716e+03 3.877446e+03 3.713226e+03 3.528246e+03 3.341156e+03 3.051626e+03 2.828356e+03 2.487276e+03 2.128556e+03 1.873896e+03
-2.059284e+03 -1.686644e+03 -1.272354e+03 -9.537838e+02 -8.463038e+02 -7.235338e+02 -5.781838e+02 -3.851038e+02 -1.003818e+02 1.516952e+02 4.205012e+02 6.834498e+02 9.016812e+02 1.111161e+03 1.322401e+03 1.627262e+03 2.169006e+03 2.704116e+03 3.356366e+03 3.314066e+03 3.187266e+03 3.162496e+03 3.175056e+03 3.183386e+03 3.197816e+03 3.157926e+03 3.138296e+03 3.138086e+03 3.067806e+03 2.996456e+03 2.866346e+03 2.792266e+03 3.316756e+03 8.878396e+03 1.584505e+04 1.768435e+04 1.580265e+04 8.892946e+03 4.880426e+03 4.273756e+03 4.095926e+03 3.942896e+03 3.780766e+03 3.596956e+03 3.425636e+03 3.225756e+03 3.011966e+03 2.825206e+03 2.531146e+03 2.140536e+03 1.810076e+03
-1.752294e+03 -1.504544e+03 -1.303064e+03 -8.644838e+02 -8.975438e+02 -7.252638e+02 -4.915538e+02 -2.926838e+02 -1.191048e+02 1.047582e+02 3.741602e+02 6.940044e+02 9.865022e+02 1.203589e+03 1.422048e+03 1.618329e+03 1.987486e+03 2.392886e+03 2.991426e+03 3.144546e+03 3.073276e+03 3.066796e+03 3.089196e+03 3.100576e+03 3.109646e+03 3.091286e+03 3.071006e+03 3.048176e+03 2.949126e+03 2.837166e+03 2.699966e+03 2.473846e+03 2.563566e+03 6.171846e+03 1.301205e+04 1.598475e+04 1.339155e+04 9.030776e+03 5.339996e+03 4.486216e+03 4.184896e+03 3.867676e+03 3.636736e+03 3.422716e+03 3.278396e+03 3.123276e+03 3.006146e+03 5.164806e+03 2.921246e+03 1.984026e+03 1.699589e+03
-1.390874e+03 -1.335084e+03 -9.930538e+02 -8.319938e+02 -6.523838e+02 -1.389768e+02 3.010672e+02 1.035824e+03 1.856896e+03 2.667106e+03 2.415866e+03 1.233868e+03 1.008512e+03 1.254995e+03 1.496887e+03 1.711016e+03 1.891736e+03 2.080516e+03 2.512346e+03 2.768716e+03 2.865776e+03 2.950806e+03 3.003926e+03 3.041356e+03 3.057206e+03 3.041616e+03 3.004146e+03 2.950916e+03 2.915576e+03 2.772756e+03 2.633866e+03 2.470626e+03 2.314836e+03 2.790816e+03 7.503086e+03 9.437726e+03 9.125496e+03 7.841116e+03 5.737196e+03 4.725086e+03 4.221816e+03 3.792586e+03 3.481576e+03 3.180526e+03 3.090856e+03 2.959256e+03 2.921866e+03 6.154046e+03 2.393216e+03 1.776186e+03 1.540283e+03
-1.350424e+03 -1.618814e+03 -1.022084e+03 -9.040438e+02 -5.217938e+02 8.755492e+02 2.145086e+03 5.349776e+03 7.501176e+03 8.048446e+03 6.993896e+03 5.783736e+03 3.829996e+03 1.297452e+03 1.564963e+03 1.793906e+03 1.930666e+03 1.984986e+03 2.064356e+03 2.452606e+03 2.705566e+03 2.812536e+03 2.876466e+03 2.935006e+03 2.995526e+03 2.988716e+03 2.961106e+03 2.905476e+03 2.859586e+03 2.774326e+03 2.652806e+03 2.549396e+03 2.469276e+03 2.776706e+03 3.409486e+03 5.125546e+03 6.396306e+03 6.461416e+03 5.579896e+03 4.707226e+03 4.116756e+03 3.702616e+03 3.356296e+03 3.130596e+03 2.967626e+03 2.838796e+03 2.707476e+03 3.171416e+03 1.907376e+03 1.578252e+03 1.419987e+03
-1.470794e+03 -1.187534e+03 -9.313538e+02 -1.095714e+03 -3.233638e+02 2.384396e+03 6.317076e+03 9.757456e+03 1.255745e+04 1.420535e+04 1.375125e+04 1.115415e+04 7.271516e+03 3.581666e+03 1.626288e+03 1.872886e+03 1.947006e+03 1.881136e+03 1.883386e+03 2.253386e+03 2.557446e+03 2.571346e+03 2.705126e+03 2.852956e+03 2.901406e+03 2.947166e+03 2.918496e+03 2.883846e+03 2.836426e+03 2.759826e+03 2.659536e+03 2.601866e+03 2.560436e+03 2.545196e+03 2.748856e+03 3.741166e+03 4.778216e+03 5.186156e+03 5.014996e+03 4.375736e+03 3.832686e+03 3.567836e+03 3.318036e+03 3.062936e+03 2.880676e+03 2.736986e+03 2.565626e+03 2.230896e+03 1.825996e+03 1.523563e+03 1.308734e+03
