Code/Output_20260204_161825/2.9_30_1000_moho_undulation.grd
DSAA
181 201
-5400000.000000 5400000.000000
-6000000.000000 6000000.000000
-112227.448381 -0.000000
[rows 176 to 197 of 201, columns 0 to 49 of 181]
-0.000000e+00 -1.723271e+03 -6.594989e+03 -1.377127e+04 -2.221935e+04 -3.086569e+04 -3.875640e+04 -4.507079e+04 -4.913718e+04 -5.052327e+04 -5.055992e+04 -5.074007e+04 -5.106128e+04 -5.154170e+04 -5.219747e+04 -5.302984e+04 -5.400050e+04 -5.506054e+04 -5.609374e+04 -5.700309e+04 -5.772116e+04 -5.821055e+04 -5.848784e+04 -5.861098e+04 -5.861869e+04 -5.853661e+04 -5.839580e+04 -5.821396e+04 -5.800289e+04 -5.776526e+04 -5.752076e+04 -5.729563e+04 -5.710886e+04 -5.695333e+04 -5.683160e+04 -5.674212e+04 -5.668299e+04 -5.665842e+04 -5.665625e+04 -5.667210e+04 -5.671357e+04 -5.679056e+04 -5.691677e+04 -5.711056e+04 -5.738931e+04 -5.776154e+04 -5.820686e+04 -5.868782e+04 -5.915491e+04 -5.955625e+04
-0.000000e+00 -1.700614e+03 -6.457768e+03 -1.345986e+04 -2.168699e+04 -3.010234e+04 -3.778562e+04 -4.394238e+04 -4.793478e+04 -4.933198e+04 -4.941405e+04 -4.964098e+04 -5.002926e+04 -5.059440e+04 -5.136090e+04 -5.231554e+04 -5.341519e+04 -5.458123e+04 -5.571356e+04 -5.671287e+04 -5.750439e+04 -5.804725e+04 -5.833831e+04 -5.843853e+04 -5.840561e+04 -5.829079e+04 -5.813391e+04 -5.796006e+04 -5.778297e+04 -5.760763e+04 -5.743155e+04 -5.725758e+04 -5.708909e+04 -5.693023e+04 -5.678621e+04 -5.666455e+04 -5.657216e+04 -5.652170e+04 -5.651294e+04 -5.654375e+04 -5.661358e+04 -5.672492e+04 -5.688456e+04 -5.710637e+04 -5.739707e+04 -5.776614e+04 -5.818840e+04 -5.864055e+04 -5.908841e+04 -5.946509e+04
-0.000000e+00 -1.678034e+03 -6.356640e+03 -1.324134e+04 -2.132969e+04 -2.961424e+04 -3.719311e+04 -4.328545e+04 -4.725896e+04 -4.871198e+04 -4.884704e+04 -4.911018e+04 -4.955285e+04 -5.016270e+04 -5.096571e+04 -5.195188e+04 -5.308052e+04 -5.428045e+04 -5.545501e+04 -5.650214e+04 -5.734078e+04 -5.791423e+04 -5.822069e+04 -5.831906e+04 -5.826955e+04 -5.812627e+04 -5.794512e+04 -5.776593e+04 -5.760801e+04 -5.746846e+04 -5.733712e+04 -5.720725e+04 -5.707423e+04 -5.693642e+04 -5.679412e+04 -5.666067e+04 -5.655504e+04 -5.649923e+04 -5.649714e+04 -5.654826e+04 -5.665349e+04 -5.681198e+04 -5.701714e+04 -5.727025e+04 -5.756766e+04 -5.792067e+04 -5.829437e+04 -5.868076e+04 -5.908321e+04 -5.939769e+04
-0.000000e+00 -1.658432e+03 -6.269184e+03 -1.304686e+04 -2.101691e+04 -2.919169e+04 -3.669383e+04 -4.274948e+04 -4.672794e+04 -4.818277e+04 -4.837171e+04 -4.871485e+04 -4.920331e+04 -4.985022e+04 -5.068720e+04 -5.169899e+04 -5.284907e+04 -5.406795e+04 -5.525929e+04 -5.632663e+04 -5.718701e+04 -5.777974e+04 -5.809475e+04 -5.818267e+04 -5.810822e+04 -5.794201e+04 -5.774637e+04 -5.756589e+04 -5.742165e+04 -5.731649e+04 -5.723122e+04 -5.714339e+04 -5.703695e+04 -5.690823e+04 -5.676413e+04 -5.662263e+04 -5.651227e+04 -5.645966e+04 -5.647625e+04 -5.656308e+04 -5.671250e+04 -5.691296e+04 -5.715246e+04 -5.742353e+04 -5.772357e+04 -5.805148e+04 -5.839596e+04 -5.873614e+04 -5.904348e+04 -5.928689e+04
-0.000000e+00 -1.658881e+03 -6.251073e+03 -1.302034e+04 -2.100196e+04 -2.921728e+04 -3.677764e+04 -4.290766e+04 -4.696600e+04 -4.849298e+04 -4.875108e+04 -4.915547e+04 -4.968234e+04 -5.033317e+04 -5.113973e+04 -5.209042e+04 -5.315498e+04 -5.427352e+04 -5.534306e+04 -5.630142e+04 -5.708004e+04 -5.762534e+04 -5.791734e+04 -5.799380e+04 -5.791201e+04 -5.773695e+04 -5.752613e+04 -5.732525e+04 -5.715736e+04 -5.703440e+04 -5.693538e+04 -5.683860e+04 -5.672931e+04 -5.661315e+04 -5.648898e+04 -5.637057e+04 -5.630159e+04 -5.629521e+04 -5.636288e+04 -5.650318e+04 -5.670390e+04 -5.695322e+04 -5.722687e+04 -5.750822e+04 -5.779264e+04 -5.808545e+04 -5.837973e+04 -5.866029e+04 -5.890369e+04 -5.907879e+04
-0.000000e+00 -1.659331e+03 -6.240021e+03 -1.300934e+04 -2.100926e+04 -2.926622e+04 -3.689391e+04 -4.312183e+04 -4.728267e+04 -4.889214e+04 -4.921100e+04 -4.966050e+04 -5.021243e+04 -5.086119e+04 -5.162838e+04 -5.249379e+04 -5.344130e+04 -5.442895e+04 -5.539415e+04 -5.626193e+04 -5.697068e+04 -5.746877e+04 -5.773336e+04 -5.779464e+04 -5.770195e+04 -5.751407e+04 -5.728818e+04 -5.706897e+04 -5.688128e+04 -5.673932e+04 -5.662331e+04 -5.651624e+04 -5.640829e+04 -5.629608e+04 -5.619115e+04 -5.611076e+04 -5.608490e+04 -5.613012e+04 -5.626170e+04 -5.646769e+04 -5.672673e+04 -5.701414e+04 -5.730678e+04 -5.758843e+04 -5.785398e+04 -5.810392e+04 -5.833378e+04 -5.854030e+04 -5.871432e+04 -5.883617e+04
-0.000000e+00 -1.659780e+03 -6.265239e+03 -1.308224e+04 -2.116316e+04 -2.953062e+04 -3.730522e+04 -4.371300e+04 -4.802819e+04 -4.968574e+04 -5.007403e+04 -5.059203e+04 -5.118338e+04 -5.182365e+04 -5.253052e+04 -5.329863e+04 -5.411203e+04 -5.494060e+04 -5.573191e+04 -5.639826e+04 -5.693192e+04 -5.730025e+04 -5.750198e+04 -5.752358e+04 -5.740756e+04 -5.720510e+04 -5.696411e+04 -5.672072e+04 -5.649977e+04 -5.631930e+04 -5.617237e+04 -5.603742e+04 -5.593074e+04 -5.582251e+04 -5.575027e+04 -5.573687e+04 -5.579663e+04 -5.592634e+04 -5.613243e+04 -5.640376e+04 -5.671463e+04 -5.703619e+04 -5.734259e+04 -5.761264e+04 -5.784111e+04 -5.803427e+04 -5.820398e+04 -5.835913e+04 -5.850959e+04 -5.860355e+04
-0.000000e+00 -1.659969e+03 -6.294285e+03 -1.316804e+04 -2.134517e+04 -2.984313e+04 -3.777115e+04 -4.433497e+04 -4.879314e+04 -5.059730e+04 -5.107180e+04 -5.164026e+04 -5.225204e+04 -5.287705e+04 -5.352570e+04 -5.417811e+04 -5.480916e+04 -5.541954e+04 -5.598865e+04 -5.648633e+04 -5.687751e+04 -5.713608e+04 -5.726091e+04 -5.723154e+04 -5.708724e+04 -5.686712e+04 -5.660755e+04 -5.634061e+04 -5.608935e+04 -5.587417e+04 -5.569412e+04 -5.553530e+04 -5.542015e+04 -5.533988e+04 -5.531784e+04 -5.536967e+04 -5.550601e+04 -5.571651e+04 -5.600387e+04 -5.635195e+04 -5.671800e+04 -5.706637e+04 -5.737234e+04 -5.762315e+04 -5.781909e+04 -5.797139e+04 -5.809652e+04 -5.820375e+04 -5.830250e+04 -5.836558e+04
-0.000000e+00 -1.657139e+03 -6.310336e+03 -1.322102e+04 -2.147660e+04 -3.011529e+04 -3.820496e+04 -4.490609e+04 -4.949774e+04 -5.143189e+04 -5.197105e+04 -5.258665e+04 -5.322559e+04 -5.383792e+04 -5.441030e+04 -5.494432e+04 -5.544081e+04 -5.589466e+04 -5.629787e+04 -5.663375e+04 -5.684863e+04 -5.697341e+04 -5.700183e+04 -5.692318e+04 -5.675250e+04 -5.651624e+04 -5.624387e+04 -5.596206e+04 -5.569080e+04 -5.544936e+04 -5.524654e+04 -5.508682e+04 -5.497801e+04 -5.493123e+04 -5.495969e+04 -5.508528e+04 -5.531417e+04 -5.561970e+04 -5.598667e+04 -5.638715e+04 -5.678572e+04 -5.714832e+04 -5.745116e+04 -5.767969e+04 -5.784044e+04 -5.795606e+04 -5.804482e+04 -5.811828e+04 -5.817938e+04 -5.822252e+04
-0.000000e+00 -1.651567e+03 -6.321654e+03 -1.327217e+04 -2.160639e+04 -3.035619e+04 -3.858359e+04 -4.542932e+04 -5.014934e+04 -5.218753e+04 -5.279620e+04 -5.345935e+04 -5.411334e+04 -5.471179e+04 -5.523885e+04 -5.569447e+04 -5.607512e+04 -5.635673e+04 -5.656691e+04 -5.671181e+04 -5.679056e+04 -5.680596e+04 -5.675114e+04 -5.661574e+04 -5.640892e+04 -5.615305e+04 -5.587091e+04 -5.558142e+04 -5.530250e+04 -5.505406e+04 -5.484791e+04 -5.469384e+04 -5.460994e+04 -5.461305e+04 -5.471418e+04 -5.491874e+04 -5.522254e+04 -5.559880e+04 -5.602672e+04 -5.647388e+04 -5.690347e+04 -5.727392e+04 -5.756291e+04 -5.776708e+04 -5.789865e+04 -5.798340e+04 -5.804301e+04 -5.809074e+04 -5.813207e+04 -5.816580e+04
-0.000000e+00 -1.645991e+03 -6.329603e+03 -1.330862e+04 -2.170520e+04 -3.055287e+04 -3.891846e+04 -4.591241e+04 -5.076368e+04 -5.287644e+04 -5.352585e+04 -5.421503e+04 -5.487702e+04 -5.545918e+04 -5.592464e+04 -5.627351e+04 -5.651504e+04 -5.666499e+04 -5.673964e+04 -5.675285e+04 -5.671320e+04 -5.662043e+04 -5.647947e+04 -5.629193e+04 -5.606210e+04 -5.579851e+04 -5.551376e+04 -5.522253e+04 -5.494157e+04 -5.469584e+04 -5.449292e+04 -5.435863e+04 -5.430943e+04 -5.435994e+04 -5.452033e+04 -5.479136e+04 -5.516447e+04 -5.561661e+04 -5.610711e+04 -5.659322e+04 -5.703510e+04 -5.740126e+04 -5.767478e+04 -5.785578e+04 -5.795695e+04 -5.800758e+04 -5.803579e+04 -5.806119e+04 -5.809054e+04 -5.812032e+04
-0.000000e+00 -1.640416e+03 -6.296260e+03 -1.324537e+04 -2.164135e+04 -3.051683e+04 -3.891743e+04 -4.595041e+04 -5.083238e+04 -5.296016e+04 -5.361007e+04 -5.428933e+04 -5.493582e+04 -5.550102e+04 -5.594954e+04 -5.627745e+04 -5.649245e+04 -5.660988e+04 -5.663912e+04 -5.659963e+04 -5.650896e+04 -5.637929e+04 -5.621437e+04 -5.601336e+04 -5.578064e+04 -5.552374e+04 -5.525852e+04 -5.499556e+04 -5.474885e+04 -5.453815e+04 -5.436601e+04 -5.426828e+04 -5.425956e+04 -5.435580e+04 -5.456880e+04 -5.488891e+04 -5.529913e+04 -5.577180e+04 -5.627096e+04 -5.675585e+04 -5.718824e+04 -5.753686e+04 -5.778763e+04 -5.794588e+04 -5.802916e+04 -5.806701e+04 -5.808508e+04 -5.810227e+04 -5.812248e+04 -5.814791e+04
-0.000000e+00 -1.634383e+03 -6.257391e+03 -1.318973e+04 -2.158103e+04 -3.047234e+04 -3.890419e+04 -4.597505e+04 -5.088547e+04 -5.302082e+04 -5.366321e+04 -5.433039e+04 -5.496231e+04 -5.551231e+04 -5.594432e+04 -5.624727e+04 -5.642788e+04 -5.650251e+04 -5.649120e+04 -5.641416e+04 -5.628996e+04 -5.613175e+04 -5.594555e+04 -5.573288e+04 -5.550330e+04 -5.526256e+04 -5.501800e+04 -5.477983e+04 -5.456214e+04 -5.438245e+04 -5.424825e+04 -5.419861e+04 -5.424293e+04 -5.439030e+04 -5.464438e+04 -5.499872e+04 -5.543512e+04 -5.592412e+04 -5.643022e+04 -5.690878e+04 -5.732404e+04 -5.765218e+04 -5.788395e+04 -5.802511e+04 -5.809390e+04 -5.811985e+04 -5.812681e+04 -5.813492e+04 -5.815068e+04 -5.817255e+04
-0.000000e+00 -1.620845e+03 -6.198854e+03 -1.308376e+04 -2.142956e+04 -3.028533e+04 -3.869047e+04 -4.572739e+04 -5.059457e+04 -5.268766e+04 -5.328954e+04 -5.391558e+04 -5.450424e+04 -5.502764e+04 -5.544925e+04 -5.575548e+04 -5.594883e+04 -5.604272e+04 -5.605381e+04 -5.600080e+04 -5.591610e+04 -5.578746e+04 -5.561953e+04 -5.543107e+04 -5.522880e+04 -5.501861e+04 -5.480757e+04 -5.460983e+04 -5.444882e+04 -5.431291e+04 -5.423234e+04 -5.422625e+04 -5.430897e+04 -5.448926e+04 -5.476812e+04 -5.513477e+04 -5.556542e+04 -5.603172e+04 -5.652266e+04 -5.697483e+04 -5.735910e+04 -5.765833e+04 -5.786611e+04 -5.798801e+04 -5.804644e+04 -5.806590e+04 -5.807166e+04 -5.808084e+04 -5.809969e+04 -5.812712e+04
-0.000000e+00 -1.601836e+03 -6.129751e+03 -1.294781e+04 -2.121940e+04 -2.999565e+04 -3.831713e+04 -4.526597e+04 -5.004554e+04 -5.205215e+04 -5.257251e+04 -5.312607e+04 -5.367356e+04 -5.418076e+04 -5.460830e+04 -5.494169e+04 -5.517979e+04 -5.534831e+04 -5.544468e+04 -5.547641e+04 -5.545349e+04 -5.537903e+04 -5.526048e+04 -5.511696e+04 -5.495959e+04 -5.480266e+04 -5.464827e+04 -5.450641e+04 -5.439415e+04 -5.430643e+04 -5.427291e+04 -5.430976e+04 -5.443157e+04 -5.464001e+04 -5.492751e+04 -5.528320e+04 -5.568958e+04 -5.612159e+04 -5.657065e+04 -5.697876e+04 -5.731429e+04 -5.757113e+04 -5.775038e+04 -5.786028e+04 -5.791641e+04 -5.793881e+04 -5.795021e+04 -5.796602e+04 -5.799263e+04 -5.803000e+04
-0.000000e+00 -1.544103e+03 -5.914122e+03 -1.249913e+04 -2.049315e+04 -2.897480e+04 -3.700530e+04 -4.368077e+04 -4.823129e+04 -5.010225e+04 -5.054632e+04 -5.103554e+04 -5.153504e+04 -5.201397e+04 -5.244396e+04 -5.281344e+04 -5.311388e+04 -5.334279e+04 -5.350188e+04 -5.359765e+04 -5.363614e+04 -5.362037e+04 -5.356555e+04 -5.348199e+04 -5.337968e+04 -5.326902e+04 -5.316129e+04 -5.306843e+04 -5.300481e+04 -5.297325e+04 -5.299786e+04 -5.308352e+04 -5.323485e+04 -5.345345e+04 -5.373491e+04 -5.406969e+04 -5.444184e+04 -5.482922e+04 -5.520777e+04 -5.554918e+04 -5.583522e+04 -5.605785e+04 -5.621508e+04 -5.631307e+04 -5.636596e+04 -5.639245e+04 -5.641157e+04 -5.643534e+04 -5.646828e+04 -5.650832e+04
-0.000000e+00 -1.414764e+03 -5.418687e+03 -1.145143e+04 -1.876941e+04 -2.651758e+04 -3.383215e+04 -3.988542e+04 -4.397724e+04 -4.561383e+04 -4.589628e+04 -4.629360e+04 -4.673309e+04 -4.715788e+04 -4.757016e+04 -4.794881e+04 -4.828287e+04 -4.856522e+04 -4.879170e+04 -4.898575e+04 -4.912675e+04 -4.920252e+04 -4.921610e+04 -4.919417e+04 -4.915042e+04 -4.909589e+04 -4.904574e+04 -4.902029e+04 -4.902141e+04 -4.904939e+04 -4.911577e+04 -4.923070e+04 -4.939751e+04 -4.961474e+04 -4.986735e+04 -5.015459e+04 -5.046616e+04 -5.078375e+04 -5.108741e+04 -5.135902e+04 -5.156402e+04 -5.174011e+04 -5.187786e+04 -5.196283e+04 -5.201538e+04 -5.205029e+04 -5.208161e+04 -5.211934e+04 -5.216687e+04 -5.222303e+04
-0.000000e+00 -1.226942e+03 -4.698981e+03 -9.928126e+03 -1.626507e+04 -2.296217e+04 -2.926480e+04 -3.445448e+04 -3.792251e+04 -3.924997e+04 -3.942024e+04 -3.971154e+04 -4.006654e+04 -4.043006e+04 -4.080397e+04 -4.116846e+04 -4.152451e+04 -4.185917e+04 -4.215474e+04 -4.240117e+04 -4.259337e+04 -4.272260e+04 -4.279101e+04 -4.282225e+04 -4.284171e+04 -4.285005e+04 -4.285848e+04 -4.287892e+04 -4.292103e+04 -4.298598e+04 -4.308140e+04 -4.321538e+04 -4.338779e+04 -4.358767e+04 -4.380068e+04 -4.403158e+04 -4.427431e+04 -4.451569e+04 -4.474185e+04 -4.493584e+04 -4.507542e+04 -4.519956e+04 -4.530569e+04 -4.537753e+04 -4.542831e+04 -4.546860e+04 -4.550883e+04 -4.555979e+04 -4.562331e+04 -4.569773e+04
-0.000000e+00 -1.000223e+03 -3.828791e+03 -8.087349e+03 -1.324276e+04 -1.867984e+04 -2.377066e+04 -2.792586e+04 -3.067596e+04 -3.170588e+04 -3.183836e+04 -3.202914e+04 -3.227349e+04 -3.256298e+04 -3.288940e+04 -3.323294e+04 -3.357720e+04 -3.390615e+04 -3.420555e+04 -3.446446e+04 -3.467594e+04 -3.484025e+04 -3.495360e+04 -3.503020e+04 -3.508236e+04 -3.512256e+04 -3.516301e+04 -3.521409e+04 -3.528347e+04 -3.537978e+04 -3.549733e+04 -3.563585e+04 -3.579207e+04 -3.596103e+04 -3.613710e+04 -3.631420e+04 -3.648561e+04 -3.664613e+04 -3.679150e+04 -3.691838e+04 -3.702505e+04 -3.711084e+04 -3.717978e+04 -3.723472e+04 -3.728153e+04 -3.732599e+04 -3.737404e+04 -3.743007e+04 -3.749811e+04 -3.757613e+04
-0.000000e+00 -7.592127e+02 -2.897828e+03 -6.117765e+03 -1.000875e+04 -1.410073e+04 -1.792235e+04 -2.101347e+04 -2.304126e+04 -2.381085e+04 -2.388443e+04 -2.400027e+04 -2.416778e+04 -2.438314e+04 -2.463650e+04 -2.490998e+04 -2.518994e+04 -2.546259e+04 -2.571849e+04 -2.595072e+04 -2.614710e+04 -2.630027e+04 -2.641060e+04 -2.649205e+04 -2.655491e+04 -2.660918e+04 -2.666978e+04 -2.674366e+04 -2.683296e+04 -2.693443e+04 -2.704910e+04 -2.717712e+04 -2.731482e+04 -2.745731e+04 -2.759993e+04 -2.773482e+04 -2.785788e+04 -2.796978e+04 -2.806873e+04 -2.815346e+04 -2.822413e+04 -2.827829e+04 -2.832768e+04 -2.837107e+04 -2.841139e+04 -2.845181e+04 -2.849635e+04 -2.854798e+04 -2.861729e+04 -2.869131e+04
-0.000000e+00 -5.212234e+02 -1.983240e+03 -4.184277e+03 -6.839995e+03 -9.626498e+03 -1.222063e+04 -1.430932e+04 -1.566867e+04 -1.615921e+04 -1.618633e+04 -1.625361e+04 -1.636185e+04 -1.650838e+04 -1.668643e+04 -1.688309e+04 -1.709309e+04 -1.730284e+04 -1.750134e+04 -1.767992e+04 -1.783301e+04 -1.795570e+04 -1.804821e+04 -1.812177e+04 -1.818650e+04 -1.824669e+04 -1.830882e+04 -1.837839e+04 -1.845861e+04 -1.854705e+04 -1.864360e+04 -1.874949e+04 -1.885973e+04 -1.896743e+04 -1.906826e+04 -1.915942e+04 -1.923937e+04 -1.930941e+04 -1.936938e+04 -1.941777e+04 -1.945767e+04 -1.949033e+04 -1.952264e+04 -1.955357e+04 -1.958446e+04 -1.961686e+04 -1.965328e+04 -1.969698e+04 -1.975256e+04 -1.981371e+04
-0.000000e+00 -3.089263e+02 -1.172979e+03 -2.473516e+03 -4.040396e+03 -5.680523e+03 -7.199985e+03 -8.423126e+03 -9.211770e+03 -9.480016e+03 -9.486852e+03 -9.520325e+03 -9.580735e+03 -9.666487e+03 -9.775661e+03 -9.900070e+03 -1.003254e+04 -1.016572e+04 -1.029274e+04 -1.040815e+04 -1.050836e+04 -1.059238e+04 -1.065985e+04 -1.071543e+04 -1.076374e+04 -1.080953e+04 -1.085704e+04 -1.090947e+04 -1.096902e+04 -1.103613e+04 -1.110713e+04 -1.118003e+04 -1.125199e+04 -1.132080e+04 -1.138252e+04 -1.143604e+04 -1.148155e+04 -1.151834e+04 -1.154807e+04 -1.157247e+04 -1.159320e+04 -1.161185e+04 -1.162982e+04 -1.164828e+04 -1.166832e+04 -1.169084e+04 -1.171653e+04 -1.174602e+04 -1.177995e+04 -1.181885e+04
