Code/Output_20260204_161825/2.9_30_1000_moho_undulation.grd
DSAA
181 201
-5400000.000000 5400000.000000
-6000000.000000 6000000.000000
-112227.448381 -0.000000
[rows 110 to 131 of 201, columns 50 to 99 of 181]
-6.296411e+04 -6.460355e+04 -6.634361e+04 -6.789720e+04 -6.908432e+04 -7.010705e+04 -7.114259e+04 -7.233897e+04 -7.380228e+04 -7.538312e+04 -7.666155e+04 -7.717847e+04 -7.673098e+04 -7.557299e+04 -7.467678e+04 -7.475617e+04 -7.629864e+04 -7.938204e+04 -8.333680e+04 -8.609086e+04 -8.709326e+04 -8.629011e+04 -8.502102e+04 -8.419901e+04 -8.367253e+04 -8.316849e+04 -8.312360e+04 -8.383645e+04 -8.520652e+04 -8.710012e+04 -8.917633e+04 -9.091961e+04 -9.159458e+04 -9.091654e+04 -8.580555e+04 -8.064598e+04 -8.088746e+04 -8.316735e+04 -8.815857e+04 -8.963669e+04 -8.925513e+04 -9.009060e+04 -9.080097e+04 -9.037510e+04 -8.930262e+04 -8.812609e+04 -8.682339e+04 -8.520287e+04 -8.342323e+04 -8.197581e+04
-6.539488e+04 -6.652413e+04 -6.714796e+04 -6.742283e+04 -6.776538e+04 -6.860924e+04 -7.004174e+04 -7.194541e+04 -7.420160e+04 -7.647484e+04 -7.822280e+04 -7.905349e+04 -7.896375e+04 -7.810320e+04 -7.729715e+04 -7.689261e+04 -7.738666e+04 -7.903188e+04 -8.162399e+04 -8.350749e+04 -8.407781e+04 -8.333516e+04 -8.232693e+04 -8.195306e+04 -8.201100e+04 -8.200097e+04 -8.217810e+04 -8.303886e+04 -8.453968e+04 -8.642985e+04 -8.828921e+04 -8.956566e+04 -8.984978e+04 -8.931510e+04 -8.646769e+04 -8.239886e+04 -8.256816e+04 -8.604484e+04 -8.841116e+04 -8.922677e+04 -8.874001e+04 -8.948381e+04 -9.024910e+04 -8.986805e+04 -8.880976e+04 -8.753730e+04 -8.605821e+04 -8.414566e+04 -7.978283e+04 -8.010765e+04
-6.615188e+04 -6.664458e+04 -6.660183e+04 -6.644935e+04 -6.666570e+04 -6.763316e+04 -6.948496e+04 -7.203756e+04 -7.450925e+04 -7.628544e+04 -7.741451e+04 -7.870364e+04 -8.018247e+04 -8.025491e+04 -7.968938e+04 -7.923232e+04 -7.899174e+04 -7.933774e+04 -8.056189e+04 -8.171642e+04 -8.215403e+04 -8.175447e+04 -8.123368e+04 -8.129696e+04 -8.178027e+04 -8.212715e+04 -8.231687e+04 -8.285710e+04 -8.394702e+04 -8.541671e+04 -8.708927e+04 -8.824983e+04 -8.837835e+04 -8.792119e+04 -8.784918e+04 -8.553750e+04 -8.643530e+04 -8.761689e+04 -8.761826e+04 -8.774889e+04 -8.785229e+04 -8.880664e+04 -8.956787e+04 -8.925194e+04 -8.825973e+04 -8.681715e+04 -8.519962e+04 -8.315760e+04 -7.770155e+04 -7.953326e+04
-6.543939e+04 -6.570732e+04 -6.586553e+04 -6.610401e+04 -6.658470e+04 -6.770261e+04 -6.965792e+04 -7.130795e+04 -7.140681e+04 -7.226253e+04 -7.384698e+04 -7.601907e+04 -7.745451e+04 -7.911093e+04 -8.133588e+04 -8.092888e+04 -8.048896e+04 -8.005550e+04 -8.012811e+04 -8.075329e+04 -8.102398e+04 -8.112948e+04 -8.135321e+04 -8.183963e+04 -8.249730e+04 -8.290761e+04 -8.296822e+04 -8.300655e+04 -8.344133e+04 -8.435786e+04 -8.563195e+04 -8.677181e+04 -8.715985e+04 -8.681431e+04 -8.632638e+04 -8.664229e+04 -8.642824e+04 -8.594597e+04 -8.572122e+04 -8.605841e+04 -8.696181e+04 -8.827470e+04 -8.903030e+04 -8.880553e+04 -8.774282e+04 -8.626445e+04 -8.461819e+04 -8.290369e+04 -8.058602e+04 -8.017445e+04
-6.443820e+04 -6.489480e+04 -6.567081e+04 -6.650117e+04 -6.720282e+04 -6.828153e+04 -6.881702e+04 -6.828226e+04 -6.877021e+04 -6.947291e+04 -7.024520e+04 -7.188450e+04 -7.446799e+04 -7.751364e+04 -8.037493e+04 -8.203360e+04 -8.166212e+04 -8.103728e+04 -8.042768e+04 -8.029035e+04 -8.046948e+04 -8.101679e+04 -8.181436e+04 -8.239074e+04 -8.289820e+04 -8.321375e+04 -8.306088e+04 -8.279046e+04 -8.274842e+04 -8.315644e+04 -8.400185e+04 -8.508643e+04 -8.595432e+04 -8.619816e+04 -8.594642e+04 -8.545594e+04 -8.467837e+04 -8.426555e+04 -8.437600e+04 -8.493907e+04 -8.622183e+04 -8.758926e+04 -8.823873e+04 -8.810149e+04 -8.723511e+04 -8.585457e+04 -8.440610e+04 -8.320458e+04 -8.230822e+04 -8.146632e+04
-6.386749e+04 -6.466223e+04 -6.591500e+04 -6.698704e+04 -6.763124e+04 -6.858535e+04 -6.754070e+04 -6.657355e+04 -6.748263e+04 -6.749011e+04 -6.585563e+04 -6.743121e+04 -7.156449e+04 -7.579103e+04 -8.037351e+04 -8.235608e+04 -8.219465e+04 -8.152961e+04 -8.010959e+04 -8.023147e+04 -8.023778e+04 -8.084185e+04 -8.147651e+04 -8.177592e+04 -8.199720e+04 -8.204789e+04 -8.179780e+04 -8.140617e+04 -8.134618e+04 -8.167059e+04 -8.239121e+04 -8.350607e+04 -8.479356e+04 -8.563436e+04 -8.567944e+04 -8.518440e+04 -8.445445e+04 -8.415732e+04 -8.445207e+04 -8.490783e+04 -8.568534e+04 -8.639733e+04 -8.689116e+04 -8.700862e+04 -8.644727e+04 -8.539584e+04 -8.430466e+04 -8.357092e+04 -8.306100e+04 -8.245836e+04
-6.395824e+04 -6.510747e+04 -6.651432e+04 -6.735170e+04 -6.752648e+04 -6.815791e+04 -6.612574e+04 -6.582632e+04 -6.651369e+04 -6.502724e+04 -6.383470e+04 -6.675277e+04 -6.901088e+04 -7.416338e+04 -7.943756e+04 -8.156389e+04 -8.139214e+04 -8.006259e+04 -7.997897e+04 -7.959465e+04 -7.939162e+04 -7.968462e+04 -7.983851e+04 -7.977679e+04 -7.963794e+04 -7.919187e+04 -7.917301e+04 -7.914684e+04 -7.956786e+04 -8.039731e+04 -8.214634e+04 -8.265413e+04 -8.380476e+04 -8.490560e+04 -8.542693e+04 -8.545471e+04 -8.533268e+04 -8.529427e+04 -8.515664e+04 -8.500509e+04 -8.494659e+04 -8.515353e+04 -8.563579e+04 -8.595385e+04 -8.577869e+04 -8.530203e+04 -8.430545e+04 -8.352638e+04 -8.302068e+04 -8.246488e+04
-6.478650e+04 -6.633460e+04 -6.773826e+04 -6.802965e+04 -6.735367e+04 -6.727553e+04 -6.526681e+04 -6.467363e+04 -6.546934e+04 -6.407659e+04 -6.261177e+04 -6.442817e+04 -6.844849e+04 -7.326778e+04 -7.666338e+04 -7.855996e+04 -7.880756e+04 -7.865560e+04 -7.853123e+04 -7.781145e+04 -7.742131e+04 -7.743087e+04 -7.738657e+04 -7.719100e+04 -7.693304e+04 -7.665728e+04 -7.663537e+04 -7.715700e+04 -7.846502e+04 -7.990508e+04 -8.106813e+04 -8.200701e+04 -8.296467e+04 -8.397625e+04 -8.476045e+04 -8.523422e+04 -8.553636e+04 -8.553747e+04 -8.527870e+04 -8.473943e+04 -8.421197e+04 -8.435420e+04 -8.487282e+04 -8.533764e+04 -8.527164e+04 -8.475001e+04 -8.397311e+04 -8.323313e+04 -8.265749e+04 -8.202939e+04
-6.612865e+04 -6.802140e+04 -6.943993e+04 -6.923191e+04 -6.760964e+04 -6.647755e+04 -6.436528e+04 -6.373083e+04 -6.514145e+04 -6.508424e+04 -6.558229e+04 -6.701506e+04 -6.938020e+04 -7.210267e+04 -7.431336e+04 -7.553185e+04 -7.551989e+04 -7.563779e+04 -7.552494e+04 -7.520628e+04 -7.503068e+04 -7.504559e+04 -7.522262e+04 -7.535645e+04 -7.562031e+04 -7.500464e+04 -7.510279e+04 -7.618796e+04 -7.816384e+04 -8.015450e+04 -8.124210e+04 -8.167473e+04 -8.199887e+04 -8.300078e+04 -8.388571e+04 -8.451992e+04 -8.497515e+04 -8.490282e+04 -8.454400e+04 -8.407607e+04 -8.380709e+04 -8.401505e+04 -8.445164e+04 -8.464620e+04 -8.435064e+04 -8.379306e+04 -8.323006e+04 -8.275985e+04 -8.249533e+04 -8.206331e+04
-6.730843e+04 -6.929019e+04 -7.073334e+04 -7.030454e+04 -6.801671e+04 -6.587103e+04 -6.363813e+04 -6.303769e+04 -6.533223e+04 -6.733375e+04 -6.785499e+04 -6.917993e+04 -7.097710e+04 -7.200239e+04 -7.275240e+04 -7.339586e+04 -7.292021e+04 -7.296580e+04 -7.314578e+04 -7.335109e+04 -7.346887e+04 -7.359995e+04 -7.401396e+04 -7.456623e+04 -7.487910e+04 -7.465713e+04 -7.472063e+04 -7.598257e+04 -7.821878e+04 -8.039370e+04 -8.148005e+04 -8.155509e+04 -8.153816e+04 -8.250313e+04 -8.328624e+04 -8.375177e+04 -8.381859e+04 -8.367921e+04 -8.346076e+04 -8.334489e+04 -8.350521e+04 -8.400723e+04 -8.394067e+04 -8.357959e+04 -8.284903e+04 -8.225167e+04 -8.208940e+04 -8.232113e+04 -8.256785e+04 -8.236956e+04
-6.779830e+04 -6.960169e+04 -7.093873e+04 -7.044292e+04 -6.780618e+04 -6.491810e+04 -6.430164e+04 -6.282409e+04 -6.494028e+04 -6.772550e+04 -6.837616e+04 -6.932831e+04 -7.160721e+04 -7.331839e+04 -7.266017e+04 -7.163675e+04 -7.157162e+04 -7.202473e+04 -7.264809e+04 -7.319634e+04 -7.338360e+04 -7.329660e+04 -7.353740e+04 -7.419598e+04 -7.469913e+04 -7.477398e+04 -7.493640e+04 -7.603332e+04 -7.806777e+04 -8.002437e+04 -8.120981e+04 -8.150828e+04 -8.176931e+04 -8.247209e+04 -8.320296e+04 -8.331538e+04 -8.290284e+04 -8.256418e+04 -8.240279e+04 -8.270723e+04 -8.329497e+04 -8.392176e+04 -8.406299e+04 -8.261877e+04 -8.151181e+04 -8.097189e+04 -8.126220e+04 -8.210351e+04 -8.264857e+04 -8.243032e+04
-6.754460e+04 -6.900965e+04 -7.001877e+04 -6.938146e+04 -6.660096e+04 -6.319473e+04 -6.170641e+04 -6.309036e+04 -6.503601e+04 -6.936918e+04 -6.927332e+04 -7.038813e+04 -7.074351e+04 -7.190478e+04 -7.108588e+04 -7.125592e+04 -7.209046e+04 -7.308372e+04 -7.410427e+04 -7.477833e+04 -7.459599e+04 -7.381951e+04 -7.337012e+04 -7.361399e+04 -7.420504e+04 -7.459076e+04 -7.499832e+04 -7.597850e+04 -7.747366e+04 -7.907897e+04 -8.026628e+04 -8.121693e+04 -8.202326e+04 -8.274956e+04 -8.342190e+04 -8.344559e+04 -8.246028e+04 -8.165071e+04 -8.138812e+04 -8.193771e+04 -8.294228e+04 -8.336774e+04 -8.213953e+04 -8.230471e+04 -8.106685e+04 -8.057404e+04 -8.118518e+04 -8.230411e+04 -8.262359e+04 -8.210314e+04
-6.655928e+04 -6.753772e+04 -6.802580e+04 -6.714377e+04 -6.445041e+04 -6.098973e+04 -5.917999e+04 -5.992528e+04 -6.241276e+04 -6.526198e+04 -6.759373e+04 -6.915960e+04 -6.998349e+04 -7.036940e+04 -7.096104e+04 -7.235155e+04 -7.373684e+04 -7.564739e+04 -7.684732e+04 -7.725881e+04 -7.647236e+04 -7.499915e+04 -7.389299e+04 -7.363179e+04 -7.407640e+04 -7.463447e+04 -7.517450e+04 -7.595302e+04 -7.696845e+04 -7.802140e+04 -7.925351e+04 -8.076407e+04 -8.213244e+04 -8.358536e+04 -8.359215e+04 -8.354487e+04 -8.244635e+04 -8.115962e+04 -8.068236e+04 -8.118474e+04 -8.233814e+04 -8.289158e+04 -8.166624e+04 -7.957077e+04 -8.115565e+04 -8.084453e+04 -8.134682e+04 -8.236755e+04 -8.269999e+04 -8.170152e+04
-6.456436e+04 -6.500945e+04 -6.499505e+04 -6.397435e+04 -6.167546e+04 -5.888212e+04 -5.750225e+04 -5.817272e+04 -6.004847e+04 -6.217092e+04 -6.430620e+04 -6.646053e+04 -6.822218e+04 -6.980279e+04 -7.171780e+04 -7.396186e+04 -7.636316e+04 -7.846852e+04 -7.967857e+04 -7.962419e+04 -7.868004e+04 -7.703279e+04 -7.564375e+04 -7.507500e+04 -7.523680e+04 -7.570662e+04 -7.618098e+04 -7.671292e+04 -7.734651e+04 -7.800672e+04 -7.902391e+04 -8.052782e+04 -8.218136e+04 -8.380392e+04 -8.410076e+04 -8.432228e+04 -8.318438e+04 -8.187714e+04 -8.084787e+04 -8.085097e+04 -8.179141e+04 -8.236682e+04 -8.233225e+04 -8.189941e+04 -8.122629e+04 -8.029074e+04 -8.115303e+04 -8.143587e+04 -8.231986e+04 -8.114765e+04
-6.183792e+04 -6.186320e+04 -6.157255e+04 -6.056301e+04 -5.874635e+04 -5.699806e+04 -5.644332e+04 -5.728647e+04 -5.870621e+04 -6.012274e+04 -6.195858e+04 -6.448981e+04 -6.729300e+04 -6.991842e+04 -7.244006e+04 -7.516709e+04 -7.801636e+04 -8.047343e+04 -8.151792e+04 -8.133707e+04 -8.035693e+04 -7.893361e+04 -7.786006e+04 -7.733419e+04 -7.738196e+04 -7.767379e+04 -7.807922e+04 -7.855934e+04 -7.911908e+04 -7.968043e+04 -8.031948e+04 -8.115678e+04 -8.234591e+04 -8.361290e+04 -8.434205e+04 -8.455318e+04 -8.366207e+04 -8.232897e+04 -8.139627e+04 -8.113083e+04 -8.178525e+04 -8.179532e+04 -8.153435e+04 -8.134150e+04 -8.116248e+04 -8.010921e+04 -8.077993e+04 -8.040132e+04 -8.120559e+04 -8.021704e+04
-5.952635e+04 -5.939857e+04 -5.904977e+04 -5.805008e+04 -5.645295e+04 -5.518305e+04 -5.521024e+04 -5.629295e+04 -5.750625e+04 -5.857560e+04 -6.024262e+04 -6.304506e+04 -6.647407e+04 -6.977234e+04 -7.277818e+04 -7.575352e+04 -7.876244e+04 -8.105456e+04 -8.236228e+04 -8.211972e+04 -8.100565e+04 -7.988982e+04 -7.932987e+04 -7.923464e+04 -7.954690e+04 -7.984979e+04 -8.028046e+04 -8.085644e+04 -8.161404e+04 -8.222289e+04 -8.228832e+04 -8.253586e+04 -8.268280e+04 -8.307210e+04 -8.368144e+04 -8.399407e+04 -8.329448e+04 -8.228591e+04 -8.153030e+04 -8.123474e+04 -8.164060e+04 -8.128720e+04 -8.109033e+04 -8.095142e+04 -8.104230e+04 -8.070023e+04 -8.025269e+04 -8.042687e+04 -8.019042e+04 -7.928793e+04
-5.840469e+04 -5.852540e+04 -5.822941e+04 -5.709807e+04 -5.534188e+04 -5.398040e+04 -5.400666e+04 -5.517836e+04 -5.660178e+04 -5.786210e+04 -5.957299e+04 -6.240885e+04 -6.605147e+04 -6.981835e+04 -7.326852e+04 -7.641717e+04 -7.929559e+04 -8.124925e+04 -8.227383e+04 -8.194182e+04 -8.089822e+04 -7.991618e+04 -7.961636e+04 -8.001318e+04 -8.083425e+04 -8.145748e+04 -8.208131e+04 -8.275105e+04 -8.367793e+04 -8.420747e+04 -8.406587e+04 -8.372166e+04 -8.278363e+04 -8.220525e+04 -8.244135e+04 -8.282974e+04 -8.242946e+04 -8.156095e+04 -8.071977e+04 -8.028047e+04 -8.030562e+04 -8.034008e+04 -8.044540e+04 -8.065641e+04 -8.094186e+04 -8.126812e+04 -8.084773e+04 -8.051937e+04 -7.985369e+04 -7.874317e+04
-5.834871e+04 -5.887881e+04 -5.869099e+04 -5.734871e+04 -5.520437e+04 -5.347563e+04 -5.324257e+04 -5.454880e+04 -5.654253e+04 -5.845416e+04 -6.040282e+04 -6.304117e+04 -6.652206e+04 -7.049952e+04 -7.430018e+04 -7.751131e+04 -7.992476e+04 -8.119137e+04 -8.164459e+04 -8.126437e+04 -8.042131e+04 -7.974484e+04 -7.963193e+04 -8.028901e+04 -8.136191e+04 -8.231816e+04 -8.311990e+04 -8.384405e+04 -8.476884e+04 -8.518463e+04 -8.508060e+04 -8.412608e+04 -8.258457e+04 -8.147630e+04 -8.152017e+04 -8.200801e+04 -8.175247e+04 -8.068323e+04 -7.930655e+04 -7.835278e+04 -7.834680e+04 -7.880187e+04 -7.953122e+04 -8.019753e+04 -8.064096e+04 -8.091274e+04 -8.091993e+04 -8.055670e+04 -7.973685e+04 -7.867162e+04
-5.844838e+04 -5.939198e+04 -5.953873e+04 -5.834818e+04 -5.617528e+04 -5.422439e+04 -5.373535e+04 -5.511854e+04 -5.754444e+04 -5.998402e+04 -6.209188e+04 -6.441968e+04 -6.754349e+04 -7.140524e+04 -7.535376e+04 -7.853324e+04 -8.029293e+04 -8.080035e+04 -8.069681e+04 -8.035413e+04 -7.998185e+04 -7.968377e+04 -7.979097e+04 -8.050127e+04 -8.160815e+04 -8.267385e+04 -8.356651e+04 -8.421304e+04 -8.490613e+04 -8.555022e+04 -8.534083e+04 -8.427319e+04 -8.260930e+04 -8.142842e+04 -8.149134e+04 -8.201102e+04 -8.174091e+04 -8.032598e+04 -7.821723e+04 -7.678740e+04 -7.649888e+04 -7.731985e+04 -7.859016e+04 -7.960751e+04 -8.020843e+04 -8.039516e+04 -8.040696e+04 -8.017865e+04 -7.956028e+04 -7.865275e+04
-5.837931e+04 -5.975873e+04 -6.059326e+04 -6.027951e+04 -5.877594e+04 -5.696830e+04 -5.620709e+04 -5.721801e+04 -5.936902e+04 -6.169123e+04 -6.367571e+04 -6.572160e+04 -6.853660e+04 -7.227281e+04 -7.612162e+04 -7.896566e+04 -8.008833e+04 -8.004824e+04 -7.961146e+04 -7.936053e+04 -7.940924e+04 -7.964533e+04 -8.008279e+04 -8.077583e+04 -8.169158e+04 -8.273293e+04 -8.361875e+04 -8.425915e+04 -8.482243e+04 -8.533510e+04 -8.546217e+04 -8.475977e+04 -8.347870e+04 -8.236587e+04 -8.225172e+04 -8.265789e+04 -8.222016e+04 -8.035865e+04 -7.780478e+04 -7.595722e+04 -7.528876e+04 -7.630897e+04 -7.784080e+04 -7.903825e+04 -7.971634e+04 -7.983918e+04 -7.979392e+04 -7.959285e+04 -7.909750e+04 -7.840871e+04
-5.868280e+04 -6.055343e+04 -6.235404e+04 -6.336089e+04 -6.297037e+04 -6.163151e+04 -6.063812e+04 -6.073423e+04 -6.188598e+04 -6.348354e+04 -6.510789e+04 -6.702673e+04 -6.974572e+04 -7.328996e+04 -7.671477e+04 -7.884881e+04 -7.942613e+04 -7.912817e+04 -7.873804e+04 -7.868536e+04 -7.902962e+04 -7.965546e+04 -8.034307e+04 -8.098372e+04 -8.172435e+04 -8.266489e+04 -8.347722e+04 -8.423383e+04 -8.496103e+04 -8.545851e+04 -8.591497e+04 -8.574264e+04 -8.502068e+04 -8.402754e+04 -8.373382e+04 -8.377815e+04 -8.300208e+04 -8.093081e+04 -7.797274e+04 -7.551039e+04 -7.457334e+04 -7.537371e+04 -7.690581e+04 -7.817815e+04 -7.888521e+04 -7.906737e+04 -7.903708e+04 -7.879407e+04 -7.834500e+04 -7.795384e+04
-5.980305e+04 -6.207974e+04 -6.479132e+04 -6.690640e+04 -6.755206e+04 -6.677769e+04 -6.553879e+04 -6.481377e+04 -6.496585e+04 -6.576058e+04 -6.702948e+04 -6.898774e+04 -7.177861e+04 -7.493228e+04 -7.751497e+04 -7.866406e+04 -7.868297e+04 -7.834520e+04 -7.818099e+04 -7.836996e+04 -7.891726e+04 -7.968269e+04 -8.048437e+04 -8.120444e+04 -8.184715e+04 -8.256357e+04 -8.328065e+04 -8.420511e+04 -8.515290e+04 -8.593535e+04 -8.689278e+04 -8.714724e+04 -8.686291e+04 -8.626925e+04 -8.581496e+04 -8.520337e+04 -8.404493e+04 -8.175124e+04 -7.840698e+04 -7.548010e+04 -7.387021e+04 -7.410488e+04 -7.533881e+04 -7.665807e+04 -7.752990e+04 -7.793249e+04 -7.805805e+04 -7.791358e+04 -7.771226e+04 -7.741962e+04
