Code/Output_20260204_161825/2.9_30_1000_moho_depth.grd
DSAA
181 201
-5400000.000000 5400000.000000
-6000000.000000 6000000.000000
-82227.448381 -14740.977785
[rows 154 to 175 of 201, columns 0 to 49 of 181]
-2.824618e+04 -2.866590e+04 -2.909521e+04 -2.958868e+04 -3.017654e+04 -3.073748e+04 -3.114295e+04 -3.135165e+04 -3.143796e+04 -3.147733e+04 -3.140509e+04 -3.112845e+04 -3.055072e+04 -2.969995e+04 -2.877989e+04 -2.807246e+04 -2.774704e+04 -2.778117e+04 -2.800040e+04 -2.824018e+04 -2.841252e+04 -2.847735e+04 -2.841040e+04 -2.824540e+04 -2.803464e+04 -2.785747e+04 -2.780485e+04 -2.791384e+04 -2.810368e+04 -2.820365e+04 -2.812014e+04 -2.793870e+04 -2.785376e+04 -2.807509e+04 -2.847045e+04 -2.894088e+04 -2.926236e+04 -2.926227e+04 -2.902079e+04 -2.873320e+04 -2.855852e+04 -2.853643e+04 -2.864436e+04 -2.884255e+04 -2.910248e+04 -2.940097e+04 -2.966562e+04 -2.981830e+04 -2.984525e+04 -2.980035e+04
-2.839921e+04 -2.883956e+04 -2.931863e+04 -2.980255e+04 -3.030601e+04 -3.076360e+04 -3.110059e+04 -3.132055e+04 -3.144140e+04 -3.144623e+04 -3.120736e+04 -3.075182e+04 -3.005676e+04 -2.919211e+04 -2.841516e+04 -2.790042e+04 -2.768901e+04 -2.770066e+04 -2.781352e+04 -2.793931e+04 -2.808049e+04 -2.824085e+04 -2.834880e+04 -2.834701e+04 -2.824297e+04 -2.813420e+04 -2.815175e+04 -2.836437e+04 -2.867785e+04 -2.886810e+04 -2.879574e+04 -2.852741e+04 -2.827426e+04 -2.824598e+04 -2.846097e+04 -2.888064e+04 -2.924166e+04 -2.935675e+04 -2.922746e+04 -2.903972e+04 -2.895358e+04 -2.897739e+04 -2.909367e+04 -2.927394e+04 -2.948309e+04 -2.971749e+04 -2.995236e+04 -3.014059e+04 -3.024963e+04 -3.029585e+04
-2.856687e+04 -2.902396e+04 -2.954595e+04 -3.005392e+04 -3.052408e+04 -3.092287e+04 -3.122757e+04 -3.144192e+04 -3.154005e+04 -3.144723e+04 -3.108128e+04 -3.043076e+04 -2.958466e+04 -2.871785e+04 -2.805320e+04 -2.766595e+04 -2.749777e+04 -2.743355e+04 -2.740726e+04 -2.744008e+04 -2.759459e+04 -2.787730e+04 -2.818775e+04 -2.839567e+04 -2.846646e+04 -2.848829e+04 -2.861300e+04 -2.892009e+04 -2.932126e+04 -2.957654e+04 -2.950317e+04 -2.914108e+04 -2.869958e+04 -2.844928e+04 -2.851264e+04 -2.882144e+04 -2.915289e+04 -2.932020e+04 -2.931395e+04 -2.925086e+04 -2.924921e+04 -2.934832e+04 -2.951853e+04 -2.971097e+04 -2.990426e+04 -3.011031e+04 -3.033775e+04 -3.056673e+04 -3.075629e+04 -3.089751e+04
-2.872530e+04 -2.918638e+04 -2.968738e+04 -3.017807e+04 -3.062994e+04 -3.102309e+04 -3.133862e+04 -3.156159e+04 -3.163872e+04 -3.146544e+04 -3.097311e+04 -3.018117e+04 -2.922255e+04 -2.829906e+04 -2.760885e+04 -2.717564e+04 -2.691544e+04 -2.672275e+04 -2.659139e+04 -2.660981e+04 -2.687749e+04 -2.737866e+04 -2.793937e+04 -2.839291e+04 -2.868235e+04 -2.886351e+04 -2.908009e+04 -2.942243e+04 -2.982584e+04 -3.007598e+04 -2.999362e+04 -2.960694e+04 -2.907157e+04 -2.868772e+04 -2.860500e+04 -2.879198e+04 -2.902694e+04 -2.916890e+04 -2.919267e+04 -2.918265e+04 -2.923534e+04 -2.937985e+04 -2.958646e+04 -2.981320e+04 -3.004409e+04 -3.029340e+04 -3.057395e+04 -3.086995e+04 -3.112510e+04 -3.133525e+04
-2.884076e+04 -2.924614e+04 -2.972370e+04 -3.014713e+04 -3.055628e+04 -3.094361e+04 -3.127983e+04 -3.151978e+04 -3.158295e+04 -3.136973e+04 -3.082006e+04 -2.996798e+04 -2.894995e+04 -2.795363e+04 -2.716108e+04 -2.657741e+04 -2.614027e+04 -2.580244e+04 -2.560249e+04 -2.566828e+04 -2.610455e+04 -2.685936e+04 -2.771041e+04 -2.843395e+04 -2.892069e+04 -2.922480e+04 -2.949330e+04 -2.981698e+04 -3.015712e+04 -3.035182e+04 -3.024188e+04 -2.984100e+04 -2.932531e+04 -2.891907e+04 -2.875347e+04 -2.880224e+04 -2.894382e+04 -2.905084e+04 -2.908176e+04 -2.908917e+04 -2.914382e+04 -2.927542e+04 -2.946383e+04 -2.968877e+04 -2.994994e+04 -3.025756e+04 -3.061349e+04 -3.099068e+04 -3.135275e+04 -3.160373e+04
-2.892068e+04 -2.922117e+04 -2.959215e+04 -2.992761e+04 -3.029819e+04 -3.068169e+04 -3.104134e+04 -3.131298e+04 -3.140277e+04 -3.121206e+04 -3.069468e+04 -2.984825e+04 -2.880421e+04 -2.773314e+04 -2.677600e+04 -2.596882e+04 -2.530787e+04 -2.481748e+04 -2.459493e+04 -2.476077e+04 -2.537497e+04 -2.635526e+04 -2.746220e+04 -2.842171e+04 -2.909613e+04 -2.951047e+04 -2.979010e+04 -3.004542e+04 -3.028011e+04 -3.038160e+04 -3.023601e+04 -2.986049e+04 -2.939547e+04 -2.902268e+04 -2.883294e+04 -2.882957e+04 -2.892091e+04 -2.899515e+04 -2.901219e+04 -2.900298e+04 -2.900727e+04 -2.906505e+04 -2.919804e+04 -2.939112e+04 -2.966440e+04 -3.004051e+04 -3.049852e+04 -3.098219e+04 -3.141445e+04 -3.171918e+04
-2.900720e+04 -2.921001e+04 -2.939444e+04 -2.963932e+04 -2.995216e+04 -3.030681e+04 -3.066507e+04 -3.095298e+04 -3.108519e+04 -3.097657e+04 -3.060995e+04 -2.986600e+04 -2.887549e+04 -2.778098e+04 -2.670257e+04 -2.571792e+04 -2.487392e+04 -2.424913e+04 -2.399192e+04 -2.421355e+04 -2.493219e+04 -2.602964e+04 -2.724129e+04 -2.830465e+04 -2.908414e+04 -2.957968e+04 -2.987504e+04 -3.006260e+04 -3.016924e+04 -3.015458e+04 -2.995742e+04 -2.960367e+04 -2.922017e+04 -2.896506e+04 -2.883752e+04 -2.886483e+04 -2.898355e+04 -2.909529e+04 -2.915541e+04 -2.917052e+04 -2.912433e+04 -2.907568e+04 -2.910557e+04 -2.918084e+04 -2.938377e+04 -2.976450e+04 -3.028036e+04 -3.084701e+04 -3.135561e+04 -3.170155e+04
-2.912872e+04 -2.927245e+04 -2.932862e+04 -2.949332e+04 -2.973648e+04 -3.003985e+04 -3.037314e+04 -3.066541e+04 -3.083694e+04 -3.080091e+04 -3.048827e+04 -2.987680e+04 -2.901270e+04 -2.794646e+04 -2.678552e+04 -2.566696e+04 -2.470873e+04 -2.403944e+04 -2.378793e+04 -2.404046e+04 -2.478032e+04 -2.588581e+04 -2.711560e+04 -2.821124e+04 -2.903030e+04 -2.955253e+04 -2.984238e+04 -2.997427e+04 -2.998237e+04 -2.987128e+04 -2.963771e+04 -2.932369e+04 -2.901517e+04 -2.880400e+04 -2.874204e+04 -2.882721e+04 -2.900597e+04 -2.919224e+04 -2.933665e+04 -2.940681e+04 -2.939040e+04 -2.930128e+04 -2.918538e+04 -2.911708e+04 -2.921859e+04 -2.957020e+04 -3.011553e+04 -3.073257e+04 -3.128097e+04 -3.163698e+04
-2.928754e+04 -2.941316e+04 -2.934971e+04 -2.947739e+04 -2.968073e+04 -2.993634e+04 -3.021662e+04 -3.046664e+04 -3.064110e+04 -3.065878e+04 -3.045352e+04 -2.997565e+04 -2.921641e+04 -2.821900e+04 -2.708085e+04 -2.595312e+04 -2.498603e+04 -2.432579e+04 -2.408782e+04 -2.432075e+04 -2.499010e+04 -2.598381e+04 -2.709128e+04 -2.809473e+04 -2.887481e+04 -2.939239e+04 -2.967296e+04 -2.976561e+04 -2.971290e+04 -2.954323e+04 -2.928382e+04 -2.899552e+04 -2.874824e+04 -2.860417e+04 -2.859360e+04 -2.872165e+04 -2.895908e+04 -2.924123e+04 -2.950996e+04 -2.969177e+04 -2.972723e+04 -2.960651e+04 -2.938726e+04 -2.919366e+04 -2.917953e+04 -2.944908e+04 -2.995349e+04 -3.056822e+04 -3.112783e+04 -3.148719e+04
-2.945551e+04 -2.956190e+04 -2.957022e+04 -2.968655e+04 -2.985361e+04 -3.004173e+04 -3.022935e+04 -3.039541e+04 -3.053313e+04 -3.053545e+04 -3.036098e+04 -2.995989e+04 -2.930550e+04 -2.842998e+04 -2.740034e+04 -2.638710e+04 -2.553959e+04 -2.499092e+04 -2.482557e+04 -2.504134e+04 -2.558437e+04 -2.636386e+04 -2.724950e+04 -2.806921e+04 -2.872146e+04 -2.916381e+04 -2.940592e+04 -2.947407e+04 -2.939964e+04 -2.921728e+04 -2.897469e+04 -2.872898e+04 -2.852823e+04 -2.842030e+04 -2.841583e+04 -2.854219e+04 -2.878958e+04 -2.914283e+04 -2.949160e+04 -2.976633e+04 -2.988170e+04 -2.980117e+04 -2.956077e+04 -2.929030e+04 -2.916746e+04 -2.933625e+04 -2.975015e+04 -3.030799e+04 -3.084450e+04 -3.119205e+04
-2.970543e+04 -2.978243e+04 -2.985987e+04 -2.995494e+04 -3.007449e+04 -3.018536e+04 -3.028689e+04 -3.035456e+04 -3.040304e+04 -3.038107e+04 -3.022890e+04 -2.988669e+04 -2.931101e+04 -2.855913e+04 -2.768681e+04 -2.685118e+04 -2.618958e+04 -2.579209e+04 -2.569647e+04 -2.588879e+04 -2.630890e+04 -2.686460e+04 -2.749134e+04 -2.808600e+04 -2.857637e+04 -2.892808e+04 -2.912357e+04 -2.916684e+04 -2.908458e+04 -2.891807e+04 -2.871808e+04 -2.854822e+04 -2.840410e+04 -2.831098e+04 -2.830615e+04 -2.840705e+04 -2.862399e+04 -2.897736e+04 -2.938922e+04 -2.974301e+04 -2.992509e+04 -2.987490e+04 -2.962865e+04 -2.931905e+04 -2.912408e+04 -2.920117e+04 -2.954575e+04 -3.003899e+04 -3.051707e+04 -3.084328e+04
-3.013990e+04 -3.016182e+04 -3.019664e+04 -3.023758e+04 -3.027464e+04 -3.029193e+04 -3.030034e+04 -3.027018e+04 -3.023438e+04 -3.015398e+04 -2.997815e+04 -2.965510e+04 -2.914531e+04 -2.850890e+04 -2.780128e+04 -2.716878e+04 -2.674569e+04 -2.656709e+04 -2.661199e+04 -2.682848e+04 -2.714718e+04 -2.752425e+04 -2.793070e+04 -2.830483e+04 -2.858830e+04 -2.878742e+04 -2.888836e+04 -2.888755e+04 -2.880886e+04 -2.868608e+04 -2.856098e+04 -2.849869e+04 -2.844486e+04 -2.839595e+04 -2.838555e+04 -2.842630e+04 -2.855586e+04 -2.882379e+04 -2.917262e+04 -2.949893e+04 -2.969452e+04 -2.968655e+04 -2.948901e+04 -2.921155e+04 -2.901515e+04 -2.905493e+04 -2.933859e+04 -2.975826e+04 -3.017339e+04 -3.047170e+04
-3.053546e+04 -3.049114e+04 -3.047105e+04 -3.044617e+04 -3.038502e+04 -3.029483e+04 -3.020229e+04 -3.010965e+04 -3.001475e+04 -2.989132e+04 -2.969128e+04 -2.937067e+04 -2.892686e+04 -2.840353e+04 -2.787467e+04 -2.746874e+04 -2.725447e+04 -2.724606e+04 -2.740348e+04 -2.765766e+04 -2.792247e+04 -2.815573e+04 -2.836126e+04 -2.853290e+04 -2.866830e+04 -2.875311e+04 -2.877169e+04 -2.871806e+04 -2.862964e+04 -2.855024e+04 -2.851272e+04 -2.852542e+04 -2.856481e+04 -2.859804e+04 -2.861078e+04 -2.861629e+04 -2.865579e+04 -2.881014e+04 -2.905497e+04 -2.931136e+04 -2.947695e+04 -2.947755e+04 -2.932035e+04 -2.910080e+04 -2.894720e+04 -2.898012e+04 -2.922155e+04 -2.959300e+04 -2.995711e+04 -3.023288e+04
-3.087162e+04 -3.075110e+04 -3.065743e+04 -3.052597e+04 -3.036609e+04 -3.018258e+04 -3.000775e+04 -2.984926e+04 -2.971005e+04 -2.956282e+04 -2.936289e+04 -2.906705e+04 -2.867562e+04 -2.824471e+04 -2.784881e+04 -2.763062e+04 -2.761660e+04 -2.778365e+04 -2.806028e+04 -2.835410e+04 -2.859235e+04 -2.874972e+04 -2.884104e+04 -2.887114e+04 -2.886868e+04 -2.883522e+04 -2.876347e+04 -2.866156e+04 -2.856121e+04 -2.850751e+04 -2.853841e+04 -2.865326e+04 -2.880040e+04 -2.891699e+04 -2.896330e+04 -2.894306e+04 -2.890517e+04 -2.894122e+04 -2.904121e+04 -2.917138e+04 -2.926674e+04 -2.926687e+04 -2.916583e+04 -2.902288e+04 -2.893828e+04 -2.901165e+04 -2.925097e+04 -2.958835e+04 -2.991573e+04 -3.015993e+04
-3.107200e+04 -3.087475e+04 -3.077103e+04 -3.052114e+04 -3.025552e+04 -2.997490e+04 -2.970824e+04 -2.949638e+04 -2.933337e+04 -2.918340e+04 -2.901197e+04 -2.875536e+04 -2.841475e+04 -2.807582e+04 -2.781414e+04 -2.771953e+04 -2.782242e+04 -2.808874e+04 -2.844104e+04 -2.877749e+04 -2.902403e+04 -2.915585e+04 -2.919514e+04 -2.918115e+04 -2.913396e+04 -2.905449e+04 -2.893244e+04 -2.878236e+04 -2.864396e+04 -2.858125e+04 -2.863012e+04 -2.877813e+04 -2.897263e+04 -2.914393e+04 -2.924245e+04 -2.924605e+04 -2.918396e+04 -2.912986e+04 -2.912507e+04 -2.915813e+04 -2.918302e+04 -2.915767e+04 -2.908906e+04 -2.902439e+04 -2.903008e+04 -2.917047e+04 -2.943286e+04 -2.976526e+04 -3.007885e+04 -3.029665e+04
-3.122871e+04 -3.095449e+04 -3.079941e+04 -3.050165e+04 -3.011293e+04 -2.970659e+04 -2.935231e+04 -2.908601e+04 -2.890321e+04 -2.876086e+04 -2.860362e+04 -2.839135e+04 -2.812731e+04 -2.786954e+04 -2.771506e+04 -2.773546e+04 -2.794395e+04 -2.829435e+04 -2.869815e+04 -2.906151e+04 -2.932108e+04 -2.945682e+04 -2.949115e+04 -2.946491e+04 -2.939746e+04 -2.928909e+04 -2.913511e+04 -2.894884e+04 -2.877217e+04 -2.867535e+04 -2.870631e+04 -2.886107e+04 -2.908212e+04 -2.930247e+04 -2.944431e+04 -2.947121e+04 -2.940410e+04 -2.929719e+04 -2.920190e+04 -2.913952e+04 -2.910006e+04 -2.906610e+04 -2.903833e+04 -2.904505e+04 -2.913098e+04 -2.933692e+04 -2.963762e+04 -2.997487e+04 -3.027175e+04 -3.046989e+04
-3.137311e+04 -3.102129e+04 -3.072052e+04 -3.036084e+04 -2.983917e+04 -2.929051e+04 -2.883134e+04 -2.849652e+04 -2.827561e+04 -2.812364e+04 -2.798753e+04 -2.782661e+04 -2.764121e+04 -2.747911e+04 -2.741233e+04 -2.750969e+04 -2.777976e+04 -2.817526e+04 -2.861028e+04 -2.899747e+04 -2.928470e+04 -2.945758e+04 -2.953531e+04 -2.955656e+04 -2.953440e+04 -2.946394e+04 -2.932777e+04 -2.912837e+04 -2.890300e+04 -2.873021e+04 -2.867306e+04 -2.873948e+04 -2.886450e+04 -2.905391e+04 -2.920800e+04 -2.926404e+04 -2.924093e+04 -2.915950e+04 -2.906797e+04 -2.899172e+04 -2.893225e+04 -2.888921e+04 -2.887928e+04 -2.893209e+04 -2.908194e+04 -2.934522e+04 -2.968174e+04 -3.004448e+04 -3.036029e+04 -3.057267e+04
-3.134460e+04 -3.090664e+04 -3.061046e+04 -3.009352e+04 -2.944402e+04 -2.876874e+04 -2.819597e+04 -2.778556e+04 -2.752801e+04 -2.737582e+04 -2.726741e+04 -2.715817e+04 -2.704462e+04 -2.697575e+04 -2.701002e+04 -2.719683e+04 -2.753555e+04 -2.797816e+04 -2.844472e+04 -2.885966e+04 -2.917796e+04 -2.939404e+04 -2.952486e+04 -2.960188e+04 -2.962892e+04 -2.958950e+04 -2.946304e+04 -2.924985e+04 -2.898366e+04 -2.873125e+04 -2.856942e+04 -2.853074e+04 -2.860170e+04 -2.873331e+04 -2.886524e+04 -2.894827e+04 -2.896370e+04 -2.891502e+04 -2.883471e+04 -2.875121e+04 -2.868541e+04 -2.864816e+04 -2.865955e+04 -2.874965e+04 -2.894598e+04 -2.925381e+04 -2.963649e+04 -3.003121e+04 -3.037700e+04 -3.060204e+04
-3.070920e+04 -3.015518e+04 -3.019968e+04 -2.952198e+04 -2.870612e+04 -2.788548e+04 -2.720665e+04 -2.671636e+04 -2.640628e+04 -2.623025e+04 -2.613624e+04 -2.608107e+04 -2.605541e+04 -2.609524e+04 -2.623830e+04 -2.653006e+04 -2.696236e+04 -2.749201e+04 -2.803110e+04 -2.850678e+04 -2.887994e+04 -2.914270e+04 -2.931499e+04 -2.943028e+04 -2.949286e+04 -2.948773e+04 -2.938606e+04 -2.917925e+04 -2.889062e+04 -2.858570e+04 -2.834107e+04 -2.819831e+04 -2.815363e+04 -2.817770e+04 -2.824298e+04 -2.830917e+04 -2.834724e+04 -2.833825e+04 -2.829819e+04 -2.824709e+04 -2.820988e+04 -2.818938e+04 -2.821241e+04 -2.832055e+04 -2.853868e+04 -2.887027e+04 -2.928032e+04 -2.970837e+04 -3.011918e+04 -3.039105e+04
-3.007379e+04 -2.940381e+04 -2.959823e+04 -2.874067e+04 -2.779184e+04 -2.686038e+04 -2.607140e+04 -2.550403e+04 -2.515211e+04 -2.497089e+04 -2.491056e+04 -2.491372e+04 -2.495643e+04 -2.511194e+04 -2.538676e+04 -2.580669e+04 -2.635374e+04 -2.697537e+04 -2.759220e+04 -2.813588e+04 -2.856962e+04 -2.888839e+04 -2.910412e+04 -2.925294e+04 -2.933986e+04 -2.934787e+04 -2.925408e+04 -2.904829e+04 -2.874929e+04 -2.840308e+04 -2.807899e+04 -2.783366e+04 -2.769147e+04 -2.763151e+04 -2.765168e+04 -2.770487e+04 -2.775450e+04 -2.777997e+04 -2.777509e+04 -2.775243e+04 -2.772766e+04 -2.772254e+04 -2.776685e+04 -2.789331e+04 -2.813178e+04 -2.848726e+04 -2.892713e+04 -2.939438e+04 -2.982391e+04 -3.015988e+04
-2.943840e+04 -2.865242e+04 -2.865278e+04 -2.756754e+04 -2.649089e+04 -2.546105e+04 -2.460360e+04 -2.399030e+04 -2.361155e+04 -2.342537e+04 -2.340377e+04 -2.346717e+04 -2.359638e+04 -2.386545e+04 -2.426936e+04 -2.482762e+04 -2.551541e+04 -2.629454e+04 -2.705705e+04 -2.772494e+04 -2.825238e+04 -2.862313e+04 -2.886075e+04 -2.900799e+04 -2.907795e+04 -2.906550e+04 -2.896364e+04 -2.876802e+04 -2.849023e+04 -2.816132e+04 -2.783915e+04 -2.757390e+04 -2.738467e+04 -2.723709e+04 -2.719553e+04 -2.720717e+04 -2.723272e+04 -2.725331e+04 -2.725745e+04 -2.725237e+04 -2.725163e+04 -2.727149e+04 -2.733796e+04 -2.748212e+04 -2.773215e+04 -2.809664e+04 -2.854762e+04 -2.903347e+04 -2.949729e+04 -2.988235e+04
-2.880308e+04 -2.790096e+04 -2.757681e+04 -2.641874e+04 -2.519226e+04 -2.404611e+04 -2.312971e+04 -2.248509e+04 -2.209367e+04 -2.192193e+04 -2.191352e+04 -2.203079e+04 -2.226626e+04 -2.265523e+04 -2.320652e+04 -2.392345e+04 -2.477045e+04 -2.568086e+04 -2.656356e+04 -2.733692e+04 -2.795094e+04 -2.838435e+04 -2.864265e+04 -2.877896e+04 -2.882342e+04 -2.878842e+04 -2.867657e+04 -2.848809e+04 -2.823571e+04 -2.793840e+04 -2.762999e+04 -2.735159e+04 -2.713145e+04 -2.697671e+04 -2.688467e+04 -2.684135e+04 -2.682414e+04 -2.682929e+04 -2.684139e+04 -2.685477e+04 -2.687523e+04 -2.691786e+04 -2.700640e+04 -2.716937e+04 -2.743379e+04 -2.780649e+04 -2.826596e+04 -2.876759e+04 -2.925325e+04 -2.966694e+04
