Code/Output_20260204_161825/2.9_30_1000_topography_anomaly.grd
DSAA
181 201
-5400000.000000 5400000.000000
-6000000.000000 6000000.000000
-5639.123812 21096.646188
[rows 69 to 91 of 201, columns 0 to 50 of 181]
0.000000e+00 7.090448e+01 2.336568e+02 3.989773e+02 6.440591e+02 9.928202e+02 1.538270e+03 1.771198e+03 1.536888e+03 1.880016e+03 1.744936e+03 1.338296e+03 1.075714e+03 9.992792e+02 1.202315e+03 1.629861e+03 1.795696e+03 1.782466e+03 1.946676e+03 2.365136e+03 1.278318e+03 9.130432e+02 7.780812e+02 2.045176e+03 2.389206e+03 2.197606e+03 2.238146e+03 2.166686e+03 2.252096e+03 2.834856e+03 2.840836e+03 2.816416e+03 3.136786e+03 3.407656e+03 3.188186e+03 3.593986e+03 3.362696e+03 3.247326e+03 3.185536e+03 3.060266e+03 2.526426e+03 2.231256e+03 2.018556e+03 1.919346e+03 2.078206e+03 1.446812e+03 2.229726e+03 2.203846e+03 1.842306e+03 2.021366e+03 2.112666e+03
0.000000e+00 3.773120e+01 1.931400e+02 4.433865e+02 7.424962e+02 1.294450e+03 1.772142e+03 1.572951e+03 1.562502e+03 1.602590e+03 1.748856e+03 1.718586e+03 1.355919e+03 1.309322e+03 1.598782e+03 1.610499e+03 1.719546e+03 1.699373e+03 1.468295e+03 1.438375e+03 1.515510e+03 1.868666e+03 2.326716e+03 2.130976e+03 1.914186e+03 2.198176e+03 2.253116e+03 2.091616e+03 2.934586e+03 2.861606e+03 3.451036e+03 2.717746e+03 3.203346e+03 3.389366e+03 3.170876e+03 2.887616e+03 2.774806e+03 2.813376e+03 2.475206e+03 2.604516e+03 2.467616e+03 2.277536e+03 1.998726e+03 2.093086e+03 1.913526e+03 1.337913e+03 2.053146e+03 2.033066e+03 1.781926e+03 2.124306e+03 1.944246e+03
0.000000e+00 4.109825e+01 2.160446e+02 4.808090e+02 5.984887e+02 1.288505e+03 1.594505e+03 1.489230e+03 1.580237e+03 1.670382e+03 1.900506e+03 1.939506e+03 1.581946e+03 1.533688e+03 1.585125e+03 1.570801e+03 1.556133e+03 1.560434e+03 1.314788e+03 1.168265e+03 1.441803e+03 1.680625e+03 2.179626e+03 1.873826e+03 2.262026e+03 2.235306e+03 2.265896e+03 2.295866e+03 3.059156e+03 2.949426e+03 3.167476e+03 3.123046e+03 3.122396e+03 3.039796e+03 2.899066e+03 2.553766e+03 2.811526e+03 2.849956e+03 2.623526e+03 2.676626e+03 2.850736e+03 2.486836e+03 2.215746e+03 2.082246e+03 1.900576e+03 1.506083e+03 1.833426e+03 1.772856e+03 1.763416e+03 2.097566e+03 1.885966e+03
0.000000e+00 5.166009e+01 2.062524e+02 4.577840e+02 5.727358e+02 1.148195e+03 1.429010e+03 1.471506e+03 1.632706e+03 1.833096e+03 2.012736e+03 1.667224e+03 1.708336e+03 1.721426e+03 1.445687e+03 1.487656e+03 1.509702e+03 1.522336e+03 1.581391e+03 1.299942e+03 1.154529e+03 1.143676e+03 1.798746e+03 2.490856e+03 2.598216e+03 2.215966e+03 2.294866e+03 2.539736e+03 3.171076e+03 3.334456e+03 3.158146e+03 3.471116e+03 2.407126e+03 3.250216e+03 2.824926e+03 2.912736e+03 3.259646e+03 2.123786e+03 2.933286e+03 2.141056e+03 2.927796e+03 2.503206e+03 2.131336e+03 1.878476e+03 2.268936e+03 1.994346e+03 1.761396e+03 1.759406e+03 1.772496e+03 1.963456e+03 2.474336e+03
0.000000e+00 3.871837e+01 2.050370e+02 4.379690e+02 7.011332e+02 1.131230e+03 1.472030e+03 1.649703e+03 1.790507e+03 2.085476e+03 1.879376e+03 1.717846e+03 1.837846e+03 1.865666e+03 1.700538e+03 1.560557e+03 1.623467e+03 1.476048e+03 1.488328e+03 1.331533e+03 1.215038e+03 1.233521e+03 2.035016e+03 2.618946e+03 3.115896e+03 2.431726e+03 2.381476e+03 2.550496e+03 3.284016e+03 3.524766e+03 3.330066e+03 2.687756e+03 2.559326e+03 3.178316e+03 2.758576e+03 2.918906e+03 3.162716e+03 2.499976e+03 2.724686e+03 2.836156e+03 2.844366e+03 2.333526e+03 2.036556e+03 1.811446e+03 1.991646e+03 1.848136e+03 1.729286e+03 1.839526e+03 1.810266e+03 1.974386e+03 2.643506e+03
0.000000e+00 3.979476e+01 1.892643e+02 4.271265e+02 7.638243e+02 1.176879e+03 1.473357e+03 1.833822e+03 2.171744e+03 2.390866e+03 2.148006e+03 1.805636e+03 1.327740e+03 1.961206e+03 1.886316e+03 1.944566e+03 1.443064e+03 1.998086e+03 1.691526e+03 1.958836e+03 1.551925e+03 1.410837e+03 2.142386e+03 2.920666e+03 2.613126e+03 2.639106e+03 2.644866e+03 3.020506e+03 3.093396e+03 3.445716e+03 3.069456e+03 2.246476e+03 2.578086e+03 3.167946e+03 2.908526e+03 2.784446e+03 2.714796e+03 2.916766e+03 3.042526e+03 2.974346e+03 2.446676e+03 2.377046e+03 2.148806e+03 2.227306e+03 1.598654e+03 1.649174e+03 1.508985e+03 1.808616e+03 1.820696e+03 1.862506e+03 3.169286e+03
0.000000e+00 4.293916e+01 1.769143e+02 4.082303e+02 7.743066e+02 1.205076e+03 1.711670e+03 2.139330e+03 2.495178e+03 2.596146e+03 2.315336e+03 2.072716e+03 1.715096e+03 2.005726e+03 2.232616e+03 1.829076e+03 1.764036e+03 1.656330e+03 1.826366e+03 1.862866e+03 1.610474e+03 1.694066e+03 2.301016e+03 2.301056e+03 2.655576e+03 2.735796e+03 3.123086e+03 3.075686e+03 3.085716e+03 3.134546e+03 2.613336e+03 2.768576e+03 3.012216e+03 2.799076e+03 2.960276e+03 2.604536e+03 2.626326e+03 2.751406e+03 2.799966e+03 2.486216e+03 2.192126e+03 2.455056e+03 2.656496e+03 2.448036e+03 1.702266e+03 1.572013e+03 1.659398e+03 1.925956e+03 1.924176e+03 1.873756e+03 3.355036e+03
0.000000e+00 4.313293e+01 1.703714e+02 3.923263e+02 6.421560e+02 1.227452e+03 1.844285e+03 2.301100e+03 2.653903e+03 2.570846e+03 2.249336e+03 2.336906e+03 2.614426e+03 2.186896e+03 2.605026e+03 1.633815e+03 1.223106e+03 1.376666e+03 1.329571e+03 1.411320e+03 1.752686e+03 2.027996e+03 1.758536e+03 2.145926e+03 2.220926e+03 2.596456e+03 2.551166e+03 2.935706e+03 2.956636e+03 2.752136e+03 2.338336e+03 2.275296e+03 2.943256e+03 2.086066e+03 2.566266e+03 2.470616e+03 2.488236e+03 2.488506e+03 2.660786e+03 2.300746e+03 2.103236e+03 1.925036e+03 2.723556e+03 2.152846e+03 2.144636e+03 1.617544e+03 1.893166e+03 2.214726e+03 1.939586e+03 1.795766e+03 2.419306e+03
0.000000e+00 4.753706e+01 1.789664e+02 4.209388e+02 7.051224e+02 1.408270e+03 1.886787e+03 1.300653e+03 1.709496e+03 2.051206e+03 2.016366e+03 2.111976e+03 2.250486e+03 1.954136e+03 1.986166e+03 1.342180e+03 1.125583e+03 1.399824e+03 1.468780e+03 1.441609e+03 1.359784e+03 2.119906e+03 2.379146e+03 1.762266e+03 1.975616e+03 1.902566e+03 2.526506e+03 2.356306e+03 2.729386e+03 2.520276e+03 2.179286e+03 2.259476e+03 2.115726e+03 2.145656e+03 2.579896e+03 1.960656e+03 2.113106e+03 2.073436e+03 2.381606e+03 2.076876e+03 1.655965e+03 1.626450e+03 2.093626e+03 1.984056e+03 1.834406e+03 1.561914e+03 1.894536e+03 2.058616e+03 1.906516e+03 1.896486e+03 2.253106e+03
0.000000e+00 4.653635e+01 2.037234e+02 4.631315e+02 9.112414e+02 1.625577e+03 2.298845e+03 1.951688e+03 2.450323e+03 1.901716e+03 1.844616e+03 2.058166e+03 2.298056e+03 1.918186e+03 1.474119e+03 1.194408e+03 1.109203e+03 1.267896e+03 1.493795e+03 1.668959e+03 1.698897e+03 1.911856e+03 1.805726e+03 1.769796e+03 1.997256e+03 2.136776e+03 2.473966e+03 2.208026e+03 2.464946e+03 2.319286e+03 1.823626e+03 1.974386e+03 1.980426e+03 2.361586e+03 2.355726e+03 1.653756e+03 1.913216e+03 1.965436e+03 1.834606e+03 1.806306e+03 1.561995e+03 1.322039e+03 1.381457e+03 1.791066e+03 2.161766e+03 1.466379e+03 1.580173e+03 1.719076e+03 2.278836e+03 1.962886e+03 3.359566e+03
0.000000e+00 4.200946e+01 1.920410e+02 5.863740e+02 5.504120e+02 1.276270e+03 1.441212e+03 2.295113e+03 1.713336e+03 1.876266e+03 1.786696e+03 2.053076e+03 2.142376e+03 2.042316e+03 1.359096e+03 1.259724e+03 1.165607e+03 1.062124e+03 1.185811e+03 1.721926e+03 2.109076e+03 1.688948e+03 1.564632e+03 1.883876e+03 2.263096e+03 2.340756e+03 2.396836e+03 2.481256e+03 2.301766e+03 2.030106e+03 1.083106e+03 1.884696e+03 1.911476e+03 1.961796e+03 1.503555e+03 1.479948e+03 1.568848e+03 1.547974e+03 1.579487e+03 1.704662e+03 1.543214e+03 1.192245e+03 8.299692e+02 1.580389e+03 2.901616e+03 1.384286e+03 1.532757e+03 1.450515e+03 2.058626e+03 2.249586e+03 2.746546e+03
0.000000e+00 3.748261e+01 1.822610e+02 4.469540e+02 4.906126e+02 1.004224e+03 6.093384e+02 1.692044e+03 1.806684e+03 1.467689e+03 1.588107e+03 1.810736e+03 1.924696e+03 2.109076e+03 1.741596e+03 1.440509e+03 1.552918e+03 1.437285e+03 1.684559e+03 1.593105e+03 1.774986e+03 1.562794e+03 1.627858e+03 1.945496e+03 2.305686e+03 2.166306e+03 2.201016e+03 2.368506e+03 2.385066e+03 1.969696e+03 2.129906e+03 2.114936e+03 2.168406e+03 1.507863e+03 1.818226e+03 1.399810e+03 1.452841e+03 1.089378e+03 1.287948e+03 1.622101e+03 1.470667e+03 1.426708e+03 1.370980e+03 1.281036e+03 1.971916e+03 1.501887e+03 1.404928e+03 1.418248e+03 2.251586e+03 2.146546e+03 1.912496e+03
0.000000e+00 3.024431e+01 1.409990e+02 2.689298e+02 4.348289e+02 8.256968e+02 1.030559e+03 1.116123e+03 9.875345e+02 1.226548e+03 1.205846e+03 1.821776e+03 1.713866e+03 2.257036e+03 1.844906e+03 1.674114e+03 1.965986e+03 1.889376e+03 1.715646e+03 1.445033e+03 1.730926e+03 1.745066e+03 1.644170e+03 2.489876e+03 2.105446e+03 2.187526e+03 2.176056e+03 2.263636e+03 2.262786e+03 2.108946e+03 1.868516e+03 1.937266e+03 1.461273e+03 1.070296e+03 1.114676e+03 9.284482e+02 8.626722e+02 1.594102e+03 2.062616e+03 1.720626e+03 1.447097e+03 1.483275e+03 1.451210e+03 1.578925e+03 1.429475e+03 1.358089e+03 1.463948e+03 1.615527e+03 1.811446e+03 1.848676e+03 1.997336e+03
0.000000e+00 2.204743e+01 1.003495e+02 1.959233e+02 2.916514e+02 5.499347e+02 3.175884e+02 6.893116e+02 3.855170e+02 6.230908e+02 6.761721e+02 1.315915e+03 9.909262e+02 2.361086e+03 1.915046e+03 1.640498e+03 1.722456e+03 1.824036e+03 2.162816e+03 1.364819e+03 2.071366e+03 1.858216e+03 2.188896e+03 2.348496e+03 2.401726e+03 2.442056e+03 2.450416e+03 2.333666e+03 2.329116e+03 1.742186e+03 1.702467e+03 1.551690e+03 8.011246e+02 8.091862e+02 7.392129e+02 8.259442e+02 9.483932e+02 1.842116e+03 -1.207228e+02 7.944386e+02 1.534152e+03 1.350940e+03 1.311539e+03 1.464212e+03 1.977146e+03 1.310473e+03 1.319350e+03 1.511980e+03 2.282996e+03 2.086846e+03 1.979086e+03
0.000000e+00 2.579727e+01 1.233226e+02 1.370908e+02 2.329466e+02 1.921334e+02 2.658991e+02 3.945801e+01 3.841095e+01 5.229982e+02 6.212581e+02 -4.949481e+01 9.453882e+02 1.219969e+03 1.463076e+03 1.323342e+03 1.167835e+03 4.901522e+02 2.264366e+03 1.604616e+03 2.133806e+03 2.670276e+03 2.310566e+03 2.306646e+03 1.969226e+03 1.992216e+03 2.401046e+03 2.375596e+03 1.902226e+03 1.687306e+03 1.766826e+03 8.137712e+02 2.544392e+02 -5.534881e+01 3.472982e+02 7.223896e+02 8.924062e+02 1.366483e+03 9.947202e+02 1.076350e+03 1.648582e+03 1.313842e+03 1.635092e+03 1.634365e+03 2.384546e+03 1.214470e+03 1.372513e+03 1.325384e+03 1.165673e+03 1.665199e+03 1.938486e+03
0.000000e+00 3.142383e+01 5.225177e+01 7.493530e+01 1.618335e+01 7.619159e+01 1.074639e+02 -1.151318e+02 -9.207606e+01 3.437832e+02 6.143719e+01 2.168822e+02 3.380912e+02 8.329622e+02 7.307244e+02 1.173287e+03 1.447086e+03 1.920816e+03 2.162976e+03 1.572258e+03 1.721526e+03 2.133936e+03 2.459786e+03 2.424686e+03 2.455586e+03 2.225706e+03 2.153546e+03 2.151496e+03 2.125966e+03 1.840406e+03 1.009719e+03 4.729892e+02 2.700982e+02 -3.238281e+01 5.741032e+02 7.119246e+02 8.184322e+02 1.050269e+03 1.422507e+03 1.238754e+03 1.144003e+03 1.569075e+03 1.965326e+03 1.845366e+03 1.789926e+03 1.353322e+03 1.165771e+03 2.368776e+03 2.456336e+03 1.769096e+03 1.754096e+03
0.000000e+00 3.455550e+01 5.582509e+01 1.016658e+02 1.157930e+02 -3.860210e+02 2.121389e+01 -2.380626e+02 -1.069263e+02 -4.279338e+02 -8.463681e+01 5.394412e+02 -3.129338e+02 4.073819e+01 4.182622e+02 7.436503e+02 3.534152e+02 8.593572e+02 1.361814e+03 1.235726e+03 2.056936e+03 1.603118e+03 2.543996e+03 2.552826e+03 2.496926e+03 2.246036e+03 2.129756e+03 2.113006e+03 1.960136e+03 1.844466e+03 1.014389e+03 4.147982e+02 1.253602e+02 5.466312e+02 5.669842e+02 6.326808e+02 4.997172e+02 7.804898e+02 1.137359e+03 1.269561e+03 1.300648e+03 1.042931e+03 1.604772e+03 2.045916e+03 1.428233e+03 1.108777e+03 5.848922e+02 2.019406e+03 2.611506e+03 1.621455e+03 1.685108e+03
0.000000e+00 3.768717e+01 1.482590e+01 7.439680e+01 -8.110925e+01 8.783887e+01 -6.141104e+02 -4.642081e+02 -7.001593e+01 -4.029812e+00 7.166051e+02 2.071362e+02 9.406519e+01 2.843662e+02 2.936512e+02 -2.835908e+02 -9.609812e+00 1.511682e+03 1.182318e+03 1.018597e+03 1.625699e+03 2.575496e+03 2.159296e+03 1.771306e+03 1.860716e+03 1.953716e+03 2.202876e+03 1.822856e+03 1.633847e+03 1.583217e+03 1.185922e+03 4.108212e+02 -8.359881e+01 5.232532e+02 7.240723e+02 8.651862e+02 4.884992e+02 8.375932e+02 9.957632e+02 1.196429e+03 1.369714e+03 1.401450e+03 1.726626e+03 1.814246e+03 1.856366e+03 1.140320e+03 6.737089e+02 1.474668e+03 2.195656e+03 1.795966e+03 1.575343e+03
0.000000e+00 3.347160e+01 4.519649e+01 -3.155860e+02 -5.160707e+02 -2.822353e+02 -6.349979e+02 -5.590712e+02 -2.485142e+02 1.537319e+01 -2.164638e+02 -8.344938e+02 -9.543538e+02 5.616719e+01 -2.747168e+02 -1.156554e+03 -4.300481e+01 7.010488e+02 6.409506e+02 8.074374e+02 7.721075e+02 1.794986e+03 1.899276e+03 1.848226e+03 1.465670e+03 2.116666e+03 2.185996e+03 1.356015e+03 1.074744e+03 9.514972e+02 5.719462e+02 -4.502238e+02 -2.476178e+02 2.789182e+02 7.769604e+02 7.866738e+02 4.458942e+02 6.393019e+02 8.798102e+02 1.083870e+03 1.115749e+03 1.143916e+03 1.408039e+03 1.245401e+03 1.516691e+03 1.121915e+03 6.022812e+02 7.842442e+02 1.631037e+03 1.851616e+03 1.566794e+03
0.000000e+00 1.373489e+01 -3.969218e+01 -6.191795e+01 -1.733330e+02 -5.087670e+02 -7.175054e+02 -7.370532e+02 -5.392285e+02 -4.373938e+02 -1.172584e+03 -9.118738e+02 -9.562238e+02 -1.057904e+03 -7.503138e+02 -9.644838e+02 -1.992328e+02 -5.628438e+02 -5.103338e+02 -4.158038e+02 6.593106e+02 4.079792e+02 1.238953e+03 1.697418e+03 1.700354e+03 1.233382e+03 1.480348e+03 1.349422e+03 9.783522e+02 6.390066e+02 5.420402e+02 1.013452e+02 -4.543538e+02 -2.384698e+02 7.904919e+01 2.503592e+02 9.787719e+01 3.482582e+02 3.788082e+02 4.583632e+02 1.852402e+02 1.348526e+03 6.616667e+02 9.446752e+02 1.106509e+03 1.019053e+03 6.332522e+02 7.729191e+02 1.572982e+03 1.568634e+03 1.599491e+03
0.000000e+00 1.169004e+00 -8.647627e+01 -1.610810e+02 -3.806853e+02 -6.015615e+02 -7.136204e+02 -6.998603e+02 -6.047902e+02 -6.809538e+02 -8.946238e+02 -1.175554e+03 -1.160164e+03 -1.257564e+03 -1.112274e+03 -8.958238e+02 -1.122454e+03 -1.033174e+03 -7.018538e+02 -1.899998e+02 3.568012e+02 1.788232e+02 7.295008e+02 7.320113e+02 3.257972e+02 9.698442e+02 8.506332e+02 1.260309e+03 5.135992e+02 7.192733e+02 3.456212e+02 -3.528981e+01 -5.141938e+02 -1.916548e+02 -8.594081e+01 -9.032181e+01 -1.452658e+02 8.379519e+01 2.292742e+02 4.028082e+02 5.397412e+02 7.119129e+02 5.196792e+02 7.464067e+02 7.172564e+02 7.806942e+02 7.097855e+02 8.225262e+02 1.280876e+03 9.865242e+02 1.627936e+03
-0.000000e+00 -1.139700e+01 -7.606291e+01 -2.092135e+02 -3.895893e+02 -5.909224e+02 -8.384129e+02 -8.498769e+02 -1.063333e+03 -1.245264e+03 -1.078014e+03 -1.374604e+03 -1.602754e+03 -1.284744e+03 -1.239144e+03 -7.275938e+02 -9.205338e+02 -8.181038e+02 -5.177638e+02 -3.136038e+02 -5.221438e+02 -9.657138e+02 -5.376938e+02 -2.582398e+02 -8.868938e+02 -5.769838e+02 -7.038138e+02 7.470195e+02 5.964762e+02 5.098822e+02 1.395482e+02 -1.202238e+02 -5.184138e+02 -9.938981e+01 -1.767581e+01 -3.896038e+02 1.279712e+02 -1.148481e+01 8.140419e+01 3.488292e+02 3.737532e+02 3.440352e+02 1.756822e+02 9.495332e+02 6.596819e+02 5.066192e+02 6.457715e+02 7.691089e+02 9.079702e+02 6.477104e+02 1.350691e+03
-0.000000e+00 -1.260948e+01 -7.348823e+01 -2.213110e+02 -4.420915e+02 -7.206457e+02 -9.338354e+02 -1.060654e+03 -2.211263e+03 -1.538604e+03 -1.675204e+03 -1.698364e+03 -1.617564e+03 -1.580744e+03 8.993419e+01 3.759152e+02 -5.449938e+02 -6.543938e+02 -4.007738e+02 -3.310938e+02 -2.707408e+02 -3.135438e+02 -1.162744e+03 -1.123934e+03 -9.445538e+02 -1.437114e+03 -1.523774e+03 -2.743081e+01 5.250222e+02 4.392782e+02 -4.756812e+00 -3.964638e+02 -7.251338e+02 -2.136008e+02 1.154562e+02 -4.048838e+02 -3.196838e+02 -3.068638e+02 -1.376748e+02 -5.684338e+02 2.052519e+01 2.117142e+02 1.716632e+02 6.332450e+02 6.168294e+02 4.658432e+02 7.188439e+02 7.484172e+02 1.124220e+03 8.495822e+02 1.116508e+03
