Code/Output_20260204_161825/2.9_30_1000_Te_map_shift_100km.grd
DSAA
165 185
-4920000.000000 4920000.000000
-5520000.000000 5520000.000000
1.000000 199.999997
[rows 138 to 160 of 185, columns 52 to 103 of 165]
2.072822e+00 2.404675e+00 2.747892e+00 3.183927e+00 3.949250e+00 4.571195e+00 5.400988e+00 2.777611e+01 3.411900e+01 3.656613e+01 3.796490e+01 3.888229e+01 3.975577e+01 4.067225e+01 4.175571e+01 4.309543e+01 4.447380e+01 4.566091e+01 4.648396e+01 4.691857e+01 4.683372e+01 4.618796e+01 4.517472e+01 4.378918e+01 4.212125e+01 4.007879e+01 3.764715e+01 3.471407e+01 3.070484e+01 4.759376e+00 4.562498e+00 3.581359e+00 3.078239e+00 2.803393e+00 3.011612e+00 3.864550e+00 1.133045e+01 2.278363e+01 4.596127e+01 5.153578e+01 4.867372e+01 4.596627e+01 4.178078e+01 3.400077e+01 4.750268e+00 4.030786e+00 3.396342e+00 2.907358e+00 2.691498e+00 2.635843e+00 2.710797e+00 2.686716e+00
2.344230e+00 2.537205e+00 2.808072e+00 3.211143e+00 3.711288e+00 4.232537e+00 4.699907e+00 4.961902e+00 2.772065e+01 3.247494e+01 3.429942e+01 3.538682e+01 3.636291e+01 3.731108e+01 3.849163e+01 3.993576e+01 4.136087e+01 4.259341e+01 4.342080e+01 4.382434e+01 4.367605e+01 4.293490e+01 4.181099e+01 4.029836e+01 3.852743e+01 3.642991e+01 3.393657e+01 3.082657e+01 2.590461e+01 4.606838e+00 4.193781e+00 3.573234e+00 3.039956e+00 2.789419e+00 2.980108e+00 3.571243e+00 5.468950e+00 1.375227e+01 1.724888e+01 4.227438e+01 1.788800e+01 7.706759e+00 6.328643e+00 5.237650e+00 4.550575e+00 3.966357e+00 3.434893e+00 2.776499e+00 2.534171e+00 2.504322e+00 2.515017e+00 2.460114e+00
2.324596e+00 2.452586e+00 2.567260e+00 2.883578e+00 3.344167e+00 3.756074e+00 4.093216e+00 4.340496e+00 4.331600e+00 4.121445e+00 3.968294e+00 3.958632e+00 4.219256e+00 3.004793e+01 3.213763e+01 3.441084e+01 3.638091e+01 3.799359e+01 3.903097e+01 3.952601e+01 3.935723e+01 3.848360e+01 3.713610e+01 3.530911e+01 3.320578e+01 3.080736e+01 2.791071e+01 2.350555e+01 4.200385e+00 3.995378e+00 3.637387e+00 3.175614e+00 2.686222e+00 2.361346e+00 2.489446e+00 2.946175e+00 3.714317e+00 7.208935e+00 9.419369e+00 9.508989e+00 6.131741e+00 5.542326e+00 5.148593e+00 4.450574e+00 4.126293e+00 3.658696e+00 3.184175e+00 2.716575e+00 2.499604e+00 2.468822e+00 2.459219e+00 2.318437e+00
2.219764e+00 2.382027e+00 2.385210e+00 2.562502e+00 2.980875e+00 3.277206e+00 3.559561e+00 3.804784e+00 3.885987e+00 3.813358e+00 3.779028e+00 3.803664e+00 3.952688e+00 4.071829e+00 4.327684e+00 1.574418e+01 1.868781e+01 2.244181e+01 2.933343e+01 3.120046e+01 3.109274e+01 2.939376e+01 2.648756e+01 2.356172e+01 2.168048e+01 1.991517e+01 1.660200e+01 3.764807e+00 3.478686e+00 3.379030e+00 3.088930e+00 2.609754e+00 2.067696e+00 1.562313e+00 1.384338e+00 1.881242e+00 2.384351e+00 4.807321e+00 5.225258e+00 4.785826e+00 4.669912e+00 4.627647e+00 4.431199e+00 3.780289e+00 3.621737e+00 3.195551e+00 2.736168e+00 2.520421e+00 2.333456e+00 2.344541e+00 2.347754e+00 2.206381e+00
1.973322e+00 2.163946e+00 2.106118e+00 2.157421e+00 2.541623e+00 2.747496e+00 3.068056e+00 3.322625e+00 3.422899e+00 3.430779e+00 3.532420e+00 3.713565e+00 3.833842e+00 3.780624e+00 3.896902e+00 4.002375e+00 3.999763e+00 4.108828e+00 4.226092e+00 1.549749e+01 1.576970e+01 4.528391e+00 4.434011e+00 1.355069e+01 3.794630e+00 3.519796e+00 3.335311e+00 3.173799e+00 2.931858e+00 2.890251e+00 2.715315e+00 2.353370e+00 1.997019e+00 1.538416e+00 1.393287e+00 1.628985e+00 2.360880e+00 4.339124e+00 4.465208e+00 4.296967e+00 4.248348e+00 4.394038e+00 4.441292e+00 3.999378e+00 3.880448e+00 3.464906e+00 2.971607e+00 2.718046e+00 2.527834e+00 2.514922e+00 2.390452e+00 2.366625e+00
1.802098e+00 2.003044e+00 1.936378e+00 1.902791e+00 2.314410e+00 2.420961e+00 2.656248e+00 2.858306e+00 2.831751e+00 2.838612e+00 2.946199e+00 3.243527e+00 3.460633e+00 3.448727e+00 3.541334e+00 3.626263e+00 3.647112e+00 3.786484e+00 3.883399e+00 3.951515e+00 3.994619e+00 3.994453e+00 3.914539e+00 3.757068e+00 3.564273e+00 3.405825e+00 3.309907e+00 3.129960e+00 2.832996e+00 2.762872e+00 2.623121e+00 2.278971e+00 1.871053e+00 1.000000e+00 1.000000e+00 1.000000e+00 2.304913e+00 4.079095e+00 4.285350e+00 4.037094e+00 3.968109e+00 4.211381e+00 4.368715e+00 4.095317e+00 4.011045e+00 3.651959e+00 3.204190e+00 2.964581e+00 2.823751e+00 2.871921e+00 2.829427e+00 2.801954e+00
1.707840e+00 1.818494e+00 1.588100e+00 1.509212e+00 1.963198e+00 1.965355e+00 2.077225e+00 2.274069e+00 2.155495e+00 2.120083e+00 2.146049e+00 2.367406e+00 2.717424e+00 2.832812e+00 3.036497e+00 3.158688e+00 3.225095e+00 3.332787e+00 3.384547e+00 3.434659e+00 3.469093e+00 3.464268e+00 3.431092e+00 3.371724e+00 3.314210e+00 3.281336e+00 3.294134e+00 3.272236e+00 3.063466e+00 2.989658e+00 2.762114e+00 2.380449e+00 1.866261e+00 1.000000e+00 1.000000e+00 1.000000e+00 1.601216e+00 3.719738e+00 4.206826e+00 3.866136e+00 3.810568e+00 4.005818e+00 4.164772e+00 3.757276e+00 3.663219e+00 3.182920e+00 2.683835e+00 2.411594e+00 2.202705e+00 2.306098e+00 2.249572e+00 2.178692e+00
1.712214e+00 1.717056e+00 1.401942e+00 1.000000e+00 1.505892e+00 1.334532e+00 1.521299e+00 1.644081e+00 1.392625e+00 1.161025e+00 1.000000e+00 1.355021e+00 1.729477e+00 1.886281e+00 2.164672e+00 2.267579e+00 2.324863e+00 2.383288e+00 2.424293e+00 2.476422e+00 2.520916e+00 2.512646e+00 2.491823e+00 2.483859e+00 2.455214e+00 2.480221e+00 2.522460e+00 2.536442e+00 2.422646e+00 2.437698e+00 2.228360e+00 1.800477e+00 1.000000e+00 1.000000e+00 1.000000e+00 1.590301e+00 2.398444e+00 3.921290e+00 4.189937e+00 4.047515e+00 3.929953e+00 4.031197e+00 4.179939e+00 3.827725e+00 3.698677e+00 3.236399e+00 2.738575e+00 2.476732e+00 2.282231e+00 2.369425e+00 2.280797e+00 2.220380e+00
1.721199e+00 1.621488e+00 1.211260e+00 1.000000e+00 1.000000e+00 1.000000e+00 1.000000e+00 1.000000e+00 1.000000e+00 1.000000e+00 1.000000e+00 1.000000e+00 1.000000e+00 1.000000e+00 1.000000e+00 1.000000e+00 1.000000e+00 1.000000e+00 1.000000e+00 1.000000e+00 1.009056e+00 1.070806e+00 1.140814e+00 1.237909e+00 1.204300e+00 1.372385e+00 1.544642e+00 1.744811e+00 1.765632e+00 1.881389e+00 1.801220e+00 1.461914e+00 1.168091e+00 1.179967e+00 2.032876e+00 2.640522e+00 3.207840e+00 4.009589e+00 4.160744e+00 4.075555e+00 3.891357e+00 3.987177e+00 3.984955e+00 3.579126e+00 3.505775e+00 3.058710e+00 2.575508e+00 2.324059e+00 2.132629e+00 2.263259e+00 2.127355e+00 2.142383e+00
2.036057e+00 1.841755e+00 1.453507e+00 1.000000e+00 1.000000e+00 1.000000e+00 1.000000e+00 1.000000e+00 1.000000e+00 1.000000e+00 1.000000e+00 1.000000e+00 1.000000e+00 1.000000e+00 1.000000e+00 1.000000e+00 1.000000e+00 1.000000e+00 1.000000e+00 1.000000e+00 1.000000e+00 1.000000e+00 1.000000e+00 1.000000e+00 1.000000e+00 1.000000e+00 1.000000e+00 1.066364e+00 1.326857e+00 1.616778e+00 1.662777e+00 1.516503e+00 1.767847e+00 2.197528e+00 2.843672e+00 3.346206e+00 3.670506e+00 4.132558e+00 4.362954e+00 3.882887e+00 3.687949e+00 3.846339e+00 3.862487e+00 3.327814e+00 3.228274e+00 2.722681e+00 2.223926e+00 1.945971e+00 1.657447e+00 1.954964e+00 1.727974e+00 1.889989e+00
2.342824e+00 2.152093e+00 1.694419e+00 1.000000e+00 1.000000e+00 1.000000e+00 1.000000e+00 1.000000e+00 1.000000e+00 1.000000e+00 1.000000e+00 1.000000e+00 1.000000e+00 1.000000e+00 1.000000e+00 1.000000e+00 1.000000e+00 1.000000e+00 1.000000e+00 1.000000e+00 1.000000e+00 1.000000e+00 1.000000e+00 1.000000e+00 1.000000e+00 1.000000e+00 1.000000e+00 1.000000e+00 1.000000e+00 1.489578e+00 1.838350e+00 2.079026e+00 2.486139e+00 2.791280e+00 3.284729e+00 3.586295e+00 3.781909e+00 4.098741e+00 4.242447e+00 3.586455e+00 3.478818e+00 3.663824e+00 3.727441e+00 3.222321e+00 3.084036e+00 2.558971e+00 2.160976e+00 1.925815e+00 1.693399e+00 2.039184e+00 1.849475e+00 2.019853e+00
2.750628e+00 2.597373e+00 2.102813e+00 1.643591e+00 1.264031e+00 1.000000e+00 1.000000e+00 1.000000e+00 1.000000e+00 1.000000e+00 1.000000e+00 1.000000e+00 1.000000e+00 1.000000e+00 1.000000e+00 1.000000e+00 1.000000e+00 1.000000e+00 1.000000e+00 1.000000e+00 1.000000e+00 1.000000e+00 1.000000e+00 1.000000e+00 1.000000e+00 1.000000e+00 1.214579e+00 1.697631e+00 2.040173e+00 2.537296e+00 2.851566e+00 2.926480e+00 3.107438e+00 3.206947e+00 3.439162e+00 3.433037e+00 3.428457e+00 3.620842e+00 3.659789e+00 3.309919e+00 3.301420e+00 3.497231e+00 3.573012e+00 3.075957e+00 2.753203e+00 2.313513e+00 1.944233e+00 1.580121e+00 1.272422e+00 1.691686e+00 1.670672e+00 1.801221e+00
3.229349e+00 3.013462e+00 2.455061e+00 2.037066e+00 1.739301e+00 1.000000e+00 1.000000e+00 1.000000e+00 1.000000e+00 1.000000e+00 1.000000e+00 1.000000e+00 1.000000e+00 1.000000e+00 1.000000e+00 1.000000e+00 1.000000e+00 1.000000e+00 1.000000e+00 1.000000e+00 1.000000e+00 1.000000e+00 1.276462e+00 1.835386e+00 2.047772e+00 2.260927e+00 2.401641e+00 2.660416e+00 2.883472e+00 3.405303e+01 3.628412e+01 3.659248e+01 3.548454e+01 3.782003e+00 3.750267e+00 3.486816e+00 3.328610e+00 3.436963e+00 3.378961e+00 3.126617e+00 3.051250e+00 3.111303e+00 3.084327e+00 2.733133e+00 2.395464e+00 1.905191e+00 1.492622e+00 1.000000e+00 1.000000e+00 1.169739e+00 1.652961e+00 1.895794e+00
3.699721e+00 3.384460e+00 2.845390e+00 2.486601e+00 2.092189e+00 1.000000e+00 1.000000e+00 1.000000e+00 1.000000e+00 1.000000e+00 1.000000e+00 1.000000e+00 1.000000e+00 1.000000e+00 1.000000e+00 1.000000e+00 1.000000e+00 1.000000e+00 1.000000e+00 1.000000e+00 1.300517e+00 1.772284e+00 2.145201e+00 2.541744e+00 2.789443e+00 3.030141e+00 3.151212e+00 3.404160e+00 3.776275e+01 4.076101e+01 4.277562e+01 4.394559e+01 4.456872e+01 4.440694e+01 4.342180e+01 4.177912e+01 3.949173e+01 3.567924e+00 3.442768e+00 3.247880e+00 3.267309e+00 3.195164e+00 3.076622e+00 2.776310e+00 2.291095e+00 1.654020e+00 1.000000e+00 1.000000e+00 1.000000e+00 1.000000e+00 1.000000e+00 1.145513e+00
3.884626e+00 3.541746e+00 3.020269e+00 2.648086e+00 2.379258e+00 1.554795e+00 1.096574e+00 1.000000e+00 1.000000e+00 1.000000e+00 1.000000e+00 1.000000e+00 1.000000e+00 1.000000e+00 1.000000e+00 1.000000e+00 1.000000e+00 1.000000e+00 1.000000e+00 1.318539e+00 1.894368e+00 2.200742e+00 2.502256e+00 2.905091e+00 3.177990e+00 3.527106e+00 3.809834e+00 3.777964e+01 4.175114e+01 4.484056e+01 4.735521e+01 4.922523e+01 5.069785e+01 5.142777e+01 5.133750e+01 5.069041e+01 4.954698e+01 4.799803e+01 4.687283e+01 4.546187e+01 4.402507e+01 4.239892e+01 4.050307e+01 3.683304e+01 2.299210e+00 1.595799e+00 1.000000e+00 1.000000e+00 1.000000e+00 1.000000e+00 1.719310e+00 2.661518e+00
3.867847e+00 3.521709e+00 3.002695e+00 2.631567e+00 2.296708e+00 1.851584e+00 1.599720e+00 1.399807e+00 1.102589e+00 1.000000e+00 1.000000e+00 1.164985e+00 1.322452e+00 1.296250e+00 1.160701e+00 1.048111e+00 1.000000e+00 1.204188e+00 1.473249e+00 1.726425e+00 2.111378e+00 2.355893e+00 2.599726e+00 3.017035e+00 3.310785e+00 3.728081e+00 3.548076e+01 4.092258e+01 4.470740e+01 4.796664e+01 5.085230e+01 5.324107e+01 5.522628e+01 5.641896e+01 5.672101e+01 5.636233e+01 5.538132e+01 5.374711e+01 5.242861e+01 5.081501e+01 4.918217e+01 4.746416e+01 4.591762e+01 4.411073e+01 4.188135e+01 2.033761e+00 1.000000e+00 1.000000e+00 1.000000e+00 1.108623e+00 2.644834e+00 4.216300e+00
3.972551e+00 3.497294e+00 2.984269e+00 2.550568e+00 2.175536e+00 1.923767e+00 1.722659e+00 1.608741e+00 1.438121e+00 1.390552e+00 1.360055e+00 1.436572e+00 1.516181e+00 1.460019e+00 1.299632e+00 1.311860e+00 1.252142e+00 1.432778e+00 1.612627e+00 1.799917e+00 2.089700e+00 2.319285e+00 2.526001e+00 2.929946e+00 3.205296e+00 3.631310e+00 3.880705e+01 4.328149e+01 4.692096e+01 5.020116e+01 5.321211e+01 5.576268e+01 5.788905e+01 5.915601e+01 5.951206e+01 5.920892e+01 5.825560e+01 5.657223e+01 5.518140e+01 5.353477e+01 5.189562e+01 5.020044e+01 4.885380e+01 4.757500e+01 4.653912e+01 4.567865e+01 4.408991e+01 1.000000e+00 1.000000e+00 1.786854e+00 3.250934e+00 6.171666e+00
4.170084e+00 3.641164e+00 3.141884e+00 2.969924e+00 2.882288e+00 2.687113e+00 2.538197e+00 2.420043e+00 2.314260e+00 2.231823e+00 2.195381e+00 2.222757e+00 2.245755e+00 2.215968e+00 2.160961e+00 2.151943e+00 2.042954e+00 2.015131e+00 2.046242e+00 1.975591e+00 2.002487e+00 2.243005e+00 2.435652e+00 2.820804e+00 3.094625e+00 3.483613e+01 4.083941e+01 4.475769e+01 4.817618e+01 5.130239e+01 5.419297e+01 5.659358e+01 5.853291e+01 5.956747e+01 5.972080e+01 5.928860e+01 5.823706e+01 5.647413e+01 5.503958e+01 5.341408e+01 5.182135e+01 5.015902e+01 4.891402e+01 4.784232e+01 4.718212e+01 4.707772e+01 4.703500e+01 4.713582e+01 1.518698e+00 2.105366e+00 3.363536e+00 7.737480e+00
3.960318e+00 3.499977e+00 3.062668e+00 2.989516e+00 2.755160e+00 2.550671e+00 2.395765e+00 2.306090e+00 2.193110e+00 2.148078e+00 2.121408e+00 2.128205e+00 2.120218e+00 2.090294e+00 2.050894e+00 2.070857e+00 1.958300e+00 1.971283e+00 1.924436e+00 1.839764e+00 1.994430e+00 2.206038e+00 2.398540e+00 2.748580e+00 3.051615e+00 3.732339e+01 4.167151e+01 4.514037e+01 4.826778e+01 5.110282e+01 5.370451e+01 5.576708e+01 5.733363e+01 5.799170e+01 5.783113e+01 5.716809e+01 5.593766e+01 5.404000e+01 5.249941e+01 5.083152e+01 4.920744e+01 4.746957e+01 4.611388e+01 4.487453e+01 4.393447e+01 4.355899e+01 4.319572e+01 4.323275e+01 1.717493e+00 2.320804e+00 3.604715e+00 4.165596e+01
3.626186e+00 3.242808e+00 2.879378e+00 2.692613e+00 2.504733e+00 2.353905e+00 2.215697e+00 2.136687e+00 2.023667e+00 1.977828e+00 1.927244e+00 1.899172e+00 1.890865e+00 1.882975e+00 1.869358e+00 1.913320e+00 1.835068e+00 1.880092e+00 1.850521e+00 1.973192e+00 2.042294e+00 2.284410e+00 2.511941e+00 2.844702e+00 3.187901e+00 3.774047e+01 4.146470e+01 4.458342e+01 4.739983e+01 4.989046e+01 5.212263e+01 5.377119e+01 5.488609e+01 5.510982e+01 5.458172e+01 5.361557e+01 5.212982e+01 5.002216e+01 4.823569e+01 4.635848e+01 4.449022e+01 4.240770e+01 4.053042e+01 3.849445e+01 3.611631e+01 3.169321e+00 2.497964e+00 2.042045e+00 2.020112e+00 2.380127e+00 3.132631e+00 3.921874e+01
3.478485e+00 3.096677e+00 2.754134e+00 2.717230e+00 2.630459e+00 2.470610e+00 2.306045e+00 2.216662e+00 2.118812e+00 2.057029e+00 2.017861e+00 1.990625e+00 2.000391e+00 1.999784e+00 1.975038e+00 2.037597e+00 2.013037e+00 2.100493e+00 2.094387e+00 2.114898e+00 2.194682e+00 2.434340e+00 2.647693e+00 2.953324e+00 3.321005e+00 3.665819e+01 4.027444e+01 4.317564e+01 4.573827e+01 4.789589e+01 4.975261e+01 5.100153e+01 5.166607e+01 5.146051e+01 5.055985e+01 4.925207e+01 4.742941e+01 4.501323e+01 4.273460e+01 4.027353e+01 3.762613e+01 3.433942e+01 2.992279e+01 5.333893e+00 3.657369e+00 2.707738e+00 1.851271e+00 1.051088e+00 1.000000e+00 1.271410e+00 2.192749e+00 3.043643e+00
3.778996e+00 3.368754e+00 2.986905e+00 2.916806e+00 2.803201e+00 2.655793e+00 2.493731e+00 2.374117e+00 2.275279e+00 2.190612e+00 2.128132e+00 2.086623e+00 2.082222e+00 2.084528e+00 2.095046e+00 2.169072e+00 2.147856e+00 2.245866e+00 2.222515e+00 2.246644e+00 2.339366e+00 2.575159e+00 2.795095e+00 3.114908e+00 3.490514e+00 3.350743e+01 3.803033e+01 4.094789e+01 4.338600e+01 4.525471e+01 4.678071e+01 4.769569e+01 4.794195e+01 4.733010e+01 4.605271e+01 4.431997e+01 4.211885e+01 3.920166e+01 3.570140e+01 3.021982e+01 1.760273e+01 5.911305e+00 4.746691e+00 3.763183e+00 2.855129e+00 2.132583e+00 1.092345e+00 1.000000e+00 1.000000e+00 1.000000e+00 1.578485e+00 2.730862e+00
4.311761e+00 3.813874e+00 3.401484e+00 3.285994e+00 3.175984e+00 3.046701e+00 2.884229e+00 2.753075e+00 2.660799e+00 2.557237e+00 2.470925e+00 2.431599e+00 2.421280e+00 2.436262e+00 2.469764e+00 2.556733e+00 2.534372e+00 2.625895e+00 2.584879e+00 2.592880e+00 2.645255e+00 2.812617e+00 3.030273e+00 3.364741e+00 3.747909e+00 4.340804e+00 3.446223e+01 3.793571e+01 4.047100e+01 4.216880e+01 4.349259e+01 4.416867e+01 4.403137e+01 4.299269e+01 4.117157e+01 3.860986e+01 3.468548e+01 5.364326e+00 4.739205e+00 4.415048e+00 4.203963e+00 3.767140e+00 3.284684e+00 2.779762e+00 1.959075e+00 1.005636e+00 1.000000e+00 1.000000e+00 1.000000e+00 1.000000e+00 1.000000e+00 2.379419e+00
