Code/Output_20260204_161825/2.9_30_1000_topography_anomaly.grd
DSAA
181 201
-5400000.000000 5400000.000000
-6000000.000000 6000000.000000
-5639.123812 21096.646188
[rows 69 to 91 of 201, columns 51 to 101 of 181]
2.234016e+03 2.091706e+03 2.180476e+03 2.529096e+03 2.978016e+03 2.789196e+03 2.483186e+03 2.551496e+03 2.588786e+03 2.652466e+03 2.613726e+03 2.731866e+03 2.987886e+03 3.084006e+03 3.157406e+03 3.201596e+03 3.295346e+03 3.443146e+03 3.559796e+03 4.107456e+03 3.813556e+03 3.936996e+03 4.027956e+03 4.070876e+03 4.648846e+03 4.420656e+03 4.416356e+03 4.505856e+03 4.695246e+03 4.710726e+03 5.871206e+03 4.626136e+03 4.712896e+03 5.511086e+03 5.717316e+03 6.222846e+03 6.473226e+03 6.363526e+03 7.109266e+03 7.452916e+03 6.857946e+03 6.074706e+03 5.260866e+03 4.634616e+03 4.482246e+03 4.726266e+03 4.306586e+03 4.350026e+03 5.025406e+03 4.518776e+03 4.546236e+03
2.287106e+03 2.530236e+03 2.245306e+03 2.234246e+03 2.855866e+03 2.488346e+03 2.445026e+03 2.577236e+03 2.627736e+03 2.653016e+03 2.841746e+03 2.890876e+03 2.964646e+03 3.069046e+03 3.206236e+03 3.230546e+03 3.343036e+03 3.451276e+03 3.589136e+03 3.714716e+03 3.863566e+03 3.988336e+03 4.097076e+03 4.164966e+03 5.194786e+03 4.605956e+03 4.565496e+03 4.834006e+03 4.820866e+03 4.806186e+03 5.913936e+03 4.849586e+03 5.727456e+03 5.365986e+03 6.134756e+03 6.075996e+03 6.151976e+03 6.733566e+03 6.751506e+03 7.056786e+03 6.660366e+03 5.876276e+03 5.400176e+03 4.742216e+03 4.522456e+03 4.930416e+03 4.348126e+03 4.201056e+03 4.355496e+03 4.228766e+03 3.921456e+03
2.388456e+03 2.601626e+03 2.199966e+03 2.280716e+03 2.502886e+03 2.711186e+03 2.527466e+03 2.600906e+03 2.681436e+03 2.698506e+03 2.901716e+03 2.915066e+03 2.963876e+03 3.042426e+03 3.144866e+03 3.240306e+03 3.362416e+03 3.472136e+03 3.670066e+03 3.798876e+03 3.954046e+03 3.951606e+03 4.070956e+03 4.284366e+03 4.844456e+03 4.658856e+03 4.711366e+03 4.948906e+03 4.932726e+03 4.888706e+03 4.875766e+03 4.781866e+03 5.720266e+03 5.456496e+03 5.871216e+03 6.301156e+03 6.493286e+03 6.820746e+03 7.060676e+03 7.028746e+03 6.411456e+03 5.727876e+03 5.438236e+03 4.988796e+03 4.671646e+03 4.668666e+03 4.264196e+03 4.188106e+03 4.057036e+03 3.953126e+03 3.901136e+03
2.293726e+03 2.251266e+03 2.161466e+03 2.277466e+03 2.515456e+03 2.654696e+03 2.616756e+03 2.644586e+03 2.672676e+03 2.742876e+03 2.881506e+03 2.946956e+03 2.951936e+03 3.041866e+03 3.100206e+03 3.231246e+03 3.397476e+03 3.382086e+03 3.508266e+03 3.892746e+03 4.002856e+03 4.129086e+03 4.162656e+03 4.380096e+03 4.545206e+03 4.692336e+03 4.799226e+03 4.786936e+03 4.951366e+03 4.735006e+03 4.580536e+03 4.973676e+03 5.745926e+03 5.797376e+03 6.302856e+03 6.222646e+03 6.413116e+03 7.475436e+03 7.682316e+03 7.375816e+03 6.305046e+03 5.521746e+03 5.173106e+03 5.005276e+03 4.614406e+03 4.440056e+03 4.318356e+03 4.197496e+03 4.060766e+03 3.934556e+03 3.862316e+03
2.860386e+03 2.076816e+03 2.124856e+03 2.298736e+03 2.567076e+03 2.564276e+03 2.674836e+03 2.665506e+03 2.688356e+03 2.791826e+03 2.920856e+03 2.936186e+03 2.982416e+03 3.047836e+03 3.144106e+03 3.261176e+03 3.435966e+03 3.463926e+03 3.798236e+03 3.954496e+03 4.065626e+03 4.248376e+03 4.357626e+03 4.489266e+03 4.686556e+03 4.762676e+03 4.843606e+03 4.868456e+03 4.917726e+03 4.831206e+03 5.447426e+03 5.614386e+03 5.745726e+03 5.835106e+03 6.041006e+03 6.203206e+03 7.022616e+03 7.495086e+03 8.260396e+03 7.332516e+03 6.151196e+03 5.264296e+03 5.064446e+03 4.845286e+03 4.632306e+03 4.481526e+03 4.335796e+03 4.169456e+03 4.017656e+03 3.896566e+03 3.825396e+03
3.522506e+03 2.108346e+03 2.115586e+03 2.131186e+03 2.329756e+03 2.678106e+03 2.712336e+03 2.715936e+03 2.696996e+03 2.806926e+03 2.882416e+03 2.930466e+03 3.010946e+03 3.102626e+03 3.192896e+03 3.306656e+03 3.444856e+03 3.661306e+03 3.859006e+03 3.972716e+03 4.133646e+03 4.293226e+03 4.434056e+03 4.576906e+03 4.731536e+03 4.931686e+03 4.971126e+03 5.013086e+03 5.059586e+03 5.042516e+03 6.034716e+03 5.803896e+03 5.286046e+03 5.362136e+03 5.539146e+03 6.574886e+03 6.990576e+03 7.689136e+03 8.689506e+03 7.655506e+03 5.906746e+03 5.283836e+03 5.043546e+03 4.836316e+03 4.674176e+03 4.509146e+03 4.275666e+03 4.096706e+03 3.970276e+03 3.828926e+03 3.750036e+03
2.672146e+03 2.140936e+03 2.417786e+03 2.520776e+03 2.848326e+03 2.728226e+03 2.711926e+03 2.757296e+03 2.779366e+03 2.831616e+03 2.875786e+03 2.985786e+03 3.098506e+03 3.172076e+03 3.221476e+03 3.337426e+03 3.449256e+03 3.602716e+03 3.810696e+03 4.004946e+03 4.165846e+03 4.168706e+03 4.423176e+03 4.630036e+03 4.812516e+03 5.044986e+03 5.132496e+03 5.144566e+03 5.188416e+03 5.282686e+03 6.166856e+03 5.340656e+03 4.989226e+03 5.077276e+03 5.565206e+03 6.450536e+03 6.663936e+03 7.643556e+03 8.550136e+03 7.788046e+03 5.702046e+03 5.280476e+03 5.039966e+03 4.848226e+03 4.656006e+03 4.453336e+03 4.241336e+03 4.083596e+03 3.939806e+03 3.755256e+03 3.664766e+03
2.321776e+03 2.443806e+03 2.361426e+03 2.567176e+03 2.758086e+03 2.763086e+03 2.736346e+03 2.773466e+03 2.879966e+03 2.910056e+03 2.930746e+03 3.022356e+03 3.191126e+03 3.278506e+03 3.307476e+03 3.377456e+03 3.476086e+03 3.608226e+03 3.848496e+03 4.035546e+03 4.226576e+03 4.396146e+03 4.533886e+03 4.734006e+03 4.934086e+03 5.079316e+03 5.159546e+03 5.228486e+03 5.293526e+03 5.406406e+03 5.699316e+03 5.145136e+03 5.067226e+03 5.471226e+03 5.833466e+03 6.577106e+03 6.551736e+03 6.990236e+03 7.068096e+03 6.649636e+03 5.595586e+03 5.320956e+03 5.045366e+03 4.875416e+03 4.461286e+03 4.452736e+03 4.268996e+03 4.144596e+03 3.919506e+03 3.771476e+03 3.714066e+03
2.445076e+03 2.713386e+03 2.088916e+03 2.390586e+03 2.823516e+03 2.830206e+03 2.773196e+03 2.816736e+03 2.880046e+03 2.944966e+03 3.002876e+03 3.061266e+03 3.216766e+03 3.332216e+03 3.409396e+03 3.485876e+03 3.603386e+03 3.661136e+03 3.905436e+03 4.117686e+03 4.392966e+03 4.313696e+03 4.522946e+03 4.894526e+03 5.063936e+03 5.172386e+03 5.307686e+03 5.362926e+03 5.394466e+03 5.466876e+03 5.487906e+03 5.893246e+03 5.186196e+03 6.077876e+03 5.825196e+03 6.482346e+03 6.611796e+03 6.503786e+03 6.238666e+03 5.964826e+03 5.668576e+03 5.344136e+03 5.105866e+03 4.888826e+03 4.254896e+03 4.437226e+03 4.315316e+03 4.163296e+03 3.999456e+03 3.855426e+03 3.789626e+03
2.059356e+03 2.117496e+03 2.197886e+03 2.540946e+03 2.625356e+03 2.830056e+03 2.815306e+03 2.856926e+03 2.891966e+03 2.981146e+03 3.061646e+03 3.127056e+03 3.272206e+03 3.381636e+03 3.509756e+03 3.634376e+03 3.747386e+03 3.864566e+03 4.072736e+03 4.339576e+03 4.546886e+03 4.666586e+03 4.644276e+03 5.073076e+03 5.246496e+03 5.321736e+03 5.474016e+03 5.548856e+03 5.566516e+03 5.591646e+03 5.597606e+03 5.902406e+03 5.705026e+03 6.009956e+03 5.334036e+03 6.439556e+03 6.603216e+03 6.532326e+03 6.280916e+03 6.040176e+03 5.720126e+03 5.397386e+03 5.096636e+03 4.868176e+03 4.636536e+03 4.509356e+03 4.389366e+03 4.242446e+03 4.112356e+03 3.999606e+03 3.874006e+03
2.165876e+03 2.049716e+03 2.174236e+03 2.576426e+03 2.475156e+03 2.773576e+03 2.962376e+03 2.825046e+03 2.897876e+03 2.973576e+03 3.040326e+03 3.158886e+03 3.277516e+03 3.442716e+03 3.586496e+03 3.722346e+03 3.878336e+03 4.079256e+03 4.294166e+03 4.500116e+03 4.711366e+03 4.857976e+03 5.011926e+03 5.255256e+03 5.433776e+03 5.530696e+03 5.671856e+03 5.753536e+03 5.688736e+03 5.712906e+03 5.664186e+03 5.671966e+03 5.992116e+03 6.135766e+03 5.275836e+03 6.759416e+03 6.668096e+03 6.528886e+03 6.310406e+03 6.100186e+03 5.734496e+03 5.419416e+03 5.095256e+03 4.931096e+03 4.742936e+03 4.632106e+03 4.457216e+03 4.394856e+03 4.233866e+03 4.132356e+03 3.981786e+03
2.284536e+03 2.219266e+03 2.309886e+03 2.684896e+03 2.506556e+03 2.860866e+03 2.864786e+03 2.894046e+03 2.968566e+03 3.021376e+03 3.095656e+03 3.154836e+03 3.297416e+03 3.476856e+03 3.664206e+03 3.804026e+03 3.979076e+03 4.243816e+03 4.487376e+03 4.696946e+03 4.914076e+03 5.118226e+03 5.275076e+03 5.451716e+03 5.637456e+03 5.767336e+03 5.856416e+03 5.882276e+03 5.895906e+03 5.867346e+03 5.719796e+03 5.796426e+03 6.200996e+03 6.033736e+03 5.912386e+03 6.869006e+03 6.778806e+03 6.518706e+03 6.366916e+03 6.037786e+03 5.755216e+03 5.479976e+03 5.216186e+03 5.103706e+03 4.968436e+03 4.792116e+03 4.613196e+03 4.477436e+03 4.361256e+03 4.232866e+03 4.096746e+03
2.236216e+03 2.282526e+03 2.339806e+03 2.564736e+03 2.586366e+03 2.820206e+03 2.925726e+03 2.970536e+03 2.984576e+03 3.088046e+03 3.160116e+03 3.242926e+03 3.383986e+03 3.536226e+03 3.709966e+03 3.951856e+03 4.129596e+03 4.448306e+03 4.705196e+03 4.962156e+03 5.194466e+03 5.388476e+03 5.557366e+03 5.737736e+03 5.886606e+03 6.007986e+03 6.113346e+03 6.107356e+03 6.082826e+03 5.973396e+03 5.899886e+03 6.400796e+03 6.837346e+03 6.082676e+03 6.488696e+03 7.014056e+03 6.903566e+03 6.546256e+03 6.297026e+03 6.040696e+03 5.820526e+03 5.544796e+03 5.381186e+03 5.227006e+03 5.110576e+03 4.940236e+03 4.799746e+03 4.627646e+03 4.487606e+03 4.400616e+03 4.229426e+03
2.204886e+03 2.290506e+03 2.404456e+03 2.490076e+03 2.652906e+03 2.855086e+03 2.998196e+03 3.030326e+03 3.140256e+03 3.221376e+03 3.270256e+03 3.395846e+03 3.514356e+03 3.617916e+03 3.812416e+03 4.069476e+03 4.295096e+03 4.679866e+03 5.037346e+03 5.320426e+03 5.539586e+03 5.724656e+03 5.913696e+03 6.074276e+03 6.182896e+03 6.254926e+03 6.337766e+03 6.340456e+03 6.245666e+03 6.170116e+03 6.241326e+03 7.148056e+03 6.408746e+03 6.647306e+03 6.907246e+03 7.125156e+03 6.979866e+03 6.611176e+03 6.420286e+03 6.236956e+03 5.974116e+03 5.829316e+03 5.614496e+03 5.439386e+03 5.327656e+03 5.218276e+03 5.021786e+03 4.882296e+03 4.705306e+03 4.557776e+03 4.115926e+03
2.105656e+03 2.278676e+03 2.449276e+03 2.574006e+03 2.670696e+03 2.795576e+03 2.942156e+03 3.066626e+03 3.161196e+03 3.288206e+03 3.451546e+03 3.526896e+03 3.660706e+03 3.784616e+03 3.947846e+03 4.167106e+03 4.485306e+03 4.945416e+03 5.396326e+03 5.774616e+03 6.002396e+03 6.202646e+03 6.316806e+03 6.478296e+03 6.474546e+03 6.489666e+03 6.586596e+03 6.515726e+03 6.396376e+03 6.245296e+03 6.861206e+03 7.874696e+03 6.474626e+03 6.727936e+03 7.078086e+03 7.111416e+03 6.973826e+03 6.740236e+03 6.586226e+03 6.547106e+03 6.364636e+03 6.139476e+03 5.930526e+03 5.764686e+03 5.655556e+03 5.468376e+03 5.283166e+03 5.094806e+03 4.928026e+03 4.672316e+03 4.453426e+03
2.161956e+03 2.244616e+03 2.484746e+03 2.533376e+03 2.647056e+03 2.759736e+03 2.893066e+03 3.076926e+03 3.228926e+03 3.344816e+03 3.510386e+03 3.658936e+03 3.777066e+03 3.919316e+03 4.144976e+03 4.353996e+03 4.768156e+03 5.273556e+03 5.833326e+03 6.220616e+03 6.443406e+03 6.637336e+03 6.761836e+03 6.840076e+03 6.828666e+03 6.787046e+03 6.705906e+03 6.646626e+03 6.530226e+03 6.440196e+03 7.523806e+03 8.292966e+03 7.196586e+03 6.979546e+03 6.992726e+03 7.101496e+03 7.040156e+03 7.034286e+03 6.978006e+03 6.830436e+03 6.698866e+03 6.535386e+03 6.270886e+03 6.085286e+03 5.918626e+03 5.720796e+03 5.550186e+03 5.328606e+03 5.087526e+03 4.908206e+03 4.698196e+03
1.871426e+03 2.120846e+03 2.473186e+03 2.538406e+03 2.649996e+03 2.792666e+03 2.929956e+03 3.176826e+03 3.370286e+03 3.565506e+03 3.683186e+03 3.796106e+03 3.921466e+03 4.134726e+03 4.343106e+03 4.609676e+03 5.134866e+03 5.807966e+03 6.392806e+03 6.779006e+03 7.107176e+03 7.281026e+03 7.243756e+03 7.184016e+03 7.095196e+03 6.969276e+03 6.886686e+03 6.764736e+03 6.609126e+03 7.049506e+03 7.764896e+03 7.913346e+03 7.567246e+03 7.185116e+03 7.081606e+03 7.034586e+03 7.150196e+03 7.263856e+03 7.312926e+03 7.223116e+03 7.164156e+03 6.910406e+03 6.676656e+03 6.425186e+03 6.199796e+03 6.116766e+03 5.870126e+03 5.528146e+03 5.250516e+03 5.080596e+03 4.884226e+03
1.717386e+03 1.914656e+03 2.496016e+03 2.533916e+03 2.651886e+03 2.753816e+03 2.896126e+03 3.184186e+03 3.425486e+03 3.403496e+03 3.592626e+03 3.830116e+03 4.022916e+03 4.301066e+03 4.567216e+03 5.014086e+03 5.520916e+03 6.436696e+03 7.085786e+03 7.571896e+03 7.951876e+03 8.002636e+03 7.752796e+03 7.521496e+03 7.304646e+03 7.191556e+03 7.104906e+03 6.943326e+03 6.787346e+03 6.748386e+03 7.891996e+03 7.425836e+03 6.920326e+03 6.924796e+03 6.846316e+03 6.927566e+03 7.189856e+03 7.444496e+03 7.617226e+03 7.702456e+03 7.488426e+03 7.229646e+03 6.932596e+03 6.644086e+03 6.463796e+03 6.293386e+03 6.027586e+03 5.748976e+03 5.463116e+03 5.235876e+03 5.022796e+03
1.643103e+03 1.028775e+03 2.332946e+03 2.554996e+03 2.548106e+03 2.742886e+03 2.949176e+03 3.159346e+03 3.278846e+03 3.434286e+03 3.648256e+03 3.878086e+03 4.118406e+03 4.399746e+03 4.803786e+03 5.305736e+03 6.017676e+03 7.001806e+03 8.101446e+03 8.961736e+03 9.171976e+03 9.105666e+03 8.569106e+03 7.922216e+03 7.533066e+03 7.388756e+03 7.269036e+03 7.146146e+03 6.972976e+03 6.965736e+03 7.303906e+03 6.589946e+03 6.641926e+03 6.735776e+03 6.657676e+03 6.814866e+03 7.377906e+03 7.518536e+03 7.684696e+03 7.887896e+03 7.801066e+03 7.368226e+03 7.123146e+03 6.935006e+03 6.746386e+03 6.539116e+03 6.260246e+03 5.989746e+03 5.643036e+03 5.360096e+03 5.139456e+03
1.672618e+03 1.808056e+03 1.976186e+03 2.223026e+03 2.461266e+03 2.625946e+03 2.912326e+03 3.127836e+03 3.243696e+03 3.476246e+03 3.660856e+03 3.845816e+03 4.163816e+03 4.542886e+03 4.987686e+03 5.541026e+03 6.331086e+03 7.635606e+03 9.370746e+03 1.031656e+04 1.066835e+04 1.028080e+04 9.232806e+03 8.333836e+03 7.789826e+03 7.584666e+03 7.458696e+03 7.309936e+03 7.197526e+03 7.370636e+03 6.750696e+03 6.532846e+03 6.757226e+03 6.824886e+03 6.795676e+03 6.869016e+03 7.443156e+03 7.559526e+03 7.726406e+03 7.993956e+03 7.822216e+03 7.479286e+03 6.553626e+03 7.217216e+03 7.004496e+03 6.728336e+03 6.421656e+03 6.116556e+03 5.793796e+03 5.505906e+03 5.273826e+03
1.549729e+03 1.686581e+03 1.892746e+03 2.116266e+03 2.411246e+03 2.586686e+03 2.825536e+03 3.012466e+03 3.222766e+03 3.439496e+03 3.671616e+03 3.932926e+03 4.312906e+03 4.679016e+03 5.126476e+03 5.686066e+03 6.539186e+03 7.983926e+03 9.908196e+03 1.091605e+04 1.146475e+04 1.125245e+04 9.756316e+03 8.534696e+03 7.953406e+03 7.680086e+03 7.564796e+03 7.522866e+03 7.493226e+03 7.611016e+03 6.960136e+03 6.646436e+03 6.839686e+03 6.947786e+03 7.031976e+03 7.172516e+03 7.508336e+03 7.821146e+03 7.986756e+03 8.055906e+03 7.737326e+03 7.067696e+03 5.522696e+03 7.458626e+03 7.198746e+03 6.859266e+03 6.528666e+03 6.175936e+03 5.058326e+03 5.723976e+03 5.368146e+03
1.437644e+03 1.569633e+03 1.798556e+03 2.032256e+03 2.266206e+03 2.489656e+03 2.649576e+03 2.915306e+03 3.193076e+03 3.425086e+03 3.671636e+03 4.005726e+03 4.334796e+03 4.705506e+03 5.195876e+03 5.755576e+03 6.528066e+03 7.671546e+03 9.418266e+03 1.132805e+04 1.329435e+04 1.410515e+04 1.130175e+04 8.831836e+03 7.880276e+03 7.650076e+03 7.600796e+03 7.592726e+03 7.577046e+03 7.643746e+03 7.416656e+03 6.899216e+03 6.894306e+03 7.103616e+03 7.247216e+03 7.455906e+03 7.737286e+03 8.075396e+03 8.237826e+03 8.112356e+03 7.846536e+03 7.186826e+03 5.668736e+03 7.396996e+03 7.187176e+03 6.901916e+03 6.596246e+03 6.288426e+03 4.968636e+03 5.786146e+03 5.408916e+03
1.294426e+03 1.451068e+03 1.688530e+03 1.904756e+03 2.133516e+03 2.359426e+03 2.561086e+03 2.821116e+03 3.168156e+03 3.442606e+03 3.625186e+03 3.910446e+03 4.250926e+03 4.667916e+03 5.084466e+03 5.603786e+03 6.201666e+03 7.194396e+03 8.736776e+03 1.162095e+04 1.601485e+04 1.663095e+04 1.577415e+04 1.143335e+04 8.067926e+03 7.578836e+03 7.595926e+03 7.629866e+03 7.607566e+03 7.683376e+03 7.858126e+03 7.091716e+03 7.228736e+03 7.301176e+03 7.403686e+03 7.586496e+03 7.780066e+03 8.059696e+03 8.277216e+03 8.184036e+03 7.588796e+03 7.290326e+03 7.580716e+03 5.875266e+03 6.156866e+03 6.896476e+03 4.981946e+03 4.220166e+03 5.824446e+03 5.785416e+03 5.457086e+03
