Code/Output_20260204_161825/2.9_30_1000_moho_undulation.grd
DSAA
181 201
-5400000.000000 5400000.000000
-6000000.000000 6000000.000000
-112227.448381 -0.000000
[rows 0 to 21 of 201, columns 0 to 49 of 181]
-0.000000e+00 -0.000000e+00 -0.000000e+00 -0.000000e+00 -0.000000e+00 -0.000000e+00 -0.000000e+00 -0.000000e+00 -0.000000e+00 -0.000000e+00 -0.000000e+00 -0.000000e+00 -0.000000e+00 -0.000000e+00 -0.000000e+00 -0.000000e+00 -0.000000e+00 -0.000000e+00 -0.000000e+00 -0.000000e+00 -0.000000e+00 -0.000000e+00 -0.000000e+00 -0.000000e+00 -0.000000e+00 -0.000000e+00 -0.000000e+00 -0.000000e+00 -0.000000e+00 -0.000000e+00 -0.000000e+00 -0.000000e+00 -0.000000e+00 -0.000000e+00 -0.000000e+00 -0.000000e+00 -0.000000e+00 -0.000000e+00 -0.000000e+00 -0.000000e+00 -0.000000e+00 -0.000000e+00 -0.000000e+00 -0.000000e+00 -0.000000e+00 -0.000000e+00 -0.000000e+00 -0.000000e+00 -0.000000e+00 -0.000000e+00
-0.000000e+00 -6.521149e+01 -2.541391e+02 -5.422811e+02 -8.958476e+02 -1.272685e+03 -1.631422e+03 -1.924318e+03 -2.113983e+03 -2.182234e+03 -2.187132e+03 -2.194723e+03 -2.192228e+03 -2.191719e+03 -2.192400e+03 -2.189122e+03 -2.183837e+03 -2.177184e+03 -2.173134e+03 -2.168744e+03 -2.167981e+03 -2.165243e+03 -2.168061e+03 -2.171481e+03 -2.170626e+03 -2.174437e+03 -2.179460e+03 -2.178218e+03 -2.177129e+03 -2.169731e+03 -2.164399e+03 -2.160558e+03 -2.155640e+03 -2.155403e+03 -2.154233e+03 -2.147246e+03 -2.163842e+03 -2.183493e+03 -2.184263e+03 -2.183068e+03 -2.177490e+03 -2.173737e+03 -2.165160e+03 -2.160133e+03 -2.158095e+03 -2.160198e+03 -2.163133e+03 -2.162772e+03 -2.165604e+03 -2.168351e+03
-0.000000e+00 -2.538613e+02 -9.879160e+02 -2.107924e+03 -3.482034e+03 -4.942213e+03 -6.330200e+03 -7.472732e+03 -8.211846e+03 -8.477846e+03 -8.506161e+03 -8.543011e+03 -8.541737e+03 -8.549475e+03 -8.549953e+03 -8.539280e+03 -8.515392e+03 -8.492537e+03 -8.485085e+03 -8.490333e+03 -8.475148e+03 -8.468389e+03 -8.470953e+03 -8.460694e+03 -8.466758e+03 -8.486543e+03 -8.486633e+03 -8.469962e+03 -8.449786e+03 -8.426014e+03 -8.417304e+03 -8.412797e+03 -8.372101e+03 -8.371577e+03 -8.373834e+03 -8.353933e+03 -8.409821e+03 -8.464120e+03 -8.472919e+03 -8.469675e+03 -8.462062e+03 -8.481281e+03 -8.474365e+03 -8.441339e+03 -8.447786e+03 -8.454098e+03 -8.459536e+03 -8.465676e+03 -8.463790e+03 -8.472556e+03
-0.000000e+00 -5.466319e+02 -2.124113e+03 -4.532885e+03 -7.484860e+03 -1.061250e+04 -1.358171e+04 -1.604590e+04 -1.763974e+04 -1.822028e+04 -1.830595e+04 -1.839214e+04 -1.842045e+04 -1.844756e+04 -1.844200e+04 -1.842313e+04 -1.836500e+04 -1.833228e+04 -1.839062e+04 -1.834168e+04 -1.833821e+04 -1.832566e+04 -1.831072e+04 -1.823358e+04 -1.827161e+04 -1.830109e+04 -1.825393e+04 -1.820408e+04 -1.813259e+04 -1.809620e+04 -1.810513e+04 -1.812090e+04 -1.800567e+04 -1.799093e+04 -1.800173e+04 -1.799499e+04 -1.807257e+04 -1.813588e+04 -1.816678e+04 -1.816751e+04 -1.821796e+04 -1.836619e+04 -1.829114e+04 -1.826327e+04 -1.829672e+04 -1.830395e+04 -1.830323e+04 -1.833063e+04 -1.830232e+04 -1.831429e+04
-0.000000e+00 -9.141259e+02 -3.544994e+03 -7.570097e+03 -1.249516e+04 -1.769771e+04 -2.263257e+04 -2.676312e+04 -2.942984e+04 -3.043422e+04 -3.060239e+04 -3.075186e+04 -3.085102e+04 -3.091388e+04 -3.089489e+04 -3.086065e+04 -3.077240e+04 -3.075189e+04 -3.097249e+04 -3.077279e+04 -3.081612e+04 -3.079857e+04 -3.070611e+04 -3.054755e+04 -3.064183e+04 -3.061959e+04 -3.049005e+04 -3.038510e+04 -3.021851e+04 -3.018644e+04 -3.026510e+04 -3.031993e+04 -3.012785e+04 -3.003373e+04 -3.005538e+04 -3.010412e+04 -3.016199e+04 -3.018062e+04 -3.025466e+04 -3.032605e+04 -3.053425e+04 -3.091489e+04 -3.066242e+04 -3.068740e+04 -3.077615e+04 -3.077083e+04 -3.077420e+04 -3.081084e+04 -3.075913e+04 -3.074869e+04
-0.000000e+00 -1.315167e+03 -5.099311e+03 -1.089512e+04 -1.798061e+04 -2.551121e+04 -3.262316e+04 -3.858847e+04 -4.246801e+04 -4.390859e+04 -4.415634e+04 -4.436928e+04 -4.453431e+04 -4.466386e+04 -4.465980e+04 -4.460864e+04 -4.449139e+04 -4.449488e+04 -4.476392e+04 -4.438774e+04 -4.459058e+04 -4.444893e+04 -4.429832e+04 -4.413211e+04 -4.424434e+04 -4.408234e+04 -4.391465e+04 -4.375508e+04 -4.356260e+04 -4.351037e+04 -4.355082e+04 -4.360650e+04 -4.334061e+04 -4.326015e+04 -4.326942e+04 -4.339693e+04 -4.352870e+04 -4.355219e+04 -4.373040e+04 -4.390137e+04 -4.424836e+04 -4.479132e+04 -4.436118e+04 -4.455549e+04 -4.461055e+04 -4.468710e+04 -4.468099e+04 -4.471318e+04 -4.464044e+04 -4.460962e+04
-0.000000e+00 -1.709856e+03 -6.633815e+03 -1.417240e+04 -2.340116e+04 -3.328003e+04 -4.254635e+04 -5.033929e+04 -5.545426e+04 -5.732634e+04 -5.762491e+04 -5.789607e+04 -5.813052e+04 -5.834928e+04 -5.838225e+04 -5.831716e+04 -5.817654e+04 -5.815902e+04 -5.831257e+04 -5.805016e+04 -5.832625e+04 -5.795938e+04 -5.778052e+04 -5.764895e+04 -5.771949e+04 -5.738819e+04 -5.717683e+04 -5.700103e+04 -5.682244e+04 -5.671485e+04 -5.663157e+04 -5.666276e+04 -5.638740e+04 -5.635317e+04 -5.632527e+04 -5.661337e+04 -5.684509e+04 -5.689996e+04 -5.723997e+04 -5.754368e+04 -5.798423e+04 -5.855485e+04 -5.841793e+04 -5.845285e+04 -5.846859e+04 -5.871587e+04 -5.867869e+04 -5.869575e+04 -5.862448e+04 -5.854714e+04
-0.000000e+00 -2.059730e+03 -7.998230e+03 -1.708211e+04 -2.822025e+04 -4.022858e+04 -5.141768e+04 -6.088145e+04 -6.712807e+04 -6.939882e+04 -6.968950e+04 -7.000779e+04 -7.030817e+04 -7.063376e+04 -7.072004e+04 -7.065141e+04 -7.053222e+04 -7.034621e+04 -7.035152e+04 -7.034628e+04 -7.069411e+04 -7.002964e+04 -6.987766e+04 -6.973578e+04 -6.959116e+04 -6.925363e+04 -6.897391e+04 -6.880468e+04 -6.867786e+04 -6.848005e+04 -6.820916e+04 -6.824201e+04 -6.815240e+04 -6.811549e+04 -6.796767e+04 -6.842972e+04 -6.878713e+04 -6.890957e+04 -6.947744e+04 -6.990541e+04 -7.035960e+04 -7.090168e+04 -7.128688e+04 -7.105833e+04 -7.100867e+04 -7.147233e+04 -7.138324e+04 -7.140315e+04 -7.135834e+04 -7.123941e+04
-0.000000e+00 -2.340057e+03 -9.087909e+03 -1.943729e+04 -3.212719e+04 -4.579024e+04 -5.857003e+04 -6.931324e+04 -7.641845e+04 -7.902123e+04 -7.927096e+04 -7.965200e+04 -8.005179e+04 -8.034659e+04 -8.045383e+04 -8.039285e+04 -8.025371e+04 -8.004914e+04 -8.010510e+04 -8.002900e+04 -8.033010e+04 -7.970232e+04 -7.953789e+04 -7.935783e+04 -7.906966e+04 -7.873877e+04 -7.837827e+04 -7.814869e+04 -7.791432e+04 -7.765521e+04 -7.735883e+04 -7.731983e+04 -7.720235e+04 -7.716699e+04 -7.706991e+04 -7.765432e+04 -7.805307e+04 -7.835280e+04 -7.900858e+04 -7.950636e+04 -7.999358e+04 -8.051162e+04 -8.108580e+04 -8.090487e+04 -8.113078e+04 -8.155567e+04 -8.152123e+04 -8.155226e+04 -8.155956e+04 -8.146607e+04
-0.000000e+00 -2.518571e+03 -9.780566e+03 -2.095585e+04 -3.465411e+04 -4.936106e+04 -6.319531e+04 -7.472824e+04 -8.237463e+04 -8.515973e+04 -8.538695e+04 -8.587113e+04 -8.631897e+04 -8.652118e+04 -8.664047e+04 -8.659219e+04 -8.643639e+04 -8.630204e+04 -8.622939e+04 -8.627014e+04 -8.630810e+04 -8.590246e+04 -8.571809e+04 -8.551390e+04 -8.511015e+04 -8.476135e+04 -8.434935e+04 -8.398894e+04 -8.365673e+04 -8.338676e+04 -8.309350e+04 -8.294856e+04 -8.276239e+04 -8.278899e+04 -8.287867e+04 -8.334208e+04 -8.381944e+04 -8.431106e+04 -8.500584e+04 -8.554267e+04 -8.599495e+04 -8.658116e+04 -8.715478e+04 -8.725376e+04 -8.774954e+04 -8.806959e+04 -8.812310e+04 -8.818291e+04 -8.827614e+04 -8.816580e+04
-0.000000e+00 -2.577536e+03 -1.000870e+04 -2.144986e+04 -3.552461e+04 -5.058414e+04 -6.479727e+04 -7.657475e+04 -8.442270e+04 -8.718860e+04 -8.743422e+04 -8.799564e+04 -8.846010e+04 -8.855764e+04 -8.869526e+04 -8.864081e+04 -8.852601e+04 -8.848037e+04 -8.822425e+04 -8.840037e+04 -8.814912e+04 -8.799279e+04 -8.779817e+04 -8.749320e+04 -8.712866e+04 -8.672486e+04 -8.629531e+04 -8.581673e+04 -8.540486e+04 -8.513654e+04 -8.478909e+04 -8.454606e+04 -8.436472e+04 -8.445617e+04 -8.471595e+04 -8.503120e+04 -8.556122e+04 -8.621213e+04 -8.691648e+04 -8.745429e+04 -8.783704e+04 -8.851698e+04 -8.904954e+04 -8.943423e+04 -9.018463e+04 -9.043373e+04 -9.055214e+04 -9.068539e+04 -9.082588e+04 -9.067580e+04
-0.000000e+00 -2.585604e+03 -1.003871e+04 -2.150080e+04 -3.558204e+04 -5.065297e+04 -6.486315e+04 -7.664924e+04 -8.446983e+04 -8.718211e+04 -8.749795e+04 -8.797591e+04 -8.833971e+04 -8.845593e+04 -8.866102e+04 -8.856195e+04 -8.856162e+04 -8.852781e+04 -8.825341e+04 -8.834633e+04 -8.824736e+04 -8.787307e+04 -8.772308e+04 -8.749108e+04 -8.719067e+04 -8.677708e+04 -8.634243e+04 -8.584101e+04 -8.538115e+04 -8.505846e+04 -8.467605e+04 -8.443943e+04 -8.429444e+04 -8.425418e+04 -8.453183e+04 -8.482990e+04 -8.531033e+04 -8.592542e+04 -8.660206e+04 -8.723556e+04 -8.769700e+04 -8.831525e+04 -8.891573e+04 -8.949657e+04 -9.039151e+04 -9.064666e+04 -9.087442e+04 -9.103512e+04 -9.106759e+04 -9.089489e+04
-0.000000e+00 -2.594317e+03 -1.006998e+04 -2.153275e+04 -3.565106e+04 -5.072889e+04 -6.493721e+04 -7.673117e+04 -8.450559e+04 -8.723895e+04 -8.754144e+04 -8.788977e+04 -8.821798e+04 -8.836019e+04 -8.863237e+04 -8.850538e+04 -8.860747e+04 -8.855557e+04 -8.833336e+04 -8.818191e+04 -8.839487e+04 -8.776287e+04 -8.765922e+04 -8.751891e+04 -8.726382e+04 -8.686017e+04 -8.636174e+04 -8.589683e+04 -8.537226e+04 -8.499884e+04 -8.458146e+04 -8.436435e+04 -8.422074e+04 -8.411248e+04 -8.435864e+04 -8.463894e+04 -8.506602e+04 -8.564116e+04 -8.629579e+04 -8.697950e+04 -8.744196e+04 -8.812311e+04 -8.882004e+04 -8.957624e+04 -9.058483e+04 -9.084277e+04 -9.118145e+04 -9.130551e+04 -9.124770e+04 -9.122595e+04
-0.000000e+00 -2.598427e+03 -1.008979e+04 -2.157593e+04 -3.570571e+04 -5.078083e+04 -6.500816e+04 -7.676269e+04 -8.449201e+04 -8.729003e+04 -8.760242e+04 -8.788174e+04 -8.817012e+04 -8.830436e+04 -8.856950e+04 -8.854506e+04 -8.873081e+04 -8.858080e+04 -8.843159e+04 -8.812613e+04 -8.847417e+04 -8.778581e+04 -8.774469e+04 -8.759030e+04 -8.735199e+04 -8.703192e+04 -8.648880e+04 -8.601339e+04 -8.555317e+04 -8.516673e+04 -8.474277e+04 -8.450547e+04 -8.419431e+04 -8.407078e+04 -8.428171e+04 -8.452534e+04 -8.488182e+04 -8.536243e+04 -8.603873e+04 -8.660748e+04 -8.710906e+04 -8.783536e+04 -8.855391e+04 -8.942867e+04 -9.045875e+04 -9.105536e+04 -9.151871e+04 -9.153986e+04 -9.133074e+04 -9.144536e+04
-0.000000e+00 -2.596533e+03 -1.010357e+04 -2.161111e+04 -3.569135e+04 -5.080844e+04 -6.507568e+04 -7.676583e+04 -8.445661e+04 -8.732069e+04 -8.769500e+04 -8.795882e+04 -8.817978e+04 -8.829853e+04 -8.850238e+04 -8.858652e+04 -8.895172e+04 -8.863338e+04 -8.853412e+04 -8.824838e+04 -8.834988e+04 -8.797758e+04 -8.795122e+04 -8.765907e+04 -8.747293e+04 -8.732190e+04 -8.671903e+04 -8.593467e+04 -8.598727e+04 -8.565673e+04 -8.523539e+04 -8.490805e+04 -8.424789e+04 -8.412397e+04 -8.430186e+04 -8.443085e+04 -8.476573e+04 -8.516156e+04 -8.574762e+04 -8.613433e+04 -8.671047e+04 -8.735415e+04 -8.808116e+04 -8.898549e+04 -8.991050e+04 -9.119638e+04 -9.186121e+04 -9.176851e+04 -9.129506e+04 -9.168974e+04
-0.000000e+00 -2.594744e+03 -1.013156e+04 -2.163696e+04 -3.567681e+04 -5.083617e+04 -6.513311e+04 -7.675328e+04 -8.446915e+04 -8.741066e+04 -8.779617e+04 -8.803430e+04 -8.819320e+04 -8.829674e+04 -8.846867e+04 -8.873873e+04 -8.900083e+04 -8.876046e+04 -8.862750e+04 -8.838175e+04 -8.823284e+04 -8.817660e+04 -8.811406e+04 -8.776919e+04 -8.777825e+04 -8.761086e+04 -8.693521e+04 -8.586379e+04 -8.642438e+04 -8.612638e+04 -8.562314e+04 -8.505230e+04 -8.428600e+04 -8.421455e+04 -8.430543e+04 -8.433794e+04 -8.465382e+04 -8.496564e+04 -8.536900e+04 -8.574670e+04 -8.623510e+04 -8.685312e+04 -8.759825e+04 -8.852919e+04 -8.934678e+04 -9.137463e+04 -9.209841e+04 -9.168164e+04 -9.133126e+04 -9.205096e+04
-0.000000e+00 -2.590829e+03 -1.013828e+04 -2.162737e+04 -3.580546e+04 -5.094153e+04 -6.520286e+04 -7.701742e+04 -8.458371e+04 -8.753404e+04 -8.794184e+04 -8.848182e+04 -8.840499e+04 -8.842836e+04 -8.858509e+04 -8.882933e+04 -8.886039e+04 -8.885036e+04 -8.872516e+04 -8.869430e+04 -8.863004e+04 -8.860396e+04 -8.849483e+04 -8.825560e+04 -8.820722e+04 -8.784843e+04 -8.708201e+04 -8.619051e+04 -8.676213e+04 -8.628399e+04 -8.555464e+04 -8.475265e+04 -8.436649e+04 -8.425745e+04 -8.431258e+04 -8.430587e+04 -8.452766e+04 -8.478012e+04 -8.509090e+04 -8.546922e+04 -8.594947e+04 -8.656636e+04 -8.730831e+04 -8.809007e+04 -8.925702e+04 -9.089112e+04 -9.139475e+04 -9.152912e+04 -9.122419e+04 -9.191725e+04
-0.000000e+00 -2.585715e+03 -1.012093e+04 -2.169097e+04 -3.597206e+04 -5.104466e+04 -6.527979e+04 -7.730373e+04 -8.471159e+04 -8.768168e+04 -8.839994e+04 -8.903372e+04 -8.849776e+04 -8.857901e+04 -8.871186e+04 -8.887383e+04 -8.881702e+04 -8.893053e+04 -8.901316e+04 -8.908346e+04 -8.910154e+04 -8.905869e+04 -8.891009e+04 -8.876129e+04 -8.853601e+04 -8.797191e+04 -8.738303e+04 -8.662239e+04 -8.713868e+04 -8.640434e+04 -8.552262e+04 -8.450543e+04 -8.431681e+04 -8.431391e+04 -8.427810e+04 -8.428794e+04 -8.439755e+04 -8.459805e+04 -8.483807e+04 -8.521769e+04 -8.569507e+04 -8.637148e+04 -8.692362e+04 -8.762162e+04 -8.914117e+04 -9.030872e+04 -9.037361e+04 -9.084923e+04 -9.103643e+04 -9.141489e+04
-0.000000e+00 -2.580492e+03 -1.010631e+04 -2.175766e+04 -3.605249e+04 -5.112770e+04 -6.542575e+04 -7.732025e+04 -8.488628e+04 -8.788412e+04 -8.865504e+04 -8.912949e+04 -8.849511e+04 -8.867360e+04 -8.891917e+04 -8.876026e+04 -8.883574e+04 -8.894713e+04 -8.920958e+04 -8.933987e+04 -8.956429e+04 -8.969046e+04 -8.922234e+04 -8.900988e+04 -8.875811e+04 -8.812903e+04 -8.774559e+04 -8.699016e+04 -8.721618e+04 -8.640294e+04 -8.547001e+04 -8.451931e+04 -8.431888e+04 -8.427864e+04 -8.440236e+04 -8.423805e+04 -8.428157e+04 -8.440923e+04 -8.463593e+04 -8.497087e+04 -8.543151e+04 -8.612509e+04 -8.650073e+04 -8.731469e+04 -8.864785e+04 -8.940582e+04 -8.960194e+04 -9.022457e+04 -9.071724e+04 -9.100089e+04
-0.000000e+00 -2.575272e+03 -1.011811e+04 -2.176810e+04 -3.602053e+04 -5.120696e+04 -6.555705e+04 -7.723987e+04 -8.511450e+04 -8.807305e+04 -8.844639e+04 -8.895912e+04 -8.846191e+04 -8.870758e+04 -8.923629e+04 -8.868593e+04 -8.878059e+04 -8.895494e+04 -8.931606e+04 -8.947900e+04 -9.020052e+04 -9.051314e+04 -8.933498e+04 -8.905474e+04 -8.888922e+04 -8.844508e+04 -8.806720e+04 -8.733452e+04 -8.698964e+04 -8.623366e+04 -8.539886e+04 -8.462686e+04 -8.435248e+04 -8.438993e+04 -8.435673e+04 -8.417463e+04 -8.417465e+04 -8.424434e+04 -8.447799e+04 -8.473301e+04 -8.516875e+04 -8.573557e+04 -8.634020e+04 -8.718764e+04 -8.785359e+04 -8.853735e+04 -8.908030e+04 -8.972126e+04 -9.025331e+04 -9.065098e+04
-0.000000e+00 -2.570050e+03 -1.013978e+04 -2.176504e+04 -3.599857e+04 -5.127631e+04 -6.565276e+04 -7.734008e+04 -8.533457e+04 -8.814315e+04 -8.824245e+04 -8.878575e+04 -8.838466e+04 -8.872116e+04 -8.927390e+04 -8.861341e+04 -8.871743e+04 -8.900326e+04 -8.936353e+04 -8.955504e+04 -9.072615e+04 -9.102509e+04 -8.939096e+04 -8.911131e+04 -8.896883e+04 -8.881574e+04 -8.835038e+04 -8.768531e+04 -8.693947e+04 -8.618545e+04 -8.551223e+04 -8.476837e+04 -8.429703e+04 -8.468196e+04 -8.422959e+04 -8.413197e+04 -8.407224e+04 -8.409195e+04 -8.427832e+04 -8.449696e+04 -8.490114e+04 -8.531032e+04 -8.614189e+04 -8.698077e+04 -8.714883e+04 -8.784863e+04 -8.847258e+04 -8.916392e+04 -8.972777e+04 -9.017121e+04
-0.000000e+00 -2.564827e+03 -1.012298e+04 -2.175201e+04 -3.601366e+04 -5.128719e+04 -6.583711e+04 -7.737481e+04 -8.540695e+04 -8.826093e+04 -8.873322e+04 -8.853666e+04 -8.840741e+04 -8.861004e+04 -8.878760e+04 -8.850472e+04 -8.863069e+04 -8.885050e+04 -8.913999e+04 -8.954157e+04 -9.033222e+04 -9.009391e+04 -8.937375e+04 -8.923168e+04 -8.917895e+04 -8.897242e+04 -8.865207e+04 -8.809070e+04 -8.736825e+04 -8.665645e+04 -8.590619e+04 -8.505913e+04 -8.462567e+04 -8.481863e+04 -8.416772e+04 -8.418480e+04 -8.397854e+04 -8.394997e+04 -8.408862e+04 -8.429137e+04 -8.463757e+04 -8.494622e+04 -8.563882e+04 -8.652504e+04 -8.681334e+04 -8.723255e+04 -8.743591e+04 -8.839434e+04 -8.908550e+04 -8.954240e+04
