Code/Outputs/Output_20260212_203238/2.9_30_1000_rms_map_shift_100km.grd
DSAA
165 185
-4920000.0 4920000.0
-5520000.0 5520000.0
3.3204588634398595 25172.96061607338
[rows 0 to 29 of 185, columns 67 to 133 of 165]
19563.1 19575.6 19491.6 19437 19381.1 19316.8 19261.1 19230.5 19203.7 19180.6 19143.2 19088.9 19099.1 18994.5 18651.3 18202.4 18013.9 17944.5 18152.5 18213.3 18238.8 18224.2 18260.9 18265.1 18285 18334.2 18484 18630.5 18725.3 18849 18949.8 18990 19028.2 19044.5 18967.1 18986.7 19037.2 19137 19178.8 19229.5 19266.3 19285.4 19213 19159.2 19138.9 19076.5 19016.4 19047.2 19052.7 19059.9 19051.9 19047.9 19042 19031.1 19017.8 18993.9 18961.4 18923.1 18899.9 18852.1 18776.8 18715.4 18662.9 18617 18574.1 18524 18481.8
17922.7 17940.2 17879.6 17841.1 17800.3 17755.7 17717.4 17699.7 17686.2 17667.7 17635.8 17588.3 17605 17514.8 17185.2 16743 16560.7 16491.2 16681.8 16735.8 16762.7 16754.1 16789.9 16791.3 16806.9 16845.8 16974 17099.2 17176 17279.9 17363.1 17389.3 17421.2 17439.7 17372 17390.4 17432.6 17513.8 17545.4 17590.7 17629.7 17657.9 17600.7 17557.3 17542.2 17489.5 17443.9 17480 17486.9 17490.9 17485.1 17480.9 17472.1 17458.1 17440.5 17414.2 17378.2 17332.1 17306 17259.8 17193.9 17139.1 17085.4 17037.8 16991.5 16940.4 16895.9
15711.3 15733.9 15703.3 15687.1 15664.4 15642.6 15625.1 15622.9 15625.7 15611.3 15580 15535.2 15553.7 15482.7 15168.5 14733.5 14559.5 14492.9 14668.7 14718.7 14746 14743 14775.8 14770.8 14784.8 14812.2 14915.9 15016.6 15069.7 15150.9 15214.2 15220.8 15241.6 15257.1 15193.6 15202.5 15233.7 15292.5 15312.4 15351.7 15387.8 15420.3 15380.4 15347.4 15340.4 15298.7 15268 15311.2 15320.6 15321.9 15319.7 15314.9 15303.8 15288.1 15269.3 15243.1 15207.4 15159.9 15131.4 15089.2 15034.2 14986.6 14934.5 14888 14841.6 14791.5 14745.6
13106 13132.1 13135.6 13146.8 13143.1 13146.6 13151.3 13164.1 13184.6 13176.1 13147 13107.1 13122.8 13066.1 12762.5 12323 12155.2 12093.6 12256.9 12302.8 12331.4 12334.4 12364.7 12352.9 12360.5 12371.5 12450.4 12524.4 12549.7 12605.3 12646 12626.3 12631.1 12638.3 12575.7 12569.2 12586.9 12618.8 12625.5 12657.5 12694.8 12738.5 12717.2 12697.1 12703 12675.6 12661.9 12715.4 12729.5 12728.7 12730.7 12725.9 12714.4 12698.8 12683.9 12665.1 12637.6 12593.2 12567.5 12534.5 12490.4 12451.8 12403.9 12361 12316.6 12268.8 12221.9
10337.8 10366.3 10409.2 10453 10470.9 10504.7 10536.2 10564.9 10607.5 10611.7 10595.4 10571.6 10583.3 10537.9 10230.9 9761.85 9594.38 9536.9 9691.2 9729.52 9757.33 9765.96 9791.04 9771 9760.85 9751.35 9806.8 9852.19 9846.96 9875.47 9891.67 9840.9 9825.18 9819.69 9756.3 9731.46 9735.18 9734.51 9726.88 9750.19 9798.56 9857.33 9853.21 9848.5 9869.57 9856.73 9860.06 9925.32 9946.09 9944.17 9950.5 9946.58 9934.28 9920.17 9917.15 9919.72 9914.42 9886.39 9874.7 9857.25 9825.81 9799.88 9759.68 9722.99 9682.07 9638.6 9590.15
7717.99 7743.66 7829.86 7902.71 7939.94 8003.04 8059.27 8096.91 8158.3 8170.12 8167.14 8159.25 8160.24 8123.52 7780.29 7229.27 7048.31 6993.47 7150.75 7182.72 7209.17 7226.08 7244.67 7218.25 7195.28 7176.62 7220.24 7245.53 7217.66 7232.78 7236.16 7158.93 7120.15 7099.03 7032.62 6989.96 6980.86 6940.21 6918.96 6932.51 6988.08 7054.67 7061.13 7067.42 7099.89 7092.31 7103.38 7173.72 7202.57 7199.96 7210.97 7206.23 7191.24 7175.88 7192.72 7236.1 7273.62 7283.73 7300.62 7304.24 7293.73 7285.8 7259.14 7231.51 7195.74 7157.59 7107.96
5568.26 5582.76 5715.88 5809.03 5864.71 5955.51 6032.17 6072.84 6144.79 6158.25 6167.88 6180.9 6181.59 6147.85 5727.23 5013.51 4789.27 4728.42 4909.48 4941.92 4966.61 4988.77 4994.79 4962.53 4939.34 4921.17 4966.44 4980.25 4937.46 4952.15 4954.54 4858.81 4794.94 4751 4673.1 4611.76 4590.12 4495.3 4461.36 4461.45 4513.35 4580.83 4586.65 4596.86 4636.86 4624.42 4632.11 4697.77 4735.48 4734.87 4750.96 4744.55 4731.96 4718.43 4770.2 4872.67 4967.33 4998.26 4996.82 4991.56 4993.77 5001.35 4996.25 4997.02 4979.33 4959.11 4931.93
4232.54 4218.67 4382.74 4476.91 4540.34 4640.89 4716.42 4746.72 4801.06 4801.13 4813.63 4839.65 4832.93 4806.64 4270.54 3287.59 2961.08 2871.26 3116.97 3191.58 3180.33 3244.62 3205.93 3179.16 3182.09 3183.85 3214.62 3217.75 3214.87 3208.23 3185.83 3172.62 3152.03 3037.72 2917.85 2845.15 2801.85 2643.98 2592.93 2567.28 2596.41 2656.64 2645.59 2649.19 2695.24 2663.32 2655.16 2699.44 2737.07 2738.38 2759.08 2758.88 2752.51 2756.52 2861.72 2906.88 2915.31 2904.89 2899.63 2898.32 2910.69 2923.15 2925.34 2933.11 2932.8 2931.07 2927.2
3594.17 3581.47 3847.25 4068.9 4202.08 4105.27 4159.43 4169.25 4192.74 4171.24 4188.93 4207.16 4201.17 4183.18 3556.62 2291.49 1798.33 1519.28 1763.6 1759.1 1785.12 1795.1 1803.72 1796.49 1792.26 1786.02 1781.88 1779.04 1764.07 1758.93 1742.15 1720.85 1691.4 1640.76 1452.3 1433.11 1412.39 1312.19 1293.02 1295.96 1300.61 1320.08 1316.43 1315.4 1334.29 1358.33 1362.85 1362.31 1361.84 1361.55 1361.94 1362.02 1359.89 1337.27 1327.78 1332.2 1334.35 1330.46 1329.73 1331.09 1335.9 1340.05 1340 1340.81 1340.35 1339.86 1339.32
3327.63 3312.4 3602.34 3841.47 3984.06 4006.67 4031.41 4021.43 4050.61 4018.56 4030.51 4028.61 4027.02 4018.51 3359.35 1960.31 1372.44 759.158 1173.91 1165.57 1200.87 1216.58 1228.67 1220.38 1213.02 1206.32 1203.17 1202.19 1179.75 1178.88 1166.86 1129.34 1081.26 1002.06 624.761 588.439 543.638 361.893 342.237 341.958 339.845 342.374 343.807 344.938 345.098 346.284 347.999 346.739 345.919 345.626 345.89 345.784 344.93 343.696 343.205 343.432 343.653 343.458 343.918 344.669 345.995 347.579 348.074 348.566 349.125 349.77 350.206
3313.65 3298.57 3590.53 3830.98 3974.18 4020.63 4039.39 4021.21 4048.03 4017.46 4021.05 4013.26 4007.12 4003.15 3346.09 1941.63 1331.42 681.216 1125.37 1117.04 1153.73 1169.81 1182.18 1173.51 1165 1157.94 1155.05 1154.28 1130.31 1129.72 1118.56 1078.07 1027.02 943.322 520.667 477.214 420.167 126.014 44.5894 32.8299 25.7785 27.7989 25.9375 26.3157 26.9555 27.238 27.9574 20.3409 16.8822 16.9529 18.3138 17.2364 15.4545 12.8644 16.1716 25.1292 35.7421 45.5319 52.235 58.9769 63.5156 67.9434 73.261 78.2154 83.7513 88.7332 91.7386
3314.66 3300.12 3591.59 3831.59 3974.37 4031.52 4044.19 4015.35 4035.48 4002.32 4007.72 3997.06 3989.61 3997.31 3356.21 1981.45 1330.95 682.604 1125.07 1116.87 1153.49 1169.79 1182.26 1173.48 1165.04 1157.9 1155.06 1154.36 1130.25 1129.79 1119.06 1078.15 1026.97 943.418 518.884 476.363 418.405 127.761 45.7337 35.9433 28.6259 30.7182 30.3313 30.607 28.8074 24.8259 22.9008 15.518 11.1419 11.4248 14.0345 14.0552 13.9473 14.6157 16.4738 23.4141 33.7234 43.7941 50.3213 57.0073 61.2981 65.91 71.2564 76.295 82.0675 87.2526 90.335
3315.55 3301.31 3592.72 3832.73 3975.44 4174.45 4047.8 4012.41 4027.47 3993.27 3999.38 3991.24 3983.68 3992.57 3355.96 1998.88 1330.77 683.502 1125 1116.86 1153.49 1169.74 1182.38 1173.53 1165.19 1158.01 1155.27 1154.65 1130.31 1129.99 1119.57 1078.4 1026.97 944.316 517.63 475.932 417.242 129.485 48.1205 39.5548 32.5085 33.9618 34.1726 33.4811 30.2816 24.011 21.5624 14.8824 11.3279 11.8212 14.801 16.8946 18.8137 21.3778 21.0764 24.3966 32.8895 42.273 48.1506 54.3875 58.286 63.0194 68.42 73.6832 79.6961 84.9897 88.2093
3316.06 3301.81 3593.2 3833.12 3975.67 4174.22 4034.07 3997.29 4015.86 3982.02 3986.02 3979.05 3975.09 3984.22 3349.62 1990.75 1330.38 684.67 1124.93 1116.62 1152.98 1169.36 1182.11 1173.15 1165.1 1157.76 1155.04 1154.55 1130.3 1130.11 1119.72 1078.47 1026.72 945.214 516.835 475.714 416.519 130.128 49.2676 40.5155 33.5984 34.2647 34.3277 33.1719 29.8049 23.4987 21.4438 15.8397 13.0305 12.9913 15.8331 20.2689 24.4753 27.6425 25.6689 26.0528 32.3413 40.3852 45.3689 50.6972 53.9501 58.5506 64.3442 70.0074 76.1835 81.3746 84.6599
3316 3301.71 3593.5 3833.67 3976.29 4174.66 4027.7 3991.29 4014.52 3982.12 3985.88 3981.68 3986.67 3996.06 3352.2 1992.24 1330.4 685.392 1125.4 1116.52 1152.66 1169.02 1181.84 1172.84 1165.04 1157.6 1154.92 1154.57 1130.36 1130.21 1119.84 1078.62 1026.52 944.955 516.559 475.673 416.088 130.863 50.4951 41.9378 35.217 35.4841 35.4923 34.19 31.0177 25.3243 23.4509 18.6702 16.0681 15.3126 17.5063 23.6005 29.5323 33.0358 29.7198 27.7765 31.9461 38.2956 42.161 46.1425 48.4033 52.5173 58.4839 64.6152 71.1626 76.213 79.4533
3315.11 3300.74 3593.09 3833.65 3976.46 4174.81 4041.59 4005.69 4031.43 4001.05 4005.68 4006.51 4023.32 4032.65 3371.44 2010.41 1330.5 685.916 1125.4 1116.41 1152.33 1168.8 1181.62 1172.59 1164.92 1157.39 1154.71 1154.44 1130.31 1130.17 1119.79 1078.63 1026.41 943.574 516.541 475.462 415.559 131.775 50.9008 43.6347 37.0698 37.8666 37.946 36.7755 33.7801 28.5043 26.5884 21.2795 18.7717 18.0182 20.3047 27.5659 34.418 38.4512 34.0292 29.6876 31.4672 35.2755 37.2928 39.3864 40.5516 44.3489 50.1771 57.0634 64.2846 69.4372 72.3608
3314.23 3299.99 3592.95 3833.97 3977.15 4175.91 4082.47 4048.38 4074.19 4046.36 4053.15 4062.02 4091.82 4100.64 3415.56 2063.46 1330.87 685.31 1125.51 1116.52 1152.51 1168.95 1181.87 1172.89 1165.27 1157.78 1155.09 1154.73 1130.52 1130.32 1119.96 1078.7 1026.24 941.697 516.669 475.304 415.308 132.323 50.7493 44.6609 38.0642 39.1895 39.4016 38.4595 35.7569 30.9849 29.1605 23.559 21.0095 20.2264 22.6511 30.3616 37.6268 42.2061 37.6102 32.2534 32.9394 34.3856 34.3111 34.2476 34.8909 39.7691 45.2377 52.173 59.8391 65.3336 68.4898
3314.45 3300.53 3593.59 3834.8 3978.33 4177.62 4155.42 4125.16 4151.29 4128.72 4140.89 4158.32 4201.82 4209 3493.27 2138.85 1331.11 684.682 1125.54 1116.6 1152.74 1169.27 1182.4 1173.46 1165.95 1158.48 1155.73 1155.23 1130.89 1130.61 1120.19 1078.72 1025.94 939.582 516.781 475.176 415.272 132.692 50.8005 45.2241 38.6669 40.271 40.7034 40.2868 38.0252 33.7935 32.1381 26.5703 23.6948 22.6234 25.0047 32.3383 39.5451 44.5621 40.2799 35.3135 36.5672 36.8408 35.7663 34.7249 36.1393 42.9118 47.6906 53.9503 61.6587 67.6499 71.0972
3314.84 3301.09 3594.19 3835.64 3979.69 4179.74 4246.38 4220.83 4245.91 4232.77 4253.63 4280.99 4331.87 4326.68 3577.11 2161.21 1331.53 683.989 1125.57 1116.65 1152.88 1169.48 1182.79 1173.99 1166.5 1159.1 1156.29 1155.68 1131.25 1130.9 1120.45 1078.8 1025.83 938.939 516.938 475.349 415.593 133.067 52.1928 45.8035 39.6783 41.3152 41.6931 41.5709 39.3766 35.1032 33.5349 28.5508 26.13 25.1494 26.9688 33.4524 40.2253 45.3874 42.0271 38.7289 40.7491 40.9391 40.731 40.62 43.2798 51.0531 55.3363 61.246 68.2334 73.9035 77.3392
3315.03 3301.2 3594.26 3836.03 3980.68 4181.64 4295.06 4307.99 4349.18 4348.57 4376.43 4412.5 4471.95 4463.69 3681.6 2174.26 1331.95 684.024 1125.42 1116.48 1152.62 1169.43 1182.85 1174.24 1166.82 1159.47 1156.61 1155.96 1131.58 1131.21 1120.72 1078.89 1025.91 940.185 517.364 475.843 416.293 133.96 55.3854 47.624 41.936 42.8673 42.8757 42.8161 40.2494 35.3917 34.0096 29.8851 28.0953 27.1725 28.4062 33.8416 39.7437 44.7545 42.5977 41.2582 43.3143 43.7716 44.944 46.0567 49.745 58.1536 62.0001 67.4846 73.9239 79.197 82.7658
3315.26 3301.22 3594.37 3836.82 3982.44 4184.79 4299.55 4358.27 4455.16 4474.85 4508.3 4546.74 4608.35 4592.3 3776.66 2181.8 1332.66 683.938 1125.21 1116.23 1152.24 1169.23 1182.7 1174.4 1167.08 1159.83 1156.96 1156.29 1131.93 1131.56 1121.07 1079.1 1026.18 941.533 517.975 476.459 417.205 135.224 58.8509 49.9601 43.8489 43.9066 43.778 43.6393 40.6939 35.3827 34.2338 30.6085 29.1883 28.5331 29.5787 34.0613 39.0845 43.5599 42.5248 42.4389 43.6392 43.7347 45.2784 46.5886 50.8138 59.6924 63.2969 68.2264 74.5653 79.5814 83.2341
3315.6 3301.49 3594.68 3837.83 3984.5 4188.19 4304.18 4364.06 4472.9 4514.74 4557.02 4598.94 4650.38 4619.51 3791.35 2184.03 1333.36 684.408 1124.92 1115.88 1151.7 1168.92 1182.4 1174.41 1167.27 1160.11 1157.23 1156.56 1132.3 1131.94 1121.41 1079.33 1026.38 942.311 518.814 477.183 418.299 136.829 62.6476 52.7897 45.6791 44.7612 44.1343 43.4914 40.0266 34.3016 33.3561 30.367 29.2105 29.0615 30.3342 34.5678 39.4746 43.1068 42.2493 42.1458 42.0925 40.7787 41.0991 41.3134 45.7075 55.47 58.5309 62.7497 68.6065 73.135 76.4415
3315.4 3301.89 3595.57 3839.21 3986.81 4191.94 4308.87 4369.7 4479 4521.56 4563.72 4605.06 4655.95 4624.45 3795.09 2186.29 1334.17 684.45 1124.69 1115.55 1151.1 1168.56 1182.1 1174.4 1167.39 1160.37 1157.5 1156.83 1132.67 1132.3 1121.75 1079.58 1026.5 942.568 519.802 477.92 419.455 138.072 65.717 54.7348 46.6421 44.6332 43.3467 42.0675 38.2227 32.544 32.0926 30.5936 30.1284 30.5948 32.1501 36.7793 43.3396 46.4474 44.1205 42.2682 41.8879 39.7561 39.3975 37.9672 43.0138 52.9756 53.3512 55.9776 60.2706 64.0337 66.929
3315.35 3302.89 3597.39 3841.3 3989.31 4195.72 4313.47 4374.57 4484.62 4527.98 4570.11 4610.88 4660.99 4628.83 3798.62 2188.64 1334.94 683.42 1124.41 1115.2 1150.17 1168.04 1181.48 1173.93 1166.96 1160.06 1157.17 1156.53 1132.65 1132.31 1121.61 1079.54 1026.46 942.313 520.964 478.506 420.936 137.582 66.7387 54.6441 45.8517 42.9574 41.3506 40.3657 37.1348 32.9715 32.9802 33.9053 35.3576 36.9127 38.9404 42.8593 48.6211 50.154 46.187 42.1854 40.8933 38.3606 37.1752 33.4743 40.0987 50.9095 49.9402 50.8041 54.3184 58.4935 61.32
3315.67 3304.05 3598.85 3842.98 3991.58 4199.2 4317.71 4378.69 4489.92 4534.12 4576.36 4616.81 4666.31 4633.36 3802.27 2191.16 1335.6 681.29 1124.11 1114.81 1149.2 1167.47 1180.73 1173.25 1166.21 1159.45 1156.55 1155.95 1132.44 1132.14 1121.2 1079.37 1026.42 942.103 522.562 479.258 423.121 136.184 67.7326 54.6383 46.2819 43.4309 42.3413 42.5535 40.721 38.5415 38.7731 41.8125 45.1366 47.5953 49.804 50.7709 53.3056 51.3587 45.294 39.7677 36.7776 32.7064 28.8215 25.4913 30.8538 41.9027 42.2402 42.3747 47.1355 51.8942 55.1375
3317.17 3305.56 3600.1 3844.47 3993.78 4201.96 4322.25 4383.85 4495.91 4540.76 4583.17 4623.29 4671.94 4638.35 3806.24 2193.31 1335.73 679.204 1123.72 1114.34 1148.2 1166.76 1180.2 1172.88 1165.93 1159.26 1156.34 1155.75 1132.6 1132.35 1121.14 1079.3 1026.26 941.145 524.455 480.066 425.608 135.821 70.6238 57.9689 51.327 49.5082 49.3471 50.9748 50.9243 50.0314 50.1923 53.6656 57.1834 59.3324 61.4942 59.474 59.0091 55.1725 49.0582 43.7186 42.1089 41.5151 42.6886 46.7253 45.6445 47.1854 48.5322 49.0455 53.207 56.4312 59.7399
3318.27 3306.28 3600.75 3845.56 3995.7 4204.56 4326.78 4389.57 4502.79 4548.34 4590.92 4630.64 4678.36 4643.94 3810.3 2195.56 1335.89 675.519 1123.18 1113.77 1147.59 1166.58 1180.07 1173.01 1166.3 1159.73 1156.74 1156.11 1133.12 1132.85 1121.32 1079.32 1026.15 940.298 526.432 480.96 428.083 135.939 74.5308 63.1381 58.8031 58.2252 59.4167 61.7207 62.6314 62.0162 61.9879 65.6009 69.5196 71.7453 74.1401 70.2417 68.5173 64.211 58.2248 54.1688 56.7858 62.1319 70.7694 80.5327 82.1796 83.1533 85.1756 87.1872 91.0099 91.4718 93.4804
3318.22 3305.73 3600.43 3845.79 3997 4206.98 4330.41 4394.81 4509.78 4556.13 4598.81 4638.01 4684.68 4648.94 3813.68 2197.69 1336.37 667.206 1122.92 1113.83 1148.72 1167.46 1180.64 1173.84 1167.43 1160.95 1157.87 1157.04 1133.91 1133.41 1121.41 1079.22 1026.04 939.859 527.768 481.364 429.722 133.599 75.1566 64.4593 63.45 64.3119 66.1817 68.0667 69.2409 69.4515 70.2978 75.2281 80.7117 84.0386 86.5529 82.605 79.471 72.1791 64.9791 62.5503 72.1304 85.9791 101.671 115.364 121.205 125.142 128.179 131.531 135.539 135.136 135.991
3316.65 3303.77 3598.74 3844.51 3996.51 4207.71 4332.79 4399.4 4515.92 4563.04 4605.96 4644.9 4690.91 4654.04 3817.52 2200.25 1337.1 661.477 1123.31 1114.46 1150.06 1168.22 1181.58 1175 1168.8 1162.41 1159.25 1158.21 1134.84 1134.06 1121.76 1079.19 1025.96 939.391 529.085 481.96 431.371 134.116 80.7149 72.0023 72.9979 74.1861 75.7021 77.2955 77.8367 78.309 80.3144 86.0335 92.3914 96.1602 98.3836 93.8047 89.8007 82.5026 77.9315 81.4177 98.9658 118.08 137.182 153.097 162.587 169.502 173.097 176.912 181.689 181.467 181.909
3316.04 3302.87 3597.92 3844.09 3996.83 4209.46 4336.23 4404.87 4522.26 4570.02 4613.11 4651.71 4697.04 4658.83 3821.3 2202.78 1337.9 659.941 1123.73 1114.94 1150.85 1169.03 1182.58 1176.17 1170.16 1163.86 1160.65 1159.48 1135.81 1134.71 1122.33 1079.19 1025.75 938.048 530.106 482.26 432.112 136.32 85.4372 79.1854 81.228 83.0127 84.0872 84.8709 84.5923 84.7364 88.08 94.3475 102.485 107.826 110.661 107.816 105.752 102.323 102.642 110.612 131.412 152.144 172.466 189.231 202.066 211.778 215.849 219.84 225.573 226.449 227.142
