Code/Outputs/Output_20260212_203238/2.9_30_1000_rms_map_shift_100km.grd
DSAA
165 185
-4920000.0 4920000.0
-5520000.0 5520000.0
3.3204588634398595 25172.96061607338
[rows 90 to 119 of 185, columns 67 to 133 of 165]
3601.77 3740.98 3784.7 3808.24 3906.57 3939.02 3949.54 3940.25 3964.66 3990.4 4019.49 4040.58 4086.1 4119.77 4132.11 3934.29 2821.91 2543.53 2341.68 2251.69 1937.36 1829.06 1736.8 1702.65 1603.99 1425.06 1306.27 1313.42 1319.88 1320.42 1331.38 1335.83 1325.67 1277.52 1199.65 1172.41 1159.75 1145.25 1140.46 1139.88 1142.39 1134.94 1122.06 1120.34 1126.51 1136.64 1150.07 1166.91 1188.4 1213.45 1226.3 1230.29 1227.92 1223.23 1214.63 1206.74 1200.77 1201.49 1204.88 1203.88 1200.42 1193.6 1184.72 1176.93 1169.93 1167.43 1169.56
3825.75 3953.02 3982.47 3985.98 4057.33 4088.83 4091.25 4083.42 4101.9 4118.58 4146.04 4166.99 4211.88 4247.05 4270.82 4034.59 2919.82 2671.68 2514.87 2463.64 2207.2 2099.38 2000.76 1956.8 1859.52 1702.76 1534.14 1530.62 1533.42 1510.66 1413.78 1377.24 1373.29 1337.35 1277.56 1247.9 1228.03 1203.88 1199.97 1198.73 1200.04 1191.67 1177.65 1174.9 1179.08 1187.5 1200.04 1215.47 1235.06 1259.29 1270.57 1272.95 1269.6 1264.63 1256.43 1248.64 1243.56 1245.28 1251.22 1251.64 1248.4 1242.74 1235.3 1228.89 1223.68 1222.23 1224.08
3914.36 4047.53 4058.24 4045.64 4113.21 4157.93 4153.98 4155.44 4171.41 4186.24 4206.55 4226.2 4282.56 4417.96 4514.5 4369.81 3535.78 3380.93 3318.95 3311.46 3130.2 3019.14 2964.35 2916.81 2848.48 2735.33 2644.07 2641.46 2627.2 2357.59 2055.8 1650.35 1476.13 1459.08 1420.15 1408.74 1412.9 1403.26 1399.49 1398.28 1396.23 1386.69 1369.56 1361.01 1359.82 1362.97 1370.72 1378.92 1389.49 1405.92 1412.05 1411.93 1408.6 1404.99 1399.85 1394.2 1391.63 1395.17 1405.03 1408.38 1405.93 1402.45 1398.63 1396 1394.83 1394.3 1394.55
3991.62 4107.48 4111.99 4091.01 4151.13 4198.74 4200.58 4212.65 4230.18 4248.01 4251.41 4276.17 4356.46 4533.16 4630.26 4574.32 3889.85 3805.54 3787.98 3811.14 3675.89 3584.55 3526.6 3472.36 3408.77 3302.89 3235.69 3220.44 3122.42 2756.44 2493.04 1918.62 1464.39 1453.93 1409.58 1396.64 1400.83 1387.36 1384.09 1382.22 1377.7 1367.5 1347.88 1335.99 1332.25 1332.73 1337.91 1341.88 1346.55 1357.91 1361.37 1360.18 1357.02 1354.18 1351.03 1346.81 1344.85 1349.72 1361.93 1367.13 1365.2 1362.5 1360.44 1359.92 1361.1 1360.87 1359.61
4004.4 4113.76 4107.73 4074.86 4129.38 4187.81 4192.98 4207.82 4283.64 4312.74 4303.1 4325.32 4451.02 4634.62 4760.39 4799.48 4312.87 4305.25 4345.79 4391.32 4301.7 4221.38 4167.18 4114.5 3972.09 3844.86 3778.02 3768.76 3578.22 3179.96 2856.99 2139.25 1464.67 1458.42 1420.06 1429.56 1437.84 1429.05 1424.93 1422.89 1418.44 1410.13 1392.26 1380.05 1375.23 1373.64 1375.01 1373.65 1371.88 1376.44 1375.95 1372.46 1368.87 1366.13 1364.56 1362.12 1359.52 1363.94 1376.01 1381.99 1380.72 1379.06 1379.02 1380.82 1384.6 1384.96 1382.7
4028.05 4140.32 4126.17 4082.11 4120.02 4175.34 4185.31 4185.42 4291.01 4329.6 4306.09 4311.78 4472.72 4678.84 4824.5 4946.27 4574.46 4626.69 4715.57 4791.65 4750.31 4691.43 4636.31 4598.22 4425.63 4280.79 4204.33 4195.39 3944.72 3485.04 3121.72 2211.39 1455.27 1444.5 1408.2 1414.51 1424.87 1415.27 1410.85 1408.8 1404.8 1397.62 1381.47 1370.05 1365.25 1363.2 1363.71 1361.04 1357.47 1359.67 1357.11 1351.93 1347.71 1344.66 1343.63 1341.84 1338.91 1342.89 1354.47 1360.56 1359.57 1358.37 1359.24 1361.95 1366.54 1366.62 1363.26
4020.33 4128.18 4112.54 4050.29 4071.17 4144.86 4159 4242.31 4349.73 4414.93 4389.43 4404.65 4553.19 4775.38 4944.89 5102.8 4818.64 4908.3 5016.14 5118.54 5117.91 5066.31 5015.5 4890.63 4709.79 4517.95 4405.62 4391.42 4127.09 3588.62 3143.6 2085.29 1268.07 1253.29 1227.31 1216.75 1215.95 1198.49 1193.89 1193.2 1191.19 1187.56 1176.03 1165.26 1159.47 1154.71 1151.63 1144.35 1135.99 1132.47 1125.97 1118.6 1114.8 1113.39 1114.81 1115.34 1112.4 1115.28 1125.05 1131.25 1130.69 1130.04 1131.76 1134.78 1140.29 1138.94 1133.02
3986.05 4090.87 4069.19 3990.27 4014.11 4098.27 4111.65 4242.57 4403.8 4507 4473.8 4467.97 4604.54 4816.72 5019.82 5173.78 4985.65 5109.03 5240.33 5352.35 5372.08 5332.16 5296.87 5133.25 4906.5 4679.55 4564.61 4556.65 4275.91 3702.54 3141.09 2051.89 1219.41 1203.29 1178.93 1183.74 1181.45 1165.32 1160.33 1160.62 1159.68 1158.05 1149.56 1140.01 1134.4 1129.05 1125.08 1116.97 1107.89 1102.07 1095.56 1089.3 1086.55 1085.93 1088.07 1089.47 1086.74 1088.98 1096.9 1102.62 1102.41 1102.03 1103.84 1106.39 1111.28 1109.08 1102.36
3910.63 4030.05 3996.22 3950.23 3946.67 4057.13 4051.32 4272.08 4440.99 4570.21 4534.87 4532.27 4645.46 4865.53 5072.49 5274.84 5213.59 5373.4 5496.01 5586.49 5641.7 5603.57 5582.02 5343.39 5114.25 4865.42 4738.72 4717.46 4426.16 3776.33 3120.93 2001.46 1153.05 1133.41 1137.77 1152.83 1146.2 1133.37 1128.59 1129.83 1130 1130.29 1126.02 1118.76 1113.94 1109.28 1105.88 1097.68 1089.18 1083.02 1077.2 1072.33 1070.53 1070.6 1073.04 1075.58 1073.63 1075.63 1081.23 1085.89 1086.12 1086.08 1087.58 1089.39 1093.17 1090.41 1084.01
3953.13 4067.64 4006.11 3937.69 3921.63 4043.18 4069.67 4321.24 4503.8 4666.73 4639.69 4624.15 4724.83 4914.92 5140.49 5358.18 5344.54 5537.19 5658.07 5733.44 5786.95 5766.87 5732.41 5478.86 5244.11 4967.01 4820.44 4817.21 4524.71 3842.62 3099.36 1984.24 1146.35 1122.39 1130.48 1146.59 1136.23 1123.18 1118.66 1120.7 1121.66 1123.62 1123.24 1118.33 1114.7 1111.06 1108.15 1101.59 1095.03 1090.64 1085.89 1082.53 1081.59 1082.23 1084.65 1087.66 1087.44 1089.31 1092.68 1096.62 1097.59 1097.97 1099.18 1100.21 1102.64 1099.56 1094.63
3904.43 4006.54 3924.65 3853.07 3841.85 3992.63 4055.34 4347.82 4546.44 4733.09 4719.24 4694.96 4765.6 4940.21 5155.43 5399.94 5450.65 5676.71 5815.23 5875.41 5895.55 5848.41 5804.17 5538.3 5306.98 5017.88 4856.21 4864.22 4577.94 3873.16 3043.17 1911.22 1035.7 989.233 985.979 992.653 966.206 953.127 947.787 950.478 951.434 953.878 955.448 952.747 949.859 946.097 941.22 936.325 932.296 929.865 926.963 925.406 925.84 927.782 930.819 934.661 937.643 940.586 943.606 947.199 949.219 950.399 951.533 952.539 952.704 949.424 946.505
3883.36 3982.55 3883.22 3815.81 3834 4017.08 4113.02 4425.11 4611.48 4804.07 4774.99 4711.85 4763.13 4909.29 5109.3 5389.35 5492.85 5746.02 5896.87 5957.61 5940.34 5846.7 5790.15 5521.84 5303.91 5004.35 4838.08 4870.22 4597.03 3885.52 2979.12 1824.05 897.746 822.897 796.803 781.91 728.192 694.996 690.408 692.929 693.8 696.507 698.256 698.856 698.014 696.275 693.76 692.544 691.643 691.463 691.076 691.92 694.193 697.916 702.181 707.519 713.051 717.862 721.585 725.517 728.963 731.151 731.571 729.887 727.286 723.885 721.349
3767.67 3846.15 3753.5 3729.08 3785.2 4004.2 4141.91 4477.37 4664.83 4856.13 4824.86 4723.59 4758.21 4870.51 5064.56 5372.76 5523.81 5804.11 5960.27 6033.41 5977.91 5820.58 5741.34 5477.32 5269.93 4965.67 4802.68 4870.75 4630.79 3922.29 2957.05 1804.46 880.218 806.511 782.495 773.751 729.44 695.45 690.444 692.635 693.309 695.83 697.39 698.496 698.125 697.18 695.822 695.715 695.799 696.141 696.667 698.304 701.137 705.35 710.078 715.897 721.819 726.888 730.953 734.727 737.917 739.549 738.798 735.437 731.484 727.67 724.542
3585.04 3639.76 3558.72 3551.25 3627.62 3885.23 4069.27 4436.18 4628.43 4822.57 4770.08 4637.88 4655.7 4721.65 4913.78 5321.23 5513.09 5831.37 6001.28 6099.02 6009.93 5756.86 5638.74 5386.55 5197.58 4897.43 4748.32 4865.2 4659.93 3963.69 2936.83 1787.09 859.814 781.509 752.577 741.3 711.149 696.352 691.431 693.304 693.708 696.008 697.291 698.556 698.518 698.2 697.732 698.263 698.905 699.508 700.724 702.922 706.12 710.662 715.714 721.701 727.816 733.014 737.402 740.985 743.689 744.649 742.881 738.309 733.526 729.507 725.882
3530.1 3584.51 3507.39 3513.75 3597.02 3890.13 4113.18 4504.68 4695.1 4881.36 4798.29 4625.27 4592.73 4623.09 4818.12 5260.6 5494.78 5844.17 6025.02 6142.99 6042.57 5691.48 5514.88 5266.27 5096.46 4807.16 4683.37 4859.28 4706.12 4017.56 2931.45 1785.45 864.301 785.171 753.74 742 711.231 698 693.055 694.608 694.795 696.889 697.944 699.25 699.432 699.521 699.55 700.355 701.238 701.992 703.51 705.945 709.269 713.952 719.216 725.288 731.464 736.71 741.197 744.487 746.493 746.622 743.942 738.574 733.328 729.159 725.331
3460.41 3526.5 3449.87 3466.55 3552.44 3888.13 4156.77 4574.51 4763.38 4941.72 4815.74 4604.02 4528.71 4513.68 4667.83 5162.91 5454.91 5838.78 6029.09 6166.12 6039.19 5595.09 5343.85 5108.24 4967.8 4695.21 4602.17 4849.07 4740.84 4056.79 2901.01 1733.18 763.484 653.279 601.656 570.198 561.1 523.973 520.246 519.845 519.979 521.404 521.787 523.067 524.355 525.365 526.608 527.395 529.184 530.702 532.549 536.184 541.34 548.251 555.988 563.74 571.373 577.887 583.887 587.762 588.104 585.827 580.647 573.158 565.984 560.866 556.286
3444.05 3493.73 3412.84 3449.74 3556.79 3922.08 4226.88 4664.19 4849.35 5018.25 4850.23 4569.69 4427.61 4370.19 4478.7 5030.12 5355.4 5776.74 5980.89 6135.71 6002.27 5460.04 5136.68 4904.18 4789.27 4524.04 4376.76 4639.03 4788.7 4111.64 2897.39 1725.5 755.057 641.404 587.601 557.512 548.13 522.246 518.415 518.546 519.285 521.512 522.429 524.495 526.298 527.335 528.371 528.954 530.814 532.604 534.489 538.797 545.167 553.12 561.396 569.193 576.577 582.507 588.254 591.467 590.752 587.379 581.652 573.979 565.937 560.268 555.824
3212.68 3254.35 3167.97 3238.42 3386.32 3807.95 4167.37 4646.58 4846.68 5026.84 4864.36 4538.27 4366.71 4284.12 4383.63 5011.49 5366.19 5814.45 6026.48 6181.63 6011.92 5426.62 5080.89 4862.8 4770.15 4502.67 4338.77 4603.58 4866.95 4166.9 2893.57 1723.48 751.592 638.565 581.881 550.381 541.908 514.829 512.592 512.345 513.429 516.255 518.521 522.244 525.432 526.817 528.068 528.553 530.469 532.897 534.975 539.776 546.601 555.569 564.503 572.711 580.189 585.637 590.404 592.272 590.081 585.542 579.245 571.341 562.539 556.193 551.586
3105.65 3135.77 3038.34 3130.31 3323.17 3789.34 4195.53 4700.77 4903.28 5084.37 4907.41 4539.59 4346.08 4213.28 4290.19 4974.98 5364.32 5806.45 6025.82 6158.52 5897.27 5286.84 4963.06 4780.73 4725.22 4458.91 4299.04 4583.64 4726.28 3992.58 2601.36 1574.94 700.923 588.975 519.412 484.064 469.247 438.386 434.655 434.455 435.043 438.295 440.811 445.489 449.375 451.318 453.114 454.193 456.836 459.912 462.683 468.476 476.497 486.862 497.253 506.957 515.681 521.976 527.414 529.582 527.125 521.586 514.264 505.176 495.151 488.028 482.657
2951.7 2987 2850.83 2940.84 3200.07 3732.84 4188.32 4718.54 4921.41 5103.82 4918.05 4514.34 4309.34 4164.07 4218.27 4968.78 5393.5 5830.02 6049.11 6111.91 5749.91 5171.6 4900.84 4744.89 4710.95 4447.3 4287.04 4561.23 4642.98 3878.76 2243.91 1260.54 664.247 577.97 505.357 476.65 460.679 427.273 423.196 422.718 422.776 425.721 428.434 433.761 438.517 441.077 443.31 444.284 446.332 449.485 451.795 457.278 465.151 475.296 485.339 494.481 501.964 506.599 509.892 509.703 504.863 498.462 491.356 483.107 473.741 467.155 462.648
2928.28 2962.23 2823.67 2840.6 3118.96 3724.03 4234.24 4787.22 4959 5131.23 4931.4 4479.99 4253.63 4108 4146.52 4963.18 5410.08 5831.83 6013.51 5967.23 5505.37 5089.98 4912.02 4747.39 4728.64 4459.19 4290.37 4759.71 4547.94 3705.21 1795.04 855.67 628.572 554.562 483.105 459.683 441.109 408.579 403.772 402.09 400.563 401.525 402.329 406.218 409.999 411.733 413.752 413.939 415.209 418.075 420.592 426.675 435.668 446.777 457.516 467.089 474.706 479.177 482.266 481.45 476.198 469.293 461.568 454.078 445.957 440.324 436.526
2880.13 2900.23 2782.1 2736.47 2955.4 3658.34 4263.86 4870.44 5038.03 5194.36 4968.49 4480.89 4234.62 4073.31 4103.63 4973.08 5446.6 5781.21 5811.76 5570.69 5179.09 5030.83 4952.57 4781.72 4761.07 4472.86 4286.61 4679.12 4438.61 3546.16 1276.31 539.006 490.239 473.975 394.107 384.621 365.154 309.383 306.139 302.154 300.053 300.524 302.437 308.158 314.059 317.788 320.655 321.204 322.135 325.138 327.222 332.78 342.11 353.88 365.477 375.907 382.956 385.883 385.941 381.476 372.332 362.666 352.613 344.607 335.961 328.944 324.34
2841.57 2853.06 2749.64 2719.06 2901.17 3663.3 4363.88 4995.84 5180.44 5296.12 5013.24 4452.62 4172.92 4006.65 4028.18 4977.96 5334.51 5454.17 5264.52 5061.41 4940.01 4956.58 4920.36 4766.36 4714.69 4403.26 4192.28 4609.35 4353.45 3457.15 929.181 443.544 422.067 403.292 352.086 352.723 335.694 292.399 288.322 282.98 279.847 278.884 280.531 285.864 291.736 295.704 298.461 299.381 300.206 302.592 303.989 308.129 316.099 326.506 337.088 346.626 352.39 353.916 351.863 345.755 336.17 326.305 316.238 308.609 301.168 294.498 290.313
2804.84 2794.4 2681.33 2681.25 2857.01 3690.55 4452.67 5035.96 5184.12 5293.36 5014.59 4434.93 4140.43 3978.72 3999.14 5020.56 5281.88 5282.77 5009.04 4901.02 4902.65 4994.94 4971.1 4777.52 4685.42 4398.68 4146.89 4298.65 4325.11 3409.84 823.816 360.942 365.368 335.46 273.126 267.949 245.314 178.124 172.892 162.748 157.463 154.936 158.908 167.944 177.667 185.75 191.627 195.856 198.26 200.039 201.256 204.834 213.055 224.49 236.652 246.797 251.875 251.778 246.41 236.337 222.901 207.506 191.728 178.772 168.218 159.874 154.583
2750.84 2722.75 2606.29 2515.3 2753.07 3617.17 4425.42 4953.65 5119.5 5237.41 4963.24 4362.25 4103.19 3936.87 3952.79 4950.66 5331.38 5316.87 5016.01 4913.22 4967.78 5087.25 5022.72 4842.59 4729.74 4416.39 4132.08 4265.3 4258.11 3375.95 736.923 319.096 323.607 312.356 241.375 238.393 213.972 123.77 117.494 101.333 92.2492 86.5838 93.3195 107.005 120.848 133.322 142.604 149.704 153.799 155.7 157.89 162.308 171.01 183.351 196.614 206.887 211.008 209.872 202.153 189.149 171.908 150.161 127.083 107.036 92.0583 80.1804 71.759
2734 2691.79 2557.7 2469.18 2722.77 3624.7 4422.59 4957.24 5124.9 5244.43 4972.52 4375.37 4110.25 3941.2 3955.24 4958.06 5386.35 5513.99 5196.74 5100.09 5164.44 5278.52 5197.97 5009.63 4881.55 4526.5 4227.57 4330.1 4265.99 3380.96 736.169 312.084 317.615 307.663 236.569 235.02 208.34 117.69 111.469 94.3734 83.9138 77.2881 84.4296 99.2086 113.794 125.967 134.686 141.053 144.397 146.371 149.633 155.749 166.365 180.117 194.076 204.42 208.122 206.039 197.018 182.205 162.831 138.493 112.39 89.0727 71.599 56.8516 44.5537
2728.7 2671.05 2512.35 2415.1 2693.55 3627.71 4424.24 4959.04 5130.42 5252.96 4983.58 4388.43 4125.48 3955.56 3967.3 4965.97 5392.21 5682.8 5376.83 5277.3 5345.78 5453.49 5370.71 5173.51 5034.01 4636.46 4320.05 4395.84 4262.49 3379.4 730.624 311.306 317.85 310.222 238.657 238.398 211.818 125.839 120.022 103.578 92.828 84.8755 89.2183 101.052 113.613 124.265 131.99 138.228 140.678 142.026 146.254 153.846 165.696 180.303 194.624 204.911 208.33 205.818 196.353 181.016 160.723 134.993 107.092 82.4107 65.3199 52.2213 40.5172
2723.7 2637.38 2447.74 2339.03 2639.75 3616.73 4422.94 4962.28 5136.75 5262.4 4996.2 4404.31 4141.55 3970.96 3980.49 4977.25 5401.65 5777.39 5547.88 5439.78 5508.49 5616.84 5533.2 5325.95 5174.78 4742.27 4409.93 4451.92 4261.06 3378.62 729.329 309.842 316.754 309.949 238.361 239.417 212.677 131.269 126.649 112.288 103.142 96.5302 100.124 109.588 119.457 127.439 132.991 136.329 136.642 136.294 140.819 149.404 162.356 177.907 192.773 203.268 206.709 204.067 194.369 178.636 157.543 130.624 101.528 76.3254 59.4627 47.7959 37.1861
2726.68 2621.8 2408.26 2286.78 2600.32 3605.2 4422.02 4963.45 5141.04 5270.07 5007.46 4419.15 4158.73 3988.51 3996.44 4989.22 5411.25 5799.14 5729.1 5602.42 5665.14 5783.44 5705.89 5496.12 5309.24 4854.83 4509.64 4585.37 4259.45 3373.68 726.658 308.016 315.021 308.936 236.698 239.375 212.604 136.595 133.599 121.962 115.078 110.073 112.996 119.967 126.905 131.352 133.82 134.019 131.384 129.248 133.732 143.391 157.719 174.53 190.29 201.416 205.208 202.709 193.073 177.14 155.069 127.277 97.8494 72.4553 56.0045 45.2967 35.7063
2745.69 2643.3 2427.49 2314.46 2630.98 3618.8 4421.76 4965.39 5145.21 5277.34 5018.56 4434.33 4176.01 4006.71 4013.52 5002.45 5422.07 5807.76 5858.91 5734.37 5785.06 5926.86 5881.7 5654.2 5440.99 4962.68 4595.88 4621.93 4259.38 3367.34 725.833 306.084 312.803 306.837 233.809 238.068 211.328 140.862 139.973 132.04 128.276 125.368 128.045 132.667 136.333 137.06 136.029 132.376 126.252 121.487 124.773 135.085 150.887 169.203 186.051 197.963 202.376 200.108 190.68 174.832 152.329 124.177 94.4102 68.8408 53.2077 43.6984 35.5407
