Code/Outputs/Output_20260212_203238/2.9_30_1000_rms_map_shift_100km.grd
DSAA
165 185
-4920000.0 4920000.0
-5520000.0 5520000.0
3.3204588634398595 25172.96061607338
[rows 0 to 29 of 185, columns 0 to 66 of 165]
19911.3 19716.3 19376.8 19068.3 18926 19000.3 19147.2 19314.6 19420.7 19454.3 19492.5 19548.1 19606.9 19713.7 19859.1 19994.4 20134.5 20239.7 20349 20473.2 20588.4 20676.7 20779.9 20860.5 20897 20875.8 20801.9 20712.5 20596.2 20433.5 20257.7 20076.5 19866.5 19661.2 19476.6 19286.4 19188.8 19070.9 18947.2 18821 18736.1 18698.8 18711.4 18720.3 18747.8 18786.6 18821.7 18923.6 19048.3 19169.8 19237.8 19311.2 19271 19244.8 19223.7 19207.6 19176.9 19154 19122.9 19125.5 19142.6 19137.2 19121.9 18992.5 18979.6 19205.2 19491.1
19762 19315.4 18684.6 18078.1 17678.7 17562.6 17603.6 17721.3 17809.9 17840.1 17875.2 17924.3 17971.2 18090.3 18249.5 18391.3 18521.6 18619.1 18721.4 18845.7 18957.2 19050.9 19155.8 19238.5 19279.3 19265.4 19195.8 19120.5 19027 18874.2 18714.3 18549.7 18360 18164.1 17985.9 17792.6 17682.8 17560.5 17436.9 17301.5 17209 17165.7 17179.3 17173.6 17188.3 17215.4 17231.3 17305 17412.9 17527.7 17589.1 17664.1 17632.7 17604.7 17576.6 17561.2 17527.9 17502.6 17466.7 17470.5 17491 17486.4 17470.1 17354 17343.2 17566.7 17852.6
19453.8 18703.2 17711.4 16723.2 15982.2 15609.5 15503 15552.2 15619 15642.9 15670 15707.5 15738.9 15871.2 16038.9 16178.9 16290.8 16376.7 16469.6 16590.4 16693.8 16788.6 16892.7 16975.7 17019.6 17016.4 16957.9 16900.7 16832.1 16698.8 16559.8 16413.9 16252.9 16076.8 15906.1 15715.2 15597.6 15468 15335.1 15188.3 15080.9 15023.7 15027.5 15001.5 14992.8 14989.9 14979.8 15038.4 15137.9 15245.5 15304.9 15379.3 15354.2 15328.8 15302 15289.8 15259.7 15236.6 15202.7 15211.2 15246.6 15259.6 15256.5 15158.5 15143.4 15361 15643.7
19100.7 18024.5 16627.3 15186.4 14016.1 13307.4 13004.6 12961.9 13002.5 13016.4 13033.3 13060 13078.7 13220.9 13391.3 13521.7 13612.4 13681.1 13760.3 13878.5 13969.2 14063.1 14164.5 14249.3 14298.5 14309.8 14264.9 14228.7 14190.6 14086.9 13973.1 13855 13729.9 13584.6 13429.3 13245.4 13125.9 12991.3 12846.2 12686.6 12562.7 12491.5 12486.3 12438.3 12401.6 12365.6 12333.6 12381 12478.3 12579 12635.5 12706.1 12685.2 12662.9 12638.6 12628.3 12599.5 12575.8 12540.7 12552.8 12601.1 12629.9 12638.7 12561.8 12541.2 12753.8 13040.5
18814 17428.2 15625.5 13700.5 12024.3 10889.3 10329.8 10164.7 10171.8 10173.8 10184.6 10207.2 10218.1 10361.2 10527 10641.5 10709.8 10756.8 10819.9 10932.1 11006 11094.3 11185.6 11269.9 11323.1 11348.6 11315.6 11305.4 11306.9 11246.5 11168.9 11091.4 11011.6 10909.6 10779.5 10611 10496.4 10361.5 10206.6 10036.7 9901.27 9820.9 9810.9 9740.19 9673.73 9611.35 9560.59 9592.92 9688.79 9781.44 9830.8 9893.63 9873.27 9852.21 9827.95 9816.58 9783.84 9753.82 9712.57 9721.3 9770.59 9801.32 9812.34 9759.48 9735.1 9959.59 10272.2
18672.6 17032 14880.2 12510.7 10306.1 8664.17 7767.2 7437.63 7404.01 7400.78 7415.03 7437.79 7443.29 7578.82 7734.83 7838.81 7890.11 7914.8 7960.38 8053.22 8103.83 8176.31 8239.54 8305.79 8348.64 8379.29 8359.05 8377.02 8429.95 8433.28 8407.08 8380.76 8354.39 8309.64 8214.52 8074.67 7971.46 7841.97 7685.98 7516.05 7378.74 7292.14 7270.68 7185.94 7095.37 7013.67 6937.26 6947.59 7034.87 7112.36 7150.69 7202.53 7176.42 7153.71 7129.22 7115.39 7074.86 7035.33 6987.7 6979.44 7013.62 7030.72 7045 7022.41 6996.47 7273.49 7652.64
18693.3 16874.9 14469.6 11758 9093 6913.18 5550.46 4983.76 4895.38 4897.2 4920.67 4942.8 4944 5078.78 5236.9 5345.76 5387.49 5739.62 5736.88 5749.97 5757.29 5768.47 5771.74 5772.78 5773.39 5772.85 5771.06 5767.49 5766.29 5760.8 5759.41 5758.63 5753.92 5741.09 5730.88 5705.8 5680.07 5646.35 5605.72 5372.83 5242.14 5146.01 5100.08 5021.37 4903.79 4802.57 4693.6 4687.35 4764.34 4818.83 4841.96 4879.93 4849.16 4829.22 4808.38 4790.16 4740.62 4690.57 4637.55 4601.8 4614.1 4606.03 4617.48 4613.59 4596.27 4998.48 5503.42
18810.9 16890.5 14335.4 11416.9 8457 5860.85 3997.29 3098.34 2923.26 2941.95 2982.58 3226.39 3219.87 3244.01 3253.84 3256.29 3257.07 3256.41 3255.6 3255.92 3256.38 3257.89 3258.74 3259.09 3259.43 3259.1 3258.37 3257.34 3257.79 3256.78 3257.26 3257.95 3257.55 3255.51 3254.08 3251.22 3247.74 3243.1 3239.41 3227.88 3210.75 3185.83 3162.99 3152.02 3144.4 3136.86 3093.35 3016.66 3052.29 3128.04 3154.81 3185.53 3185.31 3178.5 3155.2 3104.41 3056.17 3003.89 2964.06 2920.65 2909.73 2876.54 2893.37 2903.72 2890.26 3504.11 4174.7
18935.4 16970.9 14350.2 11342.6 8255.12 5463.51 3282.01 2142.57 1482.79 1428.21 1428.44 1428.24 1427.01 1429.7 1432.55 1434.57 1435.38 1434.66 1434.12 1434.08 1434.21 1434.81 1434.43 1434.31 1434.38 1434.16 1434.17 1434.2 1435.39 1435.12 1436.63 1438.32 1439.11 1438.66 1437.79 1435.7 1432.6 1430.18 1429.03 1426.72 1424.91 1421.32 1413.32 1402.26 1395 1394.78 1386.9 1367.64 1368.1 1378.78 1387.38 1398.71 1401.13 1399.94 1392.73 1388.69 1383.93 1378.42 1376.06 1376.52 1378.71 1378.56 1382.08 1559.34 1654.94 2725.27 3549.71
19008.8 17034.4 14399.3 11372 8257.15 5426.99 3184.25 1698.36 558.522 363.875 364.174 364.084 363.531 366.764 370.322 373.123 374.881 374.773 375.037 375.152 375.274 375.137 373.608 371.997 370.545 369.33 369.018 369.523 371.119 372.425 375.621 379.013 382.194 384.543 385.034 384.177 380.66 377.351 374.316 369.636 365.46 361.63 358.476 355.031 351.289 350.753 349.928 347.142 347.109 349.106 350.932 353.42 354.582 354.834 354 353.965 353.684 353.554 353.687 355.522 355.887 362.514 381.965 838.698 978.36 2359.6 3280.92
19015.5 17042.9 14418.9 11394.8 8282.49 5455.33 3223.92 1678.55 428.448 36.7812 39.8689 41.6669 43.3913 51.243 63.447 73.7708 82.0082 85.7424 88.9271 91.529 92.598 92.1091 88.1846 79.3905 68.7242 57.8827 49.5709 46.0014 45.5585 54.4189 65.3961 76.8679 88.101 98.4271 104.465 108.958 108.394 105.451 98.9553 89.1626 77.937 66.2719 56.2262 48.7887 44.5033 45.8373 52.0627 58.9979 64.5991 68.402 70.1812 72.2772 67.2141 63.819 60.5819 56.8086 53.949 52.6719 51.5051 58.5399 56.9063 84.6656 143.976 764.296 911.696 2335.75 3266.37
18996.3 17032.2 14420.7 11404.8 8297.87 5473.75 3248.58 1686.78 429.962 36.5287 39.0971 40.297 41.3513 50.6601 63.6719 74.4217 82.969 87.0867 91.3533 94.747 96.7202 96.6604 93.0611 84.9366 74.7589 63.8422 54.4182 47.6397 42.4205 47.0862 54.6501 64.3288 74.9299 85.9094 93.4482 100.438 103.031 103.185 99.9088 94.0502 86.3204 77.8623 70.2619 63.6042 58.4102 57.2286 59.9924 62.6585 64.4175 65.2546 65.144 65.4094 60.5222 56.4855 51.9753 47.6088 44.3556 43.052 42.2165 50.6069 49.2669 80.3416 141.541 763.854 911.356 2336.13 3267.04
18985.2 17031.3 14422.3 11412.1 8308.94 5484.11 3263.92 1689.48 430.71 36.0565 37.9972 38.6535 39.1109 49.2529 62.5742 73.3794 81.9695 86.3823 91.7783 96.0663 98.9911 99.3512 96.1945 89.0271 79.6588 69.5845 58.9002 49.9339 40.837 41.1996 44.9518 52.9045 62.6089 73.9723 82.7433 92.1219 97.826 100.892 100.608 98.3259 93.876 88.5188 82.6169 77.185 72.5615 70.6617 71.0703 70.0713 68.6402 67.0062 64.5432 62.1334 56.8417 51.1616 45.2404 40.4433 37.2835 36.5326 36.2348 45.5998 44.3744 77.6349 140.307 763.216 911.155 2336.62 3267.69
18976.7 17026.4 14417.1 11415.7 8315.28 5488.98 3275.7 1688.83 430.906 34.6667 35.9073 35.9947 35.9927 46.4999 59.7883 70.3725 78.7801 83.6004 90.4618 95.7504 99.7018 100.516 97.9105 91.9322 83.7007 74.3962 63.1538 53.0196 41.4408 38.2305 37.8539 43.8929 52.2906 63.1915 73.163 84.4762 92.7679 98.156 100.393 100.974 99.3027 96.1438 91.9928 88.2584 85.145 83.7097 82.5576 79.0186 75.1349 71.2502 66.2156 60.7759 54.4634 46.0939 38.6075 33.715 31.2965 31.6526 31.8044 41.7358 40.4069 75.3421 139.767 761.12 910.733 2336.9 3268.06
18966.5 17017.7 14408.4 11416.3 8315.32 5488.71 3283.12 1687.42 430.604 32.9503 33.4714 33.1972 33.1244 43.3176 56.0546 65.9669 73.9068 79.0895 87.0501 93.0918 97.9367 99.1386 97.1015 92.3526 85.642 76.8725 66.179 55.9799 44.1829 39.5182 36.0138 40.1532 46.6187 56.1962 66.0306 77.8762 87.4089 94.0088 97.8465 100.273 100.551 99.0589 97.0359 95.2776 94.0768 93.8055 92.2869 87.8848 82.5336 76.9744 69.6651 61.3996 53.5055 42.2831 33.6395 28.8291 27.3128 28.5844 28.7448 38.3757 36.835 72.875 139.521 756.984 910.214 2336.97 3268.07
18957.1 17007.6 14398.9 11405.8 8305.08 5485.42 3288.76 1685.83 430.247 31.1704 30.9887 30.9708 30.9282 40.4253 51.9984 60.4067 67.1375 72.5148 81.0708 87.7468 93.1922 94.5944 93.1026 89.6377 84.7733 77.1153 67.5422 58.4388 48.7943 45.0461 40.6959 43.8554 48.1384 55.2013 63.2616 73.6545 82.646 89.255 93.5752 96.7038 97.9469 97.6671 97.2847 97.3894 98.0405 99.1475 98.3693 94.3729 88.5532 81.8846 73.2283 62.6457 52.8149 39.7494 30.7404 26.0213 25.2697 27.0894 26.8715 35.0515 32.8862 69.8558 139.344 750.542 909.28 2336.71 3267.48
18935.1 16989.4 14385.6 11391.7 8296.41 5493.88 3311.1 1686.85 431.533 28.1191 28.1351 29.3704 30.5746 38.7415 48.3214 54.4084 59.568 65.04 73.8876 81.1096 86.9568 88.3062 87.4937 85.3993 82.5801 76.5169 68.8559 61.9546 55.9042 53.3581 48.6707 51.5059 53.4177 57.1106 62.3305 70.3553 77.1928 83.0322 87.6314 91.2485 93.3855 94.3638 95.6532 97.4665 99.9805 102.728 103.17 99.8114 94.0543 86.9889 77.9306 66.7671 54.9737 41.0938 32.2554 27.6544 27.1415 28.7943 27.8051 34.3563 31.0592 68.013 139.572 747.607 908.404 2336.82 3267.29
18891.6 16962.2 14370.8 11388.6 8311.04 5532.41 3373.8 1701.4 434.727 24.2607 26.0297 29.523 32.2271 38.8233 46.4439 50.4024 54.3206 58.8394 67.3788 74.5081 80.2971 81.544 81.6069 80.5801 79.519 75.0904 70.0334 66.3256 64.51 63.4275 58.7699 60.9808 62.3071 62.6263 64.6939 69.6396 72.5155 75.9224 80.2378 83.6458 86.1026 87.8133 90.0538 92.8572 96.8082 101.314 103.336 100.932 95.9354 89.3697 80.8831 70.8607 57.4005 42.1232 32.2153 26.6742 26.1464 28.1973 27.4523 34.2516 30.8502 67.7696 139.72 748.674 908.316 2337.81 3268.41
18859.9 16949.8 14374.9 11412.5 8356.8 5590.54 3445.85 1726.69 437.093 25.8949 29.1021 33.7944 37.004 42.048 47.0211 48.653 50.8194 53.2884 60.7219 67.3175 73.0526 74.7378 76.2066 76.3686 77.0071 74.3584 72.2161 71.8101 73.8055 74.8343 71.9585 75.1182 76.503 74.5315 73.6101 74.8665 73.7852 74.0431 76.3297 77.7298 78.4395 78.9717 80.5765 83.587 88.5561 93.9621 96.6162 95.0994 91.1367 85.5627 78.0721 69.5147 55.4739 39.4272 27.8197 20.3007 19.2219 22.1521 22.5538 30.66 28.9965 67.0031 139.287 750.046 908.256 2338.19 3269.03
18855.3 16965.7 14410.6 11471.7 8437.11 5677.86 3533.67 1746.03 439.399 30.0873 34.1608 39.3653 42.6823 46.801 49.5547 49.2379 48.9861 49.0155 54.541 59.8905 65.4325 67.8495 70.9676 72.3349 74.524 73.6541 74.3482 77.1762 82.4985 85.8927 85.3187 89.3463 90.6182 87.3804 84.4891 82.7653 79.4366 77.4175 77.0541 75.8233 73.4783 71.3369 71.2189 73.3869 78.5626 83.7903 86.4051 86.0222 83.4298 79.1948 73.1487 66.3874 53.501 38.9299 27.5615 19.6279 16.2604 17.7861 18.5084 26.7582 26.8668 65.8976 138.694 752.929 908.082 2337.79 3268.97
18859.4 16991.2 14452.8 11533.7 8522.99 5761.23 3580.17 1751.86 441.117 33.4381 38 43.6051 47.049 50.875 52.7122 51.2539 48.5565 45.8635 48.5055 51.9809 56.7227 59.8708 64.4383 66.9669 70.8129 71.901 75.3295 81.1039 89.4253 94.8002 96.2623 99.8165 100.531 97.0114 92.9709 89.4105 84.7461 80.9372 78.3047 74.8059 69.6747 64.8109 62.8688 63.9946 68.6314 73.9397 77.3286 78.8644 78.0418 75.2976 70.7849 65.7641 55.0374 43.5069 34.1789 28.1903 23.9186 22.3889 21.6648 27.5127 27.733 65.8501 138.684 757.865 908.237 2337.59 3269.02
18890.3 17037.9 14514.3 11613.4 8621.22 5842.98 3604.34 1753.45 441.843 34.6941 39.9278 46.0997 49.6361 53.3787 54.9487 52.6896 48.1752 43.0619 42.113 43.3244 46.8648 51.0105 56.7462 60.4496 65.9027 69.0785 75.1382 83.6219 94.5995 101.691 104.979 108.009 108.698 105.445 100.996 96.6613 91.5833 86.8633 82.709 77.6524 70.2069 62.6475 58.3554 57.5107 60.5062 66.0144 70.7759 74.0037 74.7241 73.3683 70.159 66.3702 57.8168 49.0208 41.316 36.5749 32.0805 28.5302 26.235 30.176 30.2403 66.2096 139.112 760.911 908.25 2337.58 3269.34
18938 17098.2 14592.4 11710.1 8725.23 5950.49 3700.1 1753.51 441.639 34.6796 41.139 47.575 51.1462 54.6285 56.0907 53.1053 47.3439 40.2316 35.6761 34.358 36.2607 41.5029 48.3868 53.5312 60.5059 66.0292 74.5725 85.2716 98.2512 106.734 111.607 113.957 114.575 111.703 107.363 103.209 98.3304 93.6996 89.1194 83.403 74.748 65.1011 58.4976 54.9839 55.3609 60.3646 66.2527 70.6278 72.4661 72.2254 70.0252 67.0251 59.746 52.1122 44.8871 40.3249 35.5291 29.5755 25.8673 29.0743 30.0252 64.9707 139.993 758.545 907.464 2337.78 3269.63
18972.4 17144.9 14657.1 11796 8814.95 6042 3829.84 1752.68 441.124 34.6467 41.57 47.829 51.0374 53.6881 54.9765 51.7142 45.4542 37.6287 30.6699 26.1076 25.8789 32.1321 40.4082 47.2521 55.4264 63.1898 73.6508 85.5786 99.5082 108.811 114.556 116.102 116.624 114.325 110.438 106.78 102.645 98.8329 94.5229 88.7412 79.8552 69.2085 61.1247 55.5159 53.2209 56.9828 63.3515 68.6686 71.3919 72.137 70.7989 68.3515 61.5799 54.1139 46.5538 41.3513 35.3968 27.0269 22.6551 26.5198 29.5746 63.1061 141.911 753.025 906.173 2338.68 3270.45
18973.6 17158.2 14687.6 11845.3 8871.2 6094.63 3812.61 1751.38 440.474 35.8239 41.944 47.315 49.5338 50.7706 51.9202 48.7866 42.8606 35.733 28.012 21.1271 19.4139 26.3423 35.113 42.9314 51.6258 60.7291 71.886 83.9417 97.834 107.416 113.525 114.195 114.572 112.818 109.367 106.327 103.323 100.848 97.2907 92.0574 83.9614 72.7869 63.9122 57.2311 52.9942 55.2958 61.2663 67.353 70.841 72.4385 71.9303 70.0379 63.7405 56.6188 49.1901 43.8522 37.2531 27.5195 23.2342 26.8994 30.3076 62.8373 142.639 751.191 905.54 2339.38 3271.21
18937 17134.1 14679.9 11854.8 8892.94 6118.88 3791.07 1748.97 440.028 39.464 44.301 48.5291 49.084 48.1513 48.7263 45.6354 40.7105 35.341 28.7252 23.2458 21.8475 27.9799 35.2941 42.1975 49.4992 57.8456 68.3562 79.5428 92.622 102.016 108.228 107.922 108.229 107.113 104.263 101.97 100.332 99.4301 96.9212 92.6804 85.9614 75.4374 67.3697 61.1323 56.6454 58.6538 64.1012 70.3653 74.0093 75.6302 75.185 73.5441 67.0917 59.6505 51.7884 45.6922 38.6866 28.8735 24.4732 27.8699 29.984 62.9428 141.576 750.698 904.921 2339.29 3271.82
18892.1 17105.2 14660.6 11857.6 8911.15 6145.79 3784.55 1748.05 440.518 44.4374 47.6788 50.0564 48.8261 45.4556 45.1388 42.23 39.1603 36.2016 32.0533 29.5126 29.4563 34.5906 39.9516 44.7333 49.3805 55.8479 64.72 73.9387 85.328 93.8631 99.6409 98.4175 98.9189 98.274 96.1205 94.5459 94.357 95.0024 93.5827 90.5941 85.4945 76.3207 70.0095 65.0741 61.3872 62.618 66.4499 72.0913 75.4239 76.7975 76.2153 74.7667 68.2795 60.7808 52.814 46.2945 39.197 29.354 24.6771 27.8163 28.9609 62.5862 140.457 750.32 904.121 2339.08 3272.16
18859.5 17084.2 14650.9 11868.1 8945.69 6188.24 3795.93 1749.59 441.862 48.8847 50.3665 50.5552 47.667 42.0577 41.2816 39.4489 38.8159 38.5386 37.2089 37.3033 38.6622 43.4115 47.4191 50.0815 51.9819 56.0347 62.0027 68.3395 77.2813 84.2429 89.0044 87.1983 87.8361 87.565 85.8957 85.0644 86.1617 88.1492 87.7605 85.7898 82.4507 75.0293 70.9141 67.9154 65.5749 64.3004 65.2147 69.6527 72.6452 74.1392 73.6192 72.4652 66.2352 59.0387 51.2367 44.6739 37.4234 27.6691 22.8311 25.8849 27.7327 62.0193 139.839 750.308 903.233 2339.07 3272.33
18836 17070.6 14657.9 11896.9 8993.59 6235.97 3827.05 1751.41 443.828 53.0123 52.6725 50.4647 44.9579 37.808 36.8486 36.8616 38.7633 40.7266 41.9314 44.3117 47.5848 52.9739 56.5183 58.1223 57.8092 59.8236 60.932 63.2026 68.1566 73.2786 76.8719 75.3486 76.3238 76.3628 74.8733 74.6282 76.3978 79.5204 80.0447 78.8746 77.2453 71.8533 69.3551 67.4396 65.9596 63.7726 63.5091 68.2346 71.9008 73.7324 73.2869 72.3315 66.365 59.215 51.3748 44.4 36.8591 27.752 24.0674 27.6743 29.7699 63.1333 139.204 752.837 902.328 2338.17 3271.26
18815.3 17068.5 14679 11940 9059.78 6306.68 3869.52 1753.84 446.155 56.1367 54.1495 49.3465 41.5557 33.7668 33.1533 35.0947 39.0046 42.798 46.2733 50.7466 55.9852 62.3544 65.9468 67.1956 65.6216 64.9712 62.1337 58.8968 58.6719 61.8364 64.7529 63.4669 64.9611 64.8359 63.7075 63.8217 65.8847 69.7585 70.9441 70.2312 69.9466 66.827 65.6165 64.5884 64.0809 61.7426 60.9247 65.9826 70.5572 72.7935 72.3575 71.6789 66.3645 59.2475 51.4989 44.2345 36.6269 29.0987 27.8891 32.0885 33.6452 65.6003 139.201 755.502 902.064 2337.89 3271.17
