Code/Outputs/Output_20260212_203238/2.9_30_1000_moho_depth.grd
DSAA
181 201
-5400000.0 5400000.0
-6000000.0 6000000.0
-56182.99928562456 -15997.156394094913
[rows 168 to 195 of 201, columns 0 to 63 of 181]
-28139.6 -29122.5 -28932.7 -29065.3 -29015.5 -29063.9 -29041.6 -29066.2 -29053.6 -29068.3 -29060.2 -29069.9 -29064.3 -29071.1 -29067 -29072 -29068.9 -29072.6 -29070.2 -29072.9 -29071.1 -29073.2 -29071.7 -29073.2 -29072.1 -29073.2 -29072.4 -29073.1 -29072.4 -29072.8 -29072.4 -29072.5 -29072.2 -29072.1 -29071.9 -29071.5 -29071.5 -29070.9 -29071 -29070.1 -29070.3 -29069.2 -29069.5 -29068.1 -29068.5 -29066.8 -29067.3 -29065.2 -29065.9 -29063.4 -29064.2 -29061.2 -29062 -29058.5 -29059.5 -29055.3 -29056.3 -29051.3 -29052.3 -29046.3 -29047.2 -29039.9 -29040.7 -29031.5
-28141.3 -29124.1 -28934.2 -29066.9 -29017.1 -29065.5 -29043.1 -29067.7 -29055.1 -29069.8 -29061.7 -29071.4 -29065.8 -29072.6 -29068.5 -29073.4 -29070.4 -29074 -29071.7 -29074.4 -29072.5 -29074.6 -29073.2 -29074.7 -29073.6 -29074.6 -29073.8 -29074.5 -29073.9 -29074.2 -29073.8 -29073.9 -29073.6 -29073.5 -29073.3 -29072.9 -29072.9 -29072.3 -29072.4 -29071.5 -29071.8 -29070.6 -29070.9 -29069.5 -29070 -29068.2 -29068.8 -29066.7 -29067.3 -29064.8 -29065.6 -29062.6 -29063.5 -29060 -29060.9 -29056.8 -29057.8 -29052.8 -29053.8 -29047.8 -29048.7 -29041.4 -29042.2 -29033.1
-28139.6 -29122.5 -28932.6 -29065.3 -29015.5 -29063.9 -29041.5 -29066.1 -29053.4 -29068.2 -29060.1 -29069.8 -29064.1 -29070.9 -29066.8 -29071.7 -29068.7 -29072.3 -29069.9 -29072.7 -29070.8 -29072.9 -29071.4 -29072.9 -29071.8 -29072.9 -29072 -29072.7 -29072.1 -29072.5 -29072 -29072.2 -29071.9 -29071.7 -29071.6 -29071.2 -29071.2 -29070.5 -29070.7 -29069.7 -29070 -29068.8 -29069.2 -29067.7 -29068.2 -29066.4 -29067 -29064.9 -29065.6 -29063.1 -29063.9 -29060.9 -29061.8 -29058.3 -29059.2 -29055.1 -29056.1 -29051.1 -29052.1 -29046.2 -29047.1 -29039.8 -29040.6 -29031.5
-28141.6 -29124.3 -28934.4 -29067 -29017.2 -29065.6 -29043.2 -29067.8 -29055.1 -29069.9 -29061.7 -29071.4 -29065.8 -29072.6 -29068.5 -29073.4 -29070.3 -29073.9 -29071.5 -29074.3 -29072.4 -29074.5 -29073 -29074.5 -29073.4 -29074.5 -29073.6 -29074.3 -29073.7 -29074.1 -29073.6 -29073.7 -29073.4 -29073.3 -29073.1 -29072.7 -29072.7 -29072.1 -29072.2 -29071.3 -29071.6 -29070.4 -29070.8 -29069.3 -29069.8 -29068 -29068.6 -29066.5 -29067.2 -29064.7 -29065.5 -29062.5 -29063.4 -29059.9 -29060.9 -29056.7 -29057.7 -29052.8 -29053.8 -29047.8 -29048.8 -29041.5 -29042.3 -29033.3
-28139.6 -29122.5 -28932.6 -29065.2 -29015.4 -29063.8 -29041.4 -29066 -29053.3 -29068 -29059.9 -29069.5 -29063.9 -29070.7 -29066.5 -29071.4 -29068.3 -29072 -29069.6 -29072.3 -29070.5 -29072.5 -29071 -29072.5 -29071.4 -29072.5 -29071.6 -29072.3 -29071.7 -29072.1 -29071.6 -29071.7 -29071.4 -29071.3 -29071.1 -29070.7 -29070.7 -29070.1 -29070.2 -29069.3 -29069.6 -29068.4 -29068.8 -29067.3 -29067.8 -29066 -29066.6 -29064.5 -29065.2 -29062.7 -29063.5 -29060.6 -29061.5 -29058 -29059 -29054.8 -29055.8 -29050.9 -29051.9 -29046 -29046.9 -29039.7 -29040.5 -29031.4
-28141.9 -29124.5 -28934.6 -29067.2 -29017.4 -29065.7 -29043.3 -29067.9 -29055.2 -29069.9 -29061.7 -29071.4 -29065.8 -29072.5 -29068.4 -29073.3 -29070.2 -29073.8 -29071.4 -29074.1 -29072.2 -29074.3 -29072.8 -29074.3 -29073.2 -29074.2 -29073.4 -29074.1 -29073.4 -29073.8 -29073.4 -29073.5 -29073.2 -29073 -29072.9 -29072.5 -29072.5 -29071.8 -29072 -29071.1 -29071.3 -29070.1 -29070.5 -29069.1 -29069.6 -29067.8 -29068.4 -29066.3 -29067 -29064.5 -29065.3 -29062.4 -29063.3 -29059.8 -29060.8 -29056.7 -29057.7 -29052.8 -29053.8 -29047.9 -29048.9 -29041.6 -29042.4 -29033.4
-28139.6 -29122.5 -28932.6 -29065.2 -29015.3 -29063.6 -29041.2 -29065.8 -29053 -29067.7 -29059.6 -29069.2 -29063.6 -29070.3 -29066.2 -29071.1 -29067.9 -29071.6 -29069.2 -29071.9 -29070 -29072 -29070.6 -29072 -29070.9 -29072 -29071.1 -29071.8 -29071.1 -29071.5 -29071.1 -29071.2 -29070.9 -29070.7 -29070.6 -29070.2 -29070.2 -29069.5 -29069.7 -29068.8 -29069 -29067.9 -29068.2 -29066.8 -29067.3 -29065.5 -29066.1 -29064.1 -29064.8 -29062.3 -29063.1 -29060.2 -29061.1 -29057.6 -29058.6 -29054.5 -29055.5 -29050.6 -29051.6 -29045.7 -29046.7 -29039.5 -29040.3 -29031.3
-28142.2 -29124.8 -28934.9 -29067.4 -29017.6 -29065.9 -29043.4 -29068 -29055.2 -29069.9 -29061.7 -29071.4 -29065.7 -29072.4 -29068.3 -29073.1 -29070 -29073.6 -29071.2 -29073.9 -29072 -29074 -29072.6 -29074.1 -29072.9 -29074 -29073.1 -29073.8 -29073.1 -29073.5 -29073 -29073.1 -29072.9 -29072.7 -29072.6 -29072.2 -29072.2 -29071.5 -29071.6 -29070.7 -29071 -29069.8 -29070.2 -29068.8 -29069.3 -29067.5 -29068.2 -29066.1 -29066.8 -29064.3 -29065.1 -29062.2 -29063.1 -29059.7 -29060.7 -29056.6 -29057.6 -29052.7 -29053.8 -29047.9 -29048.9 -29041.7 -29042.6 -29033.6
-28139.6 -29122.5 -28932.5 -29065.1 -29015.1 -29063.5 -29041 -29065.5 -29052.7 -29067.4 -29059.2 -29068.8 -29063.2 -29069.9 -29065.7 -29070.6 -29067.4 -29071 -29068.6 -29071.3 -29069.4 -29071.4 -29069.9 -29071.4 -29070.3 -29071.3 -29070.4 -29071.1 -29070.4 -29070.8 -29070.4 -29070.5 -29070.2 -29070 -29069.9 -29069.5 -29069.5 -29068.8 -29069 -29068.1 -29068.3 -29067.2 -29067.6 -29066.1 -29066.6 -29064.9 -29065.5 -29063.4 -29064.1 -29061.7 -29062.5 -29059.6 -29060.5 -29057.1 -29058.1 -29054 -29055.1 -29050.2 -29051.3 -29045.4 -29046.4 -29039.2 -29040.1 -29031.1
-28142.6 -29125.1 -28935.2 -29067.7 -29017.8 -29066 -29043.5 -29068 -29055.3 -29069.9 -29061.7 -29071.3 -29065.6 -29072.3 -29068.1 -29073 -29069.8 -29073.4 -29071 -29073.6 -29071.7 -29073.7 -29072.2 -29073.7 -29072.6 -29073.6 -29072.7 -29073.4 -29072.7 -29073.1 -29072.6 -29072.7 -29072.4 -29072.3 -29072.2 -29071.7 -29071.8 -29071.1 -29071.2 -29070.3 -29070.6 -29069.4 -29069.8 -29068.4 -29068.9 -29067.2 -29067.8 -29065.7 -29066.5 -29064 -29064.9 -29062 -29062.9 -29059.5 -29060.5 -29056.4 -29057.5 -29052.6 -29053.7 -29047.8 -29048.9 -29041.7 -29042.7 -29033.7
-28139.6 -29122.5 -28932.4 -29064.9 -29014.9 -29063.2 -29040.7 -29065.1 -29052.3 -29067 -29058.7 -29068.3 -29062.6 -29069.3 -29065.1 -29069.9 -29066.7 -29070.3 -29067.9 -29070.5 -29068.6 -29070.6 -29069.1 -29070.6 -29069.4 -29070.4 -29069.6 -29070.2 -29069.6 -29069.9 -29069.5 -29069.6 -29069.3 -29069.1 -29069 -29068.6 -29068.6 -29067.9 -29068.1 -29067.2 -29067.4 -29066.3 -29066.7 -29065.2 -29065.8 -29064 -29064.7 -29062.6 -29063.3 -29060.9 -29061.7 -29058.9 -29059.8 -29056.4 -29057.4 -29053.4 -29054.4 -29049.6 -29050.7 -29044.9 -29046 -29038.8 -29039.8 -29030.8
-28143.2 -29125.5 -28935.6 -29068 -29018 -29066.2 -29043.7 -29068.1 -29055.3 -29069.9 -29061.6 -29071.2 -29065.5 -29072.1 -29067.9 -29072.7 -29069.5 -29073.1 -29070.6 -29073.3 -29071.3 -29073.3 -29071.8 -29073.3 -29072.1 -29073.1 -29072.2 -29072.9 -29072.2 -29072.6 -29072.1 -29072.2 -29071.9 -29071.8 -29071.6 -29071.2 -29071.2 -29070.6 -29070.7 -29069.8 -29070.1 -29068.9 -29069.3 -29067.9 -29068.4 -29066.7 -29067.4 -29065.3 -29066.1 -29063.6 -29064.5 -29061.6 -29062.6 -29059.2 -29060.2 -29056.2 -29057.3 -29052.4 -29053.6 -29047.8 -29048.9 -29041.7 -29042.7 -29033.8
-28139.5 -29122.4 -28932.2 -29064.7 -29014.6 -29062.8 -29040.2 -29064.7 -29051.8 -29066.4 -29058.1 -29067.6 -29061.8 -29068.5 -29064.2 -29069 -29065.8 -29069.4 -29066.9 -29069.5 -29067.6 -29069.6 -29068 -29069.5 -29068.3 -29069.3 -29068.4 -29069.1 -29068.4 -29068.8 -29068.3 -29068.4 -29068.1 -29067.9 -29067.8 -29067.4 -29067.4 -29066.7 -29066.9 -29066 -29066.3 -29065.1 -29065.5 -29064.1 -29064.6 -29062.9 -29063.6 -29061.5 -29062.3 -29059.9 -29060.7 -29057.9 -29058.8 -29055.4 -29056.5 -29052.5 -29053.6 -29048.8 -29050 -29044.2 -29045.3 -29038.2 -29039.2 -29030.4
-28143.8 -29126.1 -28936 -29068.4 -29018.3 -29066.4 -29043.8 -29068.2 -29055.3 -29069.8 -29061.5 -29071 -29065.2 -29071.8 -29067.6 -29072.4 -29069.1 -29072.6 -29070.2 -29072.8 -29070.8 -29072.8 -29071.3 -29072.7 -29071.5 -29072.5 -29071.6 -29072.3 -29071.6 -29072 -29071.5 -29071.6 -29071.3 -29071.1 -29071 -29070.5 -29070.6 -29069.9 -29070.1 -29069.2 -29069.4 -29068.3 -29068.7 -29067.3 -29067.8 -29066.1 -29066.8 -29064.7 -29065.5 -29063.1 -29064 -29061.1 -29062.1 -29058.7 -29059.8 -29055.8 -29056.9 -29052.2 -29053.4 -29047.6 -29048.7 -29041.7 -29042.7 -29033.9
-28139.4 -29122.2 -28931.9 -29064.3 -29014.2 -29062.3 -29039.6 -29063.9 -29051 -29065.5 -29057.1 -29066.6 -29060.8 -29067.4 -29063.1 -29067.8 -29064.6 -29068.1 -29065.6 -29068.2 -29066.2 -29068.2 -29066.6 -29068.1 -29066.9 -29067.9 -29066.9 -29067.6 -29066.9 -29067.3 -29066.8 -29066.9 -29066.6 -29066.4 -29066.2 -29065.8 -29065.8 -29065.2 -29065.4 -29064.5 -29064.7 -29063.6 -29064 -29062.6 -29063.2 -29061.4 -29062.1 -29060.1 -29060.9 -29058.5 -29059.3 -29056.5 -29057.5 -29054.2 -29055.2 -29051.3 -29052.4 -29047.7 -29048.9 -29043.2 -29044.3 -29037.3 -29038.4 -29029.6
-28144.7 -29126.7 -28936.6 -29068.8 -29018.7 -29066.7 -29044 -29068.3 -29055.3 -29069.7 -29061.4 -29070.8 -29064.9 -29071.5 -29067.2 -29071.9 -29068.6 -29072.1 -29069.6 -29072.1 -29070.2 -29072.1 -29070.5 -29072 -29070.7 -29071.7 -29070.8 -29071.5 -29070.8 -29071.1 -29070.6 -29070.7 -29070.4 -29070.2 -29070.1 -29069.7 -29069.7 -29069 -29069.2 -29068.3 -29068.6 -29067.5 -29067.9 -29066.5 -29067 -29065.3 -29066 -29064 -29064.8 -29062.4 -29063.3 -29060.5 -29061.5 -29058.1 -29059.2 -29055.3 -29056.5 -29051.8 -29053 -29047.3 -29048.5 -29041.5 -29042.6 -29033.9
-28139.1 -29122 -28931.5 -29063.8 -29013.5 -29061.5 -29038.7 -29062.9 -29049.9 -29064.3 -29055.8 -29065.2 -29059.3 -29065.8 -29061.5 -29066.2 -29062.9 -29066.3 -29063.8 -29066.4 -29064.4 -29066.3 -29064.7 -29066.1 -29064.9 -29065.9 -29064.9 -29065.6 -29064.9 -29065.2 -29064.7 -29064.8 -29064.5 -29064.3 -29064.2 -29063.8 -29063.8 -29063.1 -29063.3 -29062.4 -29062.7 -29061.6 -29062 -29060.6 -29061.1 -29059.5 -29060.1 -29058.1 -29058.9 -29056.5 -29057.5 -29054.7 -29055.7 -29052.4 -29053.5 -29049.6 -29050.8 -29046.1 -29047.4 -29041.7 -29043 -29036 -29037.2 -29028.5
-28145.9 -29127.6 -28937.4 -29069.4 -29019.1 -29067 -29044.1 -29068.3 -29055.2 -29069.6 -29061.1 -29070.4 -29064.5 -29070.9 -29066.6 -29071.2 -29067.9 -29071.3 -29068.7 -29071.3 -29069.3 -29071.2 -29069.6 -29071 -29069.7 -29070.7 -29069.8 -29070.4 -29069.7 -29070 -29069.5 -29069.6 -29069.3 -29069.1 -29069 -29068.6 -29068.6 -29067.9 -29068.1 -29067.2 -29067.5 -29066.4 -29066.8 -29065.4 -29066 -29064.3 -29065 -29063 -29063.8 -29061.4 -29062.4 -29059.6 -29060.6 -29057.3 -29058.5 -29054.6 -29055.8 -29051.1 -29052.4 -29046.8 -29048.1 -29041.2 -29042.4 -29033.8
-28138.7 -29121.5 -28930.8 -29062.9 -29012.4 -29060.3 -29037.3 -29061.4 -29048.2 -29062.5 -29053.9 -29063.2 -29057.2 -29063.6 -29059.2 -29063.8 -29060.5 -29063.9 -29061.3 -29063.8 -29061.8 -29063.6 -29062 -29063.4 -29062.2 -29063.1 -29062.2 -29062.8 -29062.1 -29062.4 -29061.9 -29062 -29061.7 -29061.5 -29061.3 -29060.9 -29060.9 -29060.3 -29060.5 -29059.6 -29059.9 -29058.8 -29059.2 -29057.8 -29058.4 -29056.7 -29057.4 -29055.4 -29056.2 -29053.9 -29054.8 -29052.1 -29053.1 -29049.9 -29051 -29047.2 -29048.4 -29043.8 -29045.1 -29039.5 -29040.9 -29034 -29035.3 -29026.7
-28147.5 -29128.8 -28938.4 -29070.2 -29019.7 -29067.4 -29044.3 -29068.3 -29055.1 -29069.3 -29060.6 -29069.9 -29063.8 -29070.2 -29065.7 -29070.3 -29066.9 -29070.3 -29067.6 -29070.1 -29068.1 -29069.9 -29068.3 -29069.7 -29068.4 -29069.4 -29068.4 -29069 -29068.3 -29068.6 -29068.1 -29068.2 -29067.8 -29067.7 -29067.5 -29067.1 -29067.1 -29066.5 -29066.6 -29065.8 -29066.1 -29064.9 -29065.4 -29064 -29064.6 -29062.9 -29063.6 -29061.6 -29062.5 -29060.2 -29061.1 -29058.4 -29059.4 -29056.2 -29057.4 -29053.5 -29054.8 -29050.2 -29051.6 -29046.1 -29047.5 -29040.7 -29042 -29033.5
-28138 -29120.6 -28929.6 -29061.4 -29010.7 -29058.3 -29035.1 -29059 -29045.6 -29059.7 -29051 -29060.2 -29054.1 -29060.4 -29055.9 -29060.4 -29057 -29060.3 -29057.6 -29060.1 -29058 -29059.8 -29058.2 -29059.5 -29058.3 -29059.2 -29058.2 -29058.8 -29058.1 -29058.4 -29057.9 -29058 -29057.6 -29057.5 -29057.3 -29056.9 -29056.9 -29056.3 -29056.4 -29055.6 -29055.9 -29054.7 -29055.2 -29053.8 -29054.4 -29052.8 -29053.5 -29051.5 -29052.4 -29050 -29051 -29048.3 -29049.4 -29046.2 -29047.4 -29043.6 -29044.9 -29040.3 -29041.8 -29036.2 -29037.7 -29030.9 -29032.3 -29023.9
-28149.9 -29130.6 -28939.9 -29071.3 -29020.5 -29067.8 -29044.5 -29068.2 -29054.8 -29068.8 -29060 -29069 -29062.9 -29069.1 -29064.5 -29069 -29065.5 -29068.8 -29066.1 -29068.6 -29066.5 -29068.3 -29066.6 -29067.9 -29066.6 -29067.6 -29066.6 -29067.2 -29066.4 -29066.7 -29066.2 -29066.3 -29065.9 -29065.8 -29065.6 -29065.2 -29065.2 -29064.6 -29064.7 -29063.9 -29064.2 -29063.1 -29063.5 -29062.2 -29062.7 -29061.1 -29061.8 -29059.9 -29060.7 -29058.4 -29059.4 -29056.7 -29057.9 -29054.7 -29055.9 -29052.1 -29053.5 -29049 -29050.4 -29044.9 -29046.4 -29039.8 -29041.2 -29032.9
-28136.6 -29119.1 -28927.5 -29058.9 -29007.8 -29055 -29031.4 -29055.1 -29041.4 -29055.3 -29046.4 -29055.3 -29049.1 -29055.2 -29050.6 -29055 -29051.5 -29054.8 -29052 -29054.4 -29052.3 -29054.1 -29052.4 -29053.7 -29052.4 -29053.3 -29052.3 -29052.9 -29052.1 -29052.4 -29051.9 -29052 -29051.6 -29051.4 -29051.3 -29050.9 -29050.9 -29050.2 -29050.4 -29049.5 -29049.9 -29048.8 -29049.2 -29047.9 -29048.5 -29046.8 -29047.6 -29045.6 -29046.5 -29044.2 -29045.2 -29042.5 -29043.7 -29040.5 -29041.8 -29038 -29039.4 -29035 -29036.5 -29031.1 -29032.6 -29026 -29027.5 -29019.3
-28153.6 -29133.3 -28942.1 -29072.9 -29021.6 -29068.5 -29044.7 -29068.1 -29054.3 -29068 -29059 -29067.8 -29061.5 -29067.6 -29062.9 -29067.2 -29063.7 -29066.8 -29064.1 -29066.4 -29064.3 -29066 -29064.3 -29065.6 -29064.3 -29065.2 -29064.2 -29064.7 -29064 -29064.3 -29063.7 -29063.8 -29063.5 -29063.3 -29063.1 -29062.7 -29062.7 -29062.1 -29062.2 -29061.4 -29061.7 -29060.6 -29061.1 -29059.7 -29060.3 -29058.7 -29059.5 -29057.5 -29058.4 -29056.1 -29057.2 -29054.5 -29055.7 -29052.5 -29053.9 -29050.1 -29051.6 -29047.1 -29048.7 -29043.3 -29044.9 -29038.4 -29040 -29031.8
-28133.8 -29116 -28923.5 -29054.2 -29002.3 -29049 -29024.9 -29048.1 -29034 -29047.6 -29038.4 -29047.1 -29040.6 -29046.6 -29041.8 -29046.1 -29042.5 -29045.7 -29042.8 -29045.2 -29043 -29044.7 -29043 -29044.3 -29042.9 -29043.8 -29042.8 -29043.3 -29042.5 -29042.8 -29042.3 -29042.3 -29042 -29041.8 -29041.6 -29041.2 -29041.2 -29040.6 -29040.8 -29039.9 -29040.2 -29039.1 -29039.6 -29038.3 -29038.9 -29037.3 -29038 -29036.1 -29037 -29034.8 -29035.8 -29033.2 -29034.4 -29031.3 -29032.6 -29028.9 -29030.4 -29026 -29027.6 -29022.3 -29024 -29017.5 -29019.2 -29011.1
-28160.3 -29138 -28945.9 -29075.5 -29023.4 -29069.4 -29045.1 -29067.9 -29053.7 -29067 -29057.6 -29066.2 -29059.6 -29065.5 -29060.6 -29064.8 -29061.2 -29064.2 -29061.4 -29063.7 -29061.5 -29063.2 -29061.4 -29062.6 -29061.3 -29062.1 -29061.1 -29061.6 -29060.9 -29061.1 -29060.6 -29060.6 -29060.3 -29060.1 -29059.9 -29059.5 -29059.5 -29058.9 -29059.1 -29058.2 -29058.5 -29057.4 -29057.9 -29056.6 -29057.2 -29055.6 -29056.4 -29054.5 -29055.4 -29053.2 -29054.3 -29051.6 -29052.9 -29049.8 -29051.1 -29047.5 -29049 -29044.7 -29046.3 -29041.1 -29042.8 -29036.4 -29038.2 -29030.2
-28127.5 -29109.1 -28914.6 -29044.1 -28990.9 -29036.6 -29011.6 -29034.1 -29019.5 -29032.6 -29023 -29031.5 -29024.7 -29030.5 -29025.6 -29029.7 -29025.9 -29029 -29026.1 -29028.3 -29026.1 -29027.7 -29026 -29027.2 -29025.8 -29026.6 -29025.6 -29026.1 -29025.3 -29025.6 -29025 -29025.1 -29024.7 -29024.5 -29024.3 -29023.9 -29023.9 -29023.3 -29023.5 -29022.6 -29023 -29021.9 -29022.4 -29021 -29021.7 -29020.1 -29020.9 -29019 -29019.9 -29017.7 -29018.8 -29016.2 -29017.5 -29014.4 -29015.8 -29012.2 -29013.8 -29009.5 -29011.2 -29006 -29007.8 -29001.5 -29003.4 -28995.5
-28174.2 -29147.4 -28953.4 -29080.8 -29027.1 -29071.7 -29046.4 -29068.3 -29053.4 -29066.1 -29056.4 -29064.6 -29057.7 -29063.4 -29058.3 -29062.4 -29058.6 -29061.5 -29058.6 -29060.8 -29058.5 -29060.1 -29058.3 -29059.5 -29058.1 -29058.9 -29057.8 -29058.4 -29057.6 -29057.8 -29057.3 -29057.3 -29056.9 -29056.7 -29056.5 -29056.1 -29056.1 -29055.5 -29055.7 -29054.8 -29055.2 -29054.1 -29054.6 -29053.3 -29053.9 -29052.3 -29053.1 -29051.3 -29052.2 -29050 -29051.2 -29048.6 -29049.9 -29046.8 -29048.3 -29044.7 -29046.3 -29042 -29043.8 -29038.7 -29040.6 -29034.4 -29036.3 -29028.6
