Code/Outputs/Output_20260212_203238/2.9_30_1000_rms_map_shift_100km.grd
DSAA
165 185
-4920000.0 4920000.0
-5520000.0 5520000.0
3.3204588634398595 25172.96061607338
[rows 30 to 59 of 185, columns 0 to 66 of 165]
18801.6 17074.6 14710.8 11992.1 9152.91 6423.54 3905.36 1756.35 448.458 58.1904 54.5354 48.0982 39.5731 31.8577 31.9315 35.0606 40.0817 45.3406 50.5968 56.4667 62.9756 70.0331 73.8676 75.2038 73.5762 70.7539 64.9079 56.9676 52.9964 55.2139 57.9817 56.6389 57.6734 56.8978 54.9433 54.5699 56.7387 60.6312 61.741 61.0038 61.5159 60.0359 59.8847 59.9702 60.9801 58.8626 57.8597 62.9672 67.7995 70.1162 69.4582 69.234 65.2988 58.4047 51.2488 44.4045 37.2509 31.8139 32.7948 37.1637 37.1917 68.332 138.913 756.349 902.724 2338.97 3273.12
18795.7 17083.2 14738.8 12044.6 9234.66 6525.11 3924.87 1758.49 450.517 59.9648 55.4523 48.9253 40.3873 33.3842 34.1607 37.6837 42.7417 48.1554 53.4391 59.0505 65.1094 71.5642 74.9183 76.0994 74.3647 69.7733 61.9087 52.6127 48.8851 52.2376 55.3045 55.3097 56.2473 54.4571 51.4067 49.7149 50.436 53.4825 54.2296 52.8068 53.2831 52.264 52.7664 53.6669 55.8679 54.4445 53.8874 59.4773 64.811 67.1144 66.173 66.1697 63.8579 58.0844 52.4593 47.0108 40.9838 37.194 38.8238 42.851 40.9429 71.4179 138.566 758.679 903.577 2339.28 3273.98
18802.2 17095.6 14761.4 12087.5 9293.45 6589.99 3933.39 1759.74 450.911 59.8289 55.3545 49.0779 41.1061 34.7605 35.9542 39.638 44.3934 49.7593 54.9654 60.2925 65.8584 71.6859 74.71 75.9355 73.7856 68.5471 60.9406 52.2517 49.5732 53.1573 55.404 56.4844 56.5963 54.0215 49.7372 46.5325 44.6733 45.8027 46.2571 44.2797 44.2623 43.1907 43.835 45.3359 48.8109 48.4721 48.9308 55.1515 60.9646 63.2876 62.0277 61.194 60.3443 56.3833 52.6405 48.7083 43.9964 41.0217 42.5137 46.2346 43.3282 73.2936 138.109 761.053 903.83 2338.65 3273.29
18814.1 17103.2 14771 12104.8 9315.21 6606.7 3934.34 1759.26 449.567 58.2727 54.1808 48.4644 40.5702 34.2197 35.0222 38.1773 42.2955 47.9595 53.989 59.8127 65.7869 71.6768 74.9236 76.6483 74.5263 69.7332 63.2219 55.3609 52.5409 55.4486 56.3617 57.1693 56.5326 53.1921 48.1301 43.64 38.9618 37.8844 37.8763 35.8376 35.1706 33.4916 33.7062 35.5552 40.3668 42.0921 44.1756 51.1678 57.2911 59.5762 58.1359 55.971 56.2441 54.319 52.6504 49.8019 46.1125 44.1007 45.6175 48.9087 46.0687 74.7904 138.085 762.943 903.496 2336.69 3270.62
18785.6 17064.7 14727.6 12060 9271.82 6568.91 3926.49 1757.43 447.749 58.2195 54.8715 49.6876 41.283 34.0389 33.1211 34.1337 36.3357 41.2752 47.6928 54.0959 61.393 68.596 73.1957 76.1227 74.9469 71.6961 66.8846 60.1519 57.1174 58.9822 59.1606 59.7148 57.9493 53.5292 47.4481 41.8872 36.0017 33.8553 32.8098 30.6309 29.1135 26.5135 26.1844 28.2903 34.549 39.1351 43.1004 51.8584 58.2862 60.8991 60.011 58.363 59.7543 58.9624 59.7583 57.2675 54.3431 53.8483 55.4275 57.5637 53.297 79.1081 138.16 764.847 903.793 2334.95 3268.16
18712.9 16977.5 14631.1 11955.3 9165.66 6479.62 3908.33 1755.31 446.511 59.7847 57.8853 53.2691 44.2437 35.7135 31.2461 29.185 28.3727 32.1861 39.1917 46.3576 55.5885 64.8915 71.494 75.6538 75.6734 74.0767 70.8533 65.3928 62.1729 62.9169 62.2349 62.2585 59.2547 54.3273 47.9462 42.026 36.2128 33.7855 32.5735 30.2233 28.0698 24.13 21.8586 23.4246 30.5413 39.251 45.7718 55.2441 61.1225 63.5683 63.2062 62.7816 65.2107 65.0296 67.0875 65.1271 63.4002 63.9727 65.5639 66.5337 60.2222 83.1058 138.336 766.415 905.577 2333.08 3265.32
18632.8 16880.2 14523.6 11836.1 9037.49 6377 3890 1753.66 445.995 63.1328 62.9913 60.0798 51.0869 41.1581 33.0747 27.3571 23.1711 25.001 31.4186 38.5817 49.2766 60.2564 68.6126 73.9372 75.1569 75.4013 74.207 70.6341 67.6944 67.5368 66.1439 65.6063 62.5382 58.2634 52.6736 47.8399 43.7726 42.2835 42.3482 40.8598 39.4006 35.2291 31.0377 30.0063 34.0263 44.9948 53.4541 60.5407 64.2367 66.025 66.1484 67.0995 70.3451 70.3449 73.2152 71.9175 70.8744 72.1153 73.4985 73.8671 66.2805 86.8121 138.862 768.149 908.235 2330.82 3261.81
18563 16793.9 14421.9 11717.3 8906.54 6268.09 3877.7 1752.77 445.85 67.1143 69.3985 68.8645 60.798 50.1074 40.1304 31.8802 26.581 25.4108 28.4672 33.5298 43.7835 55.3404 64.4442 70.5967 72.8462 74.8582 75.6223 73.7188 70.9699 70.0488 68.1696 67.6298 65.39 62.1439 57.9578 54.8988 52.5004 52.9242 54.7367 53.2837 52.3798 49.6777 47.0086 44.7282 45.4806 54.8466 63.104 66.6692 67.8932 68.8971 68.8136 70.7964 74.6811 74.8209 78.1138 77.0133 76.1768 77.5898 78.1563 77.8962 69.1745 88.9856 139.031 769.436 909.499 2328.85 3258.08
18476.1 16696.4 14309.9 11589.8 8773.18 6152.02 3879.33 1753.04 446.642 71.823 74.1334 74.7052 66.9982 55.9712 45.0844 35.6757 30.9769 29.1089 29.9877 33.0901 40.9167 52.0204 60.9318 67.2947 70.1472 73.0233 75.021 74.0642 71.2399 69.3874 67.4278 66.9419 65.3222 63.4135 60.8624 59.9825 60.1696 61.3972 64.0211 63.1355 63.6115 62.26 60.2611 58.5012 58.0699 65.4173 70.9 72.2568 71.3597 70.7138 70.4001 73.2601 77.9975 77.8115 81.2583 80.4129 79.7042 80.955 80.4943 78.9544 69.3822 88.9759 138.936 770.922 910.323 2323.5 3248.47
18399.5 16611.6 14212.9 11475.2 8653.41 6041.21 3887.65 1753.78 447.583 75.4384 77.4587 78.8897 72.5762 62.883 52.1311 42.8609 39.1039 36.9343 36.1874 35.5113 38.9407 47.9597 56.1712 62.2599 66.0341 70.146 73.5115 73.8406 72.0732 70.3051 68.2895 67.2701 65.2421 64.2162 63.1257 64.3911 66.8319 68.798 71.5278 71.1384 72.2756 71.3076 69.5024 67.8813 66.1408 71.2375 75.2657 75.1176 72.6435 70.7288 70.1864 73.6946 79.136 78.9207 82.336 81.54 81.0024 82.1277 81.2205 78.9942 69.6271 88.9596 139.139 772.189 910.86 2316.07 3228.72
18347.2 16552 14140.4 11384.4 8559.77 5962.8 3894.38 1754.48 448.51 77.576 79.3537 81.3498 76.5793 68.0081 57.7395 49.8776 47.5029 45.7518 43.69 39.0928 39.0812 45.6084 53.014 59.3906 64.3856 69.0032 73.6605 75.459 75.0016 73.7005 71.6644 69.8163 66.6765 65.1715 64.4236 66.9495 70.5236 72.9764 75.4998 75.0653 76.2021 75.9213 74.1162 71.899 68.3254 71.4751 74.9457 73.708 70.357 67.8528 67.4197 71.419 77.2782 77.0952 80.0911 79.2174 78.7308 79.8755 78.8671 76.7539 68.3556 88.2404 139.124 772.56 911.216 2310.42 3210.33
18332.2 16528.4 14104.6 11337 8517.57 5935.13 3894.85 1754.72 448.924 77.7165 79.7058 82.5537 77.6367 69.1242 59.5 53.2519 52.4651 51.1256 48.2788 42.8474 41.4539 46.1544 53.1627 59.8852 64.8293 70.0138 75.4425 77.1847 77.6769 76.9331 75.1269 73.044 69.3024 67.0258 65.5101 67.6623 71.4826 74.0547 76.4129 75.989 77.258 77.0505 74.9349 72.3505 67.5125 69.7642 72.8934 71.1454 67.6318 65.3486 65.0266 69.4337 74.8813 74.2842 76.4774 75.8653 75.1895 75.6756 74.2918 72.1265 64.2821 85.7791 138.61 772.285 911.525 2309.89 3199.34
18323.7 16517.5 14091.9 11318.9 8500.52 5935.28 3897.64 1754.81 448.565 76.5931 78.9137 82.464 77.1423 68.6427 59.9888 55.082 55.8183 55.2223 52.3081 47.0956 43.8872 46.7186 53.838 61.2534 67.729 74.7613 80.7279 82.3865 83.2768 82.9158 81.0009 78.3901 73.5981 70.0884 66.879 67.7558 71.158 73.7431 75.9387 75.4493 76.9432 76.9446 74.8824 72.0825 66.7493 68.5951 71.4487 70.0078 66.6516 64.0245 63.634 68.7593 74.026 73.1217 74.6477 74.4311 73.3204 72.4563 70.2418 67.7278 59.5403 82.7566 137.875 771.445 911.564 2311.02 3192.27
18355.5 16547.8 14120.8 11345 8521.42 5996.56 3903.53 1754.93 447.754 73.7407 76.1802 79.9831 74.9988 66.8804 59.5774 55.7912 57.7378 57.8174 55.2307 50.281 46.5651 49.033 56.9244 64.0934 70.2585 78.7338 85.2962 87.2546 89.3576 89.6065 87.7406 84.6566 78.8179 73.5046 68.0243 66.6468 68.7222 71.0048 72.9953 72.445 73.7704 74.0605 72.3659 69.8484 64.6634 65.1475 67.0755 65.8139 62.8204 61.0394 61.2274 66.8913 72.7537 72.0449 72.59 71.764 71.0207 70.1706 67.3502 64.486 55.6307 80.902 136.991 771.172 911.822 2307.32 3176.03
18370.8 16563.3 14136 11359.2 8536.71 6027.69 3902.56 1753.97 446.364 72.6422 75.0486 78.7883 73.8565 65.6792 59.0424 55.8467 58.0224 58.2361 55.8899 51.0945 47.4091 49.8886 56.7468 63.0584 68.4205 76.1402 82.8052 85.0337 87.9325 89.2143 88.3145 85.4687 80.2798 74.9719 69.281 67.4642 68.4028 70.1306 70.5294 68.2127 68.1882 67.5663 65.58 63.1776 57.7269 57.1059 58.8935 58.656 56.1173 54.2276 53.8294 58.6602 63.517 61.9267 62.6697 62.4547 62.4801 61.3735 58.0687 55.7218 47.1733 76.7233 135.453 770.541 911.716 2302.57 3101.48
18388.5 16578.7 14156.9 11368.4 8547.33 6034.29 3895.25 1752.67 445.284 73.7809 76.2519 79.7416 74.6058 66.4259 60.0777 56.9861 58.5501 58.4454 55.803 51.3676 47.717 49.8883 55.3462 61.3904 65.5232 71.8914 78.102 79.7206 83.3819 86.5216 87.5374 86.6773 82.972 79.1993 75.2024 74.1092 74.0344 73.6204 69.7222 64.4196 60.925 57.5996 54.4248 51.4245 45.6705 44.5164 46.6308 47.3884 46.4814 44.931 44.2429 47.1807 49.9342 49.3118 51.4795 52.1928 52.9188 52.132 49.3767 48.6249 42.2919 75.4003 135.689 770.998 911.896 2294.88 3070.88
18429.5 16615.2 14187.5 11386.5 8548.21 6013.84 3881.74 1751.03 444.823 78.2599 80.2795 83.3214 77.6828 69.2653 63.053 60.0526 60.7997 59.9087 56.8546 52.5451 49.1223 50.8832 55.8322 61.9449 65.8495 71.7734 77.4713 78.2328 82.921 88.325 91.5387 93.5074 92.4481 90.2592 87.934 86.9303 85.2507 81.5316 73.099 64.4502 56.0684 49.695 45.2639 42.9336 38.5708 37.0196 39.2123 40.5345 40.7193 40.1481 39.5049 40.9017 41.3584 41.5713 44.2388 45.2926 46.6523 46.5957 45.1665 46.064 43.7238 77.3887 137.971 772.534 912.67 2289.69 3073.5
18493.7 16674.1 14241.3 11432.4 8579.89 6023.51 3873.03 1749.41 445.001 85.4034 86.6917 89.4857 84.2823 77.0122 71.0732 68.9195 68.7205 66.7785 63.2134 58.4975 54.5787 56.5507 61.6268 68.3323 72.9168 79.2462 84.0477 83.1318 87.5288 94.2049 99.2165 103.195 104.176 103.668 101.994 100.781 98.4461 92.4257 79.0606 66.6203 54.2466 44.8795 40.3291 39.0765 36.9916 36.395 38.6043 39.9041 40.1465 39.2968 38.4164 39.1839 38.3682 37.6808 39.2434 40.1026 41.3911 41.6571 40.7314 43.2041 44.5472 79.9284 140.596 773.49 913.644 2298.95 3115.94
18577.4 16749.4 14306.3 11486.3 8628.03 6054.22 3874.84 1748.45 445.784 92.4836 93.3069 96.39 92.2997 86.6318 80.7098 79.0613 78.1672 75.1405 71.4053 65.2843 59.6127 61.64 66.8603 73.8651 79.0234 85.7397 89.3429 86.3243 88.9027 95.5561 101.417 106.227 108.094 108.473 107.16 106.487 105.135 99.3769 82.8522 68.2886 54.018 43.8723 39.5919 39.8696 40.0048 39.6729 41.2979 41.0422 40.3724 38.2171 36.3851 35.9744 33.3761 31.3077 31.5617 32.0971 33.227 33.8261 33.0658 38.3346 43.2796 81.3582 142.851 773.92 914.824 2309.9 3154.03
18706 16867.5 14411.6 11584.4 8726.85 6162.51 3888.64 1748.65 447.331 100.658 101.036 104.697 101.531 97.2359 91.123 89.3623 88.1463 84.6494 80.5753 72.56 64.9352 66.4528 71.5379 78.3668 82.9224 88.6324 91.4855 87.7973 89.516 95.3124 100.484 104.138 104.819 104.114 102.102 101.627 101.474 96.5712 80.7762 65.4334 52.8568 44.6302 41.7215 43.932 44.7779 43.7486 44.2301 41.9859 40.0357 36.1113 33.3284 31.4586 27.1762 23.6896 23.4673 24.3509 26.1118 27.9257 29.4471 39.1888 46.6835 85.037 146.308 775.149 916.395 2318.75 3196.9
18862 17024.4 14566.5 11740.2 8886.5 6331.04 3908.26 1750.77 450.369 107.23 107.222 111.459 109.16 106.435 100.369 97.7329 95.3016 89.9125 83.8507 73.9448 65.1783 66.881 72.3763 79.6771 84.4415 89.776 91.9882 87.8177 88.3634 92.9552 97.3651 100.295 100.268 99.062 96.761 96.5969 97.4364 93.6469 79.4003 65.6173 55.6297 50.1723 48.6008 51.4242 52.724 49.9222 48.4256 44.2459 40.6284 34.7412 29.9071 25.6987 19.436 15.6196 15.0873 17.2973 19.6915 23.6732 27.1531 39.5012 49.546 87.2878 149.658 776.191 917.946 2323.68 3219.48
19054.9 17224.7 14769.4 11946.4 9094.36 6544.02 3928.39 1753.74 453.178 112.34 111.827 116.548 115.018 113.439 106.874 102.648 98.6619 91.4313 83.8183 72.4177 63.0429 65.0184 71.7741 81.0268 87.0645 91.9386 93.2899 87.9723 86.6419 89.7468 93.3457 95.4504 94.673 92.9412 90.5876 91.1612 93.1934 90.3935 77.4783 65.794 59.2146 57.0227 56.8649 59.0682 59.9221 55.982 53.1208 47.6392 42.4943 35.4013 29.1821 23.2188 17.3064 16.3269 17.3813 21.3776 23.8577 28.5201 32.1072 44.1858 53.9655 89.9082 152.657 776.544 918.96 2327.39 3233.98
19277.9 17446.1 14975.4 12133 9267.39 6804.17 3936.4 1755.06 454.4 114.821 113.775 118.496 117.375 116.435 109.236 103.824 98.9719 91.1805 83.343 71.604 62.2068 64.2737 73.3198 85.6122 93.7873 98.5335 98.2065 91.3973 87.7027 88.34 90.3964 90.8219 88.4577 85.5281 83.0396 84.7541 87.2044 84.8809 73.4025 64.3397 61.4636 62.354 63.7898 65.1884 65.1243 60.2628 56.7786 50.2535 43.8464 36.7543 30.3627 23.8781 18.9113 19.5404 21.9263 26.9249 30.372 35.188 38.8104 50.1439 58.9921 93.1236 155.29 776.399 919.688 2329.81 3245.2
19462.5 17619.6 15130.8 12262.3 9371.75 6846.31 3939.84 1755.55 454.289 114.051 112.291 116.217 115.358 114.886 107.761 102.452 98.3797 91.7642 84.8897 74.5534 66.255 68.7046 80.1183 95.1425 105.721 109.873 108.508 100.883 94.1159 91.4283 91.3138 89.1044 84.2241 79.7121 76.4774 77.8297 79.8806 76.7328 66.6641 61.0313 62.6396 67.0503 70.1123 70.3293 69.0955 63.2931 59.5149 52.3295 45.0645 38.6208 32.8476 27.4962 24.5305 25.8076 28.9003 34.1356 38.0753 42.8415 46.4721 56.4131 63.7718 95.4688 157.278 776.182 920.317 2330.95 3251.46
19622.2 17768.3 15264.6 12374.5 9458.3 6870.56 3941.28 1755.43 453.28 109.55 107.314 111.085 110.652 110.923 105.045 101.263 98.583 93.4413 88.3679 80.0202 73.5824 76.7248 89.4721 105.672 116.546 120.086 117.235 108.454 99.1092 93.8767 90.172 86.0916 79.5495 73.2375 68.2818 67.5463 67.6875 64.7929 57.2869 56.3431 63.0901 71.2236 75.379 74.3707 72.0627 65.9595 61.2868 54.0738 46.1073 40.043 34.8615 30.9206 29.7453 31.6716 35.5871 41.5425 45.6683 50.2501 53.9307 62.4909 68.6629 98.5969 159.126 776.305 921.107 2332.36 3253.48
19761.5 17898.6 15384 12482.5 9547.38 6881.75 3942.17 1755.93 452.379 102.006 100.151 104.019 103.142 103.987 99.3608 97.5519 96.153 92.9753 89.9747 84.7721 81.1442 85.5203 98.0436 112.747 122.937 126.261 122.266 111.955 100.733 93.358 87.859 82.1804 74.5375 66.163 58.9621 54.729 52.8599 50.6779 47.1532 51.8109 63.4291 74.5839 79.2606 77.1199 73.8837 67.8335 62.3599 55.4031 46.9597 40.7104 35.9578 33.131 33.3096 35.8829 40.6399 47.3312 51.7443 56.5467 60.5827 68.4516 74.3856 103.479 161.599 777.046 922.398 2333.77 3254.96
19892.2 18021 15495.2 12578.6 9615.02 6887.44 3942.87 1756.33 450.744 91.2273 90.4717 94.438 92.6281 94.4104 91.76 91.7571 92.9759 92.6341 92.2668 90.6856 89.3978 94.5691 106.402 119.601 129.405 132.725 127.733 116.057 103.235 94.2698 87.8834 81.3534 72.7488 63.2814 54.6637 47.773 43.4846 40.5586 40.3091 49.3694 63.8551 76.5896 81.2885 78.4254 74.7184 69.0553 63.244 56.63 47.9951 41.3334 36.9571 35.0144 35.73 38.6602 43.9934 51.2978 56.1625 61.3271 65.8908 73.3131 79.2849 107.506 163.514 777.983 923.596 2334.37 3255.43
20012.2 18132 15590.9 12649.2 9645.84 6897.15 3944.03 1756.79 449.219 79.498 79.2703 81.6022 81.1226 86.1801 87.7286 90.8542 95.5799 97.5685 99.9632 100.034 99.1283 104.084 113.772 125.384 133.668 136.093 130.218 117.626 103.666 94.0063 87.2509 80.6072 72.2546 63.0202 54.313 46.7408 39.429 33.7963 35.3069 46.4075 62.2583 75.6868 80.5093 77.4471 74.1502 69.1225 63.5414 57.5726 49.6547 43.9 40.4345 39.1373 39.9219 42.5933 47.5994 54.8683 59.9575 65.3662 70.1325 77.0533 82.7879 110.099 164.522 778.914 924.583 2334.54 3255.48
20107.9 18214.5 15655.4 12688.9 9653.32 6899.74 3944.71 1757.22 448.36 70.1721 70.0055 70.5997 71.9776 81.4496 87.4022 94.0987 100.28 103.72 107.747 108.337 108.056 112.681 120.301 129.803 136.53 138.365 131.642 117.986 103.233 93.7991 87.658 82.0428 74.8591 66.1892 58.1491 50.4028 40.5249 31.5199 31.3151 42.8833 59.1375 72.7274 77.5725 74.9788 71.046 66.4111 60.9576 56.012 49.4095 45.1205 43.5194 43.5977 45.0875 48.5499 54.0699 61.3476 66.2814 71.3347 75.4758 80.9163 86.0877 112.8 165.61 780.148 925.706 2334.28 3253.91
20131.2 18233 15656.9 12674.1 9615.41 6763.61 3944.8 1757.48 448.634 68.2093 68.7755 69.6161 72.9388 84.3144 93.1113 101.339 107.643 111.434 115.533 115.824 114.607 117.622 122.776 130.084 135.287 137.321 130.638 116.655 102.421 94.3894 90.345 86.9013 81.0516 73.5362 66.9948 59.4486 48.0371 36.4569 32.5047 41.1505 54.7856 67.6511 72.0204 69.438 65.8292 61.5951 56.2628 52.1554 47.0277 45.5986 47.3887 48.9053 51.0154 55.7437 61.3583 68.3592 73.2794 78.007 81.3582 85.2961 89.8736 115.715 167.173 781.099 926.686 2334.25 3252.27
