Code/Outputs/Output_20260212_203238/2.9_30_1000_moho_depth.grd
DSAA
181 201
-5400000.0 5400000.0
-6000000.0 6000000.0
-56182.99928562456 -15997.156394094913
[rows 168 to 195 of 201, columns 64 to 127 of 181]
-29032 -29020.4 -29020.1 -29004.7 -29003.1 -28981.8 -28977.2 -28945.5 -28933.1 -28880.4 -28838.1 -28743 -28319.3 -28805.8 -32259.9 -33780.9 -36710.5 -36886.2 -36529.5 -35802.2 -34711.8 -33933.1 -36128 -41023.4 -43506.4 -44948.3 -43838.8 -45366.8 -43814.9 -39819.4 -42277.7 -43328.9 -44035.3 -27688.1 -30466 -29933.4 -31160.8 -30203.4 -30734.5 -29687.8 -30430.7 -30229.9 -30361.2 -30304.5 -30371.2 -30339.6 -30382.3 -30361.1 -30391.1 -30375.5 -30398 -30385.9 -30403.3 -30393.6 -30407.5 -30399.5 -30410.9 -30404.2 -30413.6 -30407.9 -30415.9 -30410.9 -30417.7 -30413.4
-29033.6 -29021.9 -29021.7 -29006.4 -29004.8 -28983.5 -28978.9 -28947.1 -28934.8 -28882.1 -28839.8 -28744.8 -28321.1 -28807.2 -32258.3 -33780.4 -36711.8 -36885.5 -36528.9 -35799.9 -34706.2 -33928.7 -36121.4 -41015.2 -43496 -44938.7 -43828.2 -45355.9 -43805 -39810.4 -42267.6 -43320.2 -44027.4 -27684.5 -30463.2 -29931.2 -31159.4 -30201.3 -30733 -29685.8 -30429.5 -30228.6 -30359.9 -30303.3 -30370 -30338.3 -30381 -30359.8 -30389.8 -30374.3 -30396.7 -30384.6 -30402 -30392.3 -30406.2 -30398.2 -30409.6 -30402.8 -30412.3 -30406.5 -30414.5 -30409.5 -30416.4 -30412
-29032 -29020.4 -29020.2 -29004.8 -29003.2 -28982 -28977.4 -28945.7 -28933.4 -28880.7 -28838.4 -28743.4 -28319.7 -28806.2 -32260.6 -33781.5 -36711 -36886.6 -36530.2 -35803.2 -34712.8 -33934.3 -36129.3 -41024.9 -43508 -44950 -43840.5 -45368.5 -43816.6 -39821 -42279.3 -43330.6 -44037 -27689.3 -30467.2 -29934.5 -31161.8 -30204.5 -30735.6 -29688.9 -30431.8 -30231 -30362.3 -30305.6 -30372.3 -30340.7 -30383.3 -30362.1 -30392.2 -30376.6 -30399 -30386.9 -30404.3 -30394.6 -30408.5 -30400.5 -30411.8 -30405.1 -30414.5 -30408.8 -30416.8 -30411.8 -30418.6 -30414.2
-29033.7 -29022.1 -29021.9 -29006.6 -29005.1 -28983.8 -28979.3 -28947.5 -28935.3 -28882.6 -28840.3 -28745.4 -28321.7 -28807.8 -32258.8 -33781 -36712.6 -36886.4 -36529.5 -35800.4 -34706.7 -33929.1 -36121.9 -41015.4 -43496.2 -44938.8 -43828.3 -45356.1 -43805.2 -39810.7 -42267.9 -43320.5 -44027.8 -27685.3 -30464 -29932 -31160.4 -30202.2 -30733.9 -29686.7 -30430.4 -30229.5 -30360.8 -30304.1 -30370.8 -30339.2 -30381.9 -30360.6 -30390.7 -30375 -30397.5 -30385.4 -30402.7 -30393.1 -30406.9 -30398.9 -30410.3 -30403.5 -30413 -30407.2 -30415.2 -30410.2 -30417 -30412.7
-29031.9 -29020.4 -29020.2 -29004.9 -29003.4 -28982.1 -28977.6 -28945.9 -28933.7 -28881 -28838.8 -28743.8 -28320.2 -28806.8 -32261.3 -33782.2 -36711.7 -36887.2 -36531.2 -35804.3 -34714.1 -33935.7 -36130.8 -41026.8 -43510 -44952.1 -43842.6 -45370.6 -43818.7 -39822.9 -42281.4 -43332.7 -44038.9 -27690.7 -30468.7 -29936 -31163.2 -30205.8 -30737 -29690.3 -30433.1 -30232.3 -30363.6 -30306.9 -30373.6 -30342 -30384.6 -30363.3 -30393.4 -30377.8 -30400.2 -30388.1 -30405.4 -30395.8 -30409.6 -30401.6 -30412.9 -30406.2 -30415.6 -30409.9 -30417.9 -30412.9 -30419.7 -30415.3
-29033.9 -29022.4 -29022.2 -29006.9 -29005.4 -28984.2 -28979.7 -28948 -28935.8 -28883.2 -28841 -28746 -28322.5 -28808.5 -32259.4 -33781.8 -36713.6 -36887.5 -36530.3 -35801.1 -34707.3 -33929.7 -36122.4 -41015.7 -43496.4 -44939 -43828.5 -45356.3 -43805.6 -39811.2 -42268.3 -43320.8 -44028.3 -27686.4 -30465.1 -29933.1 -31161.6 -30203.4 -30735 -29687.8 -30431.5 -30230.6 -30361.9 -30305.2 -30371.9 -30340.2 -30382.9 -30361.6 -30391.6 -30376 -30398.4 -30386.3 -30403.7 -30393.9 -30407.8 -30399.8 -30411.1 -30404.4 -30413.8 -30408 -30416 -30411 -30417.8 -30413.4
-29031.9 -29020.3 -29020.2 -29004.9 -29003.5 -28982.3 -28977.8 -28946.2 -28934 -28881.4 -28839.2 -28744.3 -28320.7 -28807.5 -32262.3 -33783.2 -36712.5 -36888 -36532.4 -35805.8 -34715.8 -33937.5 -36132.8 -41029.1 -43512.4 -44954.7 -43845.2 -45373.2 -43821.3 -39825.4 -42283.9 -43335.3 -44041.4 -27692.6 -30470.5 -29937.8 -31164.8 -30207.5 -30738.7 -29692 -30434.8 -30233.9 -30365.2 -30308.5 -30375.2 -30343.5 -30386.1 -30364.9 -30394.9 -30379.2 -30401.6 -30389.5 -30406.9 -30397.2 -30411 -30403 -30414.3 -30407.6 -30417 -30411.2 -30419.2 -30414.1 -30421 -30416.6
-29034.1 -29022.6 -29022.5 -29007.3 -29005.8 -28984.6 -28980.2 -28948.6 -28936.4 -28883.9 -28841.7 -28746.9 -28323.4 -28809.4 -32260.2 -33782.7 -36714.7 -36888.8 -36531.4 -35802 -34708.1 -33930.4 -36123.1 -41016.1 -43496.7 -44939.2 -43828.8 -45356.6 -43806 -39811.7 -42268.8 -43321.3 -44029 -27687.7 -30466.4 -29934.5 -31163.1 -30204.8 -30736.4 -29689.1 -30432.8 -30231.9 -30363.2 -30306.5 -30373.1 -30341.5 -30384.1 -30362.8 -30392.8 -30377.2 -30399.5 -30387.4 -30404.7 -30395 -30408.8 -30400.8 -30412.1 -30405.4 -30414.8 -30409 -30417 -30411.9 -30418.8 -30414.3
-29031.7 -29020.2 -29020.2 -29005 -29003.5 -28982.4 -28978 -28946.4 -28934.3 -28881.8 -28839.7 -28744.9 -28321.4 -28808.3 -32263.4 -33784.3 -36713.5 -36889 -36533.9 -35807.5 -34717.9 -33939.8 -36135.2 -41032 -43515.5 -44957.9 -43848.5 -45376.5 -43824.5 -39828.5 -42287.1 -43338.6 -44044.4 -27694.9 -30472.8 -29940 -31166.8 -30209.7 -30740.7 -29694.1 -30436.8 -30235.9 -30367.2 -30310.4 -30377.1 -30345.4 -30388 -30366.7 -30396.7 -30381 -30403.4 -30391.3 -30408.6 -30398.8 -30412.7 -30404.6 -30415.9 -30409.2 -30418.6 -30412.8 -30420.7 -30415.7 -30422.5 -30418.1
-29034.3 -29022.9 -29022.8 -29007.6 -29006.3 -28985.2 -28980.8 -28949.3 -28937.2 -28884.7 -28842.7 -28747.9 -28324.5 -28810.6 -32261.1 -33783.8 -36716.2 -36890.5 -36532.6 -35803.1 -34709 -33931.3 -36123.9 -41016.5 -43497.1 -44939.5 -43829.2 -45357 -43806.5 -39812.5 -42269.5 -43321.9 -44029.8 -27689.3 -30468.1 -29936.2 -31165 -30206.6 -30738.2 -29690.8 -30434.5 -30233.6 -30364.8 -30308 -30374.7 -30343 -30385.6 -30364.2 -30394.2 -30378.5 -30400.9 -30388.7 -30406 -30396.3 -30410.1 -30402.1 -30413.3 -30406.6 -30416 -30410.2 -30418.1 -30413.1 -30419.9 -30415.4
-29031.5 -29020.1 -29020 -29004.9 -29003.6 -28982.5 -28978.2 -28946.7 -28934.7 -28882.2 -28840.3 -28745.5 -28322.2 -28809.2 -32264.9 -33785.7 -36714.8 -36890.3 -36535.7 -35809.8 -34720.5 -33942.7 -36138.3 -41035.6 -43519.4 -44962 -43852.7 -45380.7 -43828.6 -39832.5 -42291.2 -43342.7 -44048.3 -27697.9 -30475.7 -29942.8 -31169.4 -30212.3 -30743.3 -29696.7 -30439.3 -30238.4 -30369.6 -30312.8 -30379.4 -30347.7 -30390.3 -30368.9 -30398.9 -30383.2 -30405.5 -30393.4 -30410.7 -30400.9 -30414.7 -30406.7 -30417.9 -30411.1 -30420.5 -30414.7 -30422.6 -30417.6 -30424.4 -30420
-29034.5 -29023.1 -29023.1 -29008.1 -29006.7 -28985.7 -28981.5 -28950 -28938.1 -28885.7 -28843.8 -28749.1 -28325.8 -28811.9 -32262.2 -33785.2 -36718 -36892.5 -36534.3 -35804.5 -34710.2 -33932.4 -36124.9 -41017.1 -43497.6 -44939.9 -43829.6 -45357.6 -43807.2 -39813.4 -42270.3 -43322.7 -44030.9 -27691.4 -30470.2 -29938.4 -31167.4 -30208.8 -30740.3 -29692.9 -30436.6 -30235.6 -30366.8 -30310 -30376.5 -30344.8 -30387.3 -30366 -30395.9 -30380.2 -30402.5 -30390.3 -30407.6 -30397.8 -30411.6 -30403.5 -30414.8 -30408 -30417.4 -30411.5 -30419.5 -30414.4 -30421.2 -30416.7
-29031.1 -29019.7 -29019.8 -29004.8 -29003.5 -28982.5 -28978.3 -28947 -28935.1 -28882.7 -28840.9 -28746.3 -28323.1 -28810.4 -32266.7 -33787.4 -36716.3 -36891.9 -36538.1 -35812.7 -34723.9 -33946.4 -36142.4 -41040.4 -43524.5 -44967.4 -43858.1 -45386.2 -43834 -39837.6 -42296.5 -43348 -44053.4 -27701.7 -30479.4 -29946.4 -31172.7 -30215.7 -30746.6 -29700 -30442.5 -30241.5 -30372.7 -30315.8 -30382.4 -30350.6 -30393.1 -30371.7 -30401.6 -30385.9 -30408.2 -30396 -30413.2 -30403.4 -30417.2 -30409.1 -30420.4 -30413.6 -30422.9 -30417.1 -30425 -30419.9 -30426.7 -30422.3
-29034.7 -29023.4 -29023.5 -29008.5 -29007.3 -28986.4 -28982.2 -28950.9 -28939.1 -28886.9 -28845.1 -28750.6 -28327.5 -28813.6 -32263.5 -33786.9 -36720.3 -36895.1 -36536.3 -35806.3 -34711.7 -33933.9 -36126.3 -41017.9 -43498.2 -44940.5 -43830.3 -45358.2 -43808.1 -39814.7 -42271.4 -43323.7 -44032.2 -27694.1 -30472.9 -29941.1 -31170.4 -30211.5 -30743.1 -29695.4 -30439.2 -30238.1 -30369.2 -30312.3 -30378.8 -30347 -30389.5 -30368.1 -30398 -30382.2 -30404.4 -30392.2 -30409.5 -30399.6 -30413.4 -30405.3 -30416.5 -30409.7 -30419 -30413.2 -30421.1 -30416 -30422.8 -30418.3
-29030.4 -29019.2 -29019.3 -29004.4 -29003.3 -28982.4 -28978.4 -28947.1 -28935.4 -28883.2 -28841.6 -28747.2 -28324.1 -28811.8 -32268.9 -33789.6 -36718.3 -36894 -36541.2 -35816.5 -34728.4 -33951.3 -36147.8 -41046.8 -43531.4 -44974.5 -43865.4 -45393.6 -43841.2 -39844.5 -42303.5 -43355.1 -44060 -27706.8 -30484.3 -29951.1 -31176.9 -30220 -30750.9 -29704.2 -30446.5 -30245.5 -30376.5 -30319.6 -30386.1 -30354.2 -30396.7 -30375.2 -30405 -30389.2 -30411.5 -30399.2 -30416.4 -30406.6 -30420.3 -30412.2 -30423.4 -30416.6 -30425.9 -30420 -30427.9 -30422.8 -30429.6 -30425.1
-29034.8 -29023.6 -29023.8 -29008.9 -29007.9 -28987.1 -28983.1 -28952 -28940.3 -28888.3 -28846.7 -28752.4 -28329.5 -28815.8 -32265.1 -33789.1 -36723.3 -36898.4 -36539 -35808.6 -34713.6 -33935.9 -36128.1 -41019 -43499 -44941.2 -43831 -45359.1 -43809.2 -39816.2 -42272.7 -43325 -44033.9 -27697.5 -30476.4 -29944.7 -31174.3 -30215 -30746.5 -29698.7 -30442.4 -30241.2 -30372.2 -30315.2 -30381.6 -30349.7 -30392.1 -30370.6 -30400.4 -30384.6 -30406.8 -30394.5 -30411.7 -30401.8 -30415.5 -30407.4 -30418.6 -30411.7 -30421 -30415.2 -30423 -30417.9 -30424.7 -30420.2
-29029.4 -29018.3 -29018.6 -29003.8 -29002.8 -28982.1 -28978.2 -28947.2 -28935.6 -28883.7 -28842.3 -28748.1 -28325.4 -28813.5 -32271.8 -33792.5 -36720.7 -36896.7 -36545.2 -35821.5 -34734.5 -33957.9 -36155.1 -41055.4 -43540.7 -44984.3 -43875.3 -45403.6 -43851 -39853.8 -42313.2 -43364.8 -44069.1 -27713.5 -30490.8 -29957.3 -31182.5 -30225.7 -30756.4 -29709.7 -30451.7 -30250.6 -30381.5 -30324.4 -30390.8 -30358.8 -30401.2 -30379.6 -30409.4 -30393.5 -30415.7 -30403.3 -30420.5 -30410.6 -30424.3 -30416.1 -30427.3 -30420.4 -30429.7 -30423.8 -30431.7 -30426.6 -30433.3 -30428.8
-29034.8 -29023.7 -29024.1 -29009.3 -29008.4 -28987.9 -28984.1 -28953.2 -28941.8 -28890 -28848.7 -28754.7 -28332.1 -28818.4 -32267 -33791.8 -36727.2 -36902.7 -36542.5 -35811.7 -34716.1 -33938.4 -36130.4 -41020.3 -43499.9 -44942 -43832 -45360.1 -43810.7 -39818.3 -42274.5 -43326.6 -44036.1 -27702.1 -30481.1 -29949.3 -31179.3 -30219.6 -30751 -29702.8 -30446.5 -30245.1 -30376 -30318.9 -30385.1 -30353.1 -30395.4 -30373.8 -30403.5 -30387.6 -30409.7 -30397.3 -30414.4 -30404.5 -30418.2 -30410 -30421.1 -30414.2 -30423.5 -30417.6 -30425.4 -30420.3 -30427 -30422.5
-29027.7 -29016.8 -29017.2 -29002.6 -29001.8 -28981.3 -28977.7 -28946.9 -28935.6 -28884 -28842.9 -28749.1 -28326.7 -28815.5 -32275.6 -33796.2 -36723.9 -36900.3 -36550.7 -35828.5 -34743.1 -33967.2 -36165.5 -41067.7 -43554 -44998.2 -43889.5 -45417.9 -43864.9 -39867.1 -42326.8 -43378.3 -44081.7 -27722.9 -30499.7 -29965.8 -31190 -30233.4 -30763.8 -29717 -30458.6 -30257.3 -30388 -30330.8 -30397 -30364.8 -30407 -30385.4 -30415 -30399 -30421.1 -30408.7 -30425.8 -30415.8 -30429.5 -30421.2 -30432.3 -30425.4 -30434.7 -30428.8 -30436.6 -30431.4 -30438.1 -30433.6
-29034.6 -29023.7 -29024.2 -29009.7 -29009 -28988.7 -28985.1 -28954.5 -28943.4 -28892 -28851.1 -28757.5 -28335.4 -28821.9 -32269.4 -33795.4 -36732.4 -36908.6 -36547.3 -35815.8 -34719.4 -33941.8 -36133.5 -41021.9 -43501.1 -44943.1 -43833.2 -45361.5 -43812.7 -39821.1 -42276.7 -43328.6 -44038.8 -27708.4 -30487.3 -29955.6 -31186.2 -30225.6 -30756.8 -29708.1 -30451.8 -30250.1 -30380.8 -30323.4 -30389.5 -30357.3 -30399.4 -30377.6 -30407.2 -30391.2 -30413.2 -30400.7 -30417.8 -30407.8 -30421.4 -30413.1 -30424.2 -30417.3 -30426.5 -30420.5 -30428.3 -30423.2 -30429.9 -30425.3
-29025.1 -29014.3 -29014.9 -29000.5 -28999.9 -28979.7 -28976.4 -28945.9 -28935.1 -28883.8 -28843.2 -28749.9 -28328.1 -28817.9 -32280.6 -33801 -36728.1 -36905.1 -36558.4 -35838.5 -34755.5 -33980.8 -36180.7 -41085.8 -43573.7 -45018.8 -43910.6 -45439.2 -43885.7 -39886.7 -42346.9 -43398.3 -44100.2 -27736.4 -30512.5 -29977.8 -31200.6 -30244.2 -30773.9 -29727.1 -30468 -30266.4 -30396.8 -30339.3 -30405.3 -30372.9 -30415 -30393.1 -30422.6 -30406.5 -30428.4 -30416 -30432.9 -30422.9 -30436.4 -30428.2 -30439.2 -30432.3 -30441.5 -30435.5 -30443.3 -30438.1 -30444.8 -30440.2
-29034.1 -29023.4 -29024.2 -29009.9 -29009.5 -28989.4 -28986.3 -28956 -28945.4 -28894.4 -28854.1 -28761.1 -28339.6 -28826.3 -32272.1 -33799.9 -36739.7 -36916.9 -36553.8 -35821.3 -34723.7 -33946.5 -36137.8 -41024 -43502.4 -44944.3 -43834.6 -45363 -43815.2 -39824.8 -42279.4 -43331 -44042.2 -27717.2 -30496 -29964.2 -31195.5 -30233.7 -30764.5 -29715 -30458.6 -30256.6 -30386.8 -30329.1 -30394.9 -30362.5 -30404.4 -30382.4 -30411.8 -30395.6 -30417.5 -30405 -30421.9 -30411.8 -30425.3 -30417 -30428 -30421 -30430.2 -30424.2 -30432 -30426.8 -30433.4 -30428.9
-29020.6 -29010 -29010.9 -28996.7 -28996.5 -28976.6 -28973.7 -28943.7 -28933.3 -28882.7 -28842.7 -28750.1 -28329.1 -28820.6 -32287.5 -33807.7 -36733.6 -36911.6 -36569.7 -35853.5 -34774.5 -34001.7 -36204.4 -41114.4 -43604.9 -45051.5 -43943.9 -45472.9 -43918.3 -39917.6 -42378.5 -43429.4 -44128.9 -27756.8 -30531.6 -29995.6 -31215.8 -30259.7 -30788.5 -29741.5 -30481.4 -30279.3 -30409.2 -30351.3 -30416.9 -30384.3 -30426.1 -30404 -30433.3 -30417 -30438.8 -30426.2 -30443.1 -30432.9 -30446.4 -30438 -30449 -30442 -30451.2 -30445.1 -30452.9 -30447.7 -30454.3 -30449.7
-29033.3 -29022.8 -29023.8 -29009.8 -29009.7 -28990.1 -28987.4 -28957.7 -28947.6 -28897.4 -28857.8 -28765.8 -28345.3 -28832.2 -32274.9 -33805.9 -36750.1 -36929.1 -36563.1 -35829.1 -34729.5 -33953 -36143.6 -41026.2 -43503.4 -44945.2 -43835.8 -45364.5 -43818.1 -39829.7 -42282.4 -43333.2 -44046 -27729.9 -30508.4 -29976.2 -31208.8 -30244.7 -30774.9 -29724 -30467.6 -30264.8 -30394.6 -30336.4 -30401.8 -30369 -30410.6 -30388.4 -30417.6 -30401.2 -30422.9 -30410.2 -30427 -30416.8 -30430.2 -30421.8 -30432.8 -30425.7 -30434.8 -30428.8 -30436.5 -30431.3 -30437.9 -30433.3
-29012.7 -29002.3 -29003.5 -28989.7 -28989.8 -28970.4 -28968 -28938.6 -28929 -28879.2 -28840.2 -28748.7 -28329 -28823.1 -32297.3 -33817 -36740.7 -36920.7 -36587 -35877.6 -34805.9 -34036.6 -36244.4 -41163 -43658.4 -45107.5 -44001.3 -45530.8 -43974.3 -39970.2 -42432.1 -43482 -44176.8 -27789.9 -30562.2 -30023.5 -31239.2 -30283.4 -30810.7 -29763.3 -30501.4 -30298.5 -30427.8 -30369.3 -30434.4 -30401.4 -30442.8 -30420.4 -30449.5 -30433 -30454.6 -30441.9 -30458.6 -30448.3 -30461.7 -30453.3 -30464.2 -30457.1 -30466.2 -30460.1 -30467.8 -30462.5 -30469.1 -30464.5
-29031.9 -29021.7 -29023 -29009.4 -29009.8 -28990.7 -28988.6 -28959.6 -28950.4 -28901.2 -28862.7 -28772.2 -28353.2 -28840.2 -32277 -33813.5 -36766.1 -36948.1 -36576.8 -35839.8 -34736.6 -33961.6 -36151.2 -41027.1 -43502.3 -44943.9 -43835.1 -45364.2 -43820.4 -39835.4 -42284.3 -43333.3 -44048.7 -27749 -30526.5 -29993.6 -31228.4 -30259.9 -30789 -29735.6 -30479.3 -30275.4 -30404.4 -30345.5 -30410.3 -30377 -30418.2 -30395.6 -30424.5 -30407.9 -30429.4 -30416.6 -30433.2 -30422.9 -30436.2 -30427.7 -30438.6 -30431.5 -30440.5 -30434.4 -30442.1 -30436.8 -30443.4 -30438.8
-28997.3 -28987.3 -28988.8 -28975.4 -28976 -28957.2 -28955.5 -28926.9 -28918.3 -28869.7 -28832.3 -28742.5 -28324.8 -28823.8 -32312.5 -33830.6 -36749.5 -36933.2 -36616.1 -35920.4 -34863.7 -34101.8 -36320.1 -41256.5 -43761.8 -45216.4 -44112.8 -45643.1 -44082.5 -40071.3 -42534.8 -43582.1 -44266.9 -27849.3 -30616 -30071.7 -31278.1 -30323.2 -30847.3 -29799.7 -30534.3 -30330.3 -30458.5 -30399.2 -30463.6 -30430 -30471 -30448.2 -30477 -30460.2 -30481.6 -30468.7 -30485.2 -30474.8 -30488.1 -30479.5 -30490.4 -30483.2 -30492.2 -30486.1 -30493.7 -30488.4 -30495 -30490.3
-29030.6 -29020.7 -29022.4 -29009.2 -29010.1 -28991.7 -28990.4 -28962.4 -28954.4 -28906.8 -28870.2 -28781.9 -28365.7 -28852 -32274.5 -33822.5 -36792.8 -36980.8 -36597.3 -35853.5 -34742.1 -33970.8 -36158.3 -41019.8 -43490.4 -44931.8 -43824.1 -45353.9 -43815.5 -39837.6 -42277.6 -43321.9 -44042.2 -27778.4 -30553.3 -30018.4 -31258.1 -30280.2 -30807.5 -29749.1 -30493.7 -30288 -30415.7 -30355.8 -30419.8 -30385.8 -30426.5 -30403.5 -30432.1 -30415.2 -30436.4 -30423.4 -30439.9 -30429.4 -30442.6 -30434 -30444.7 -30437.5 -30446.5 -30440.4 -30448 -30442.6 -30449.2 -30444.5
