Code/Outputs/Output_20260212_203238/2.9_30_1000_moho_depth.grd
DSAA
181 201
-5400000.0 5400000.0
-6000000.0 6000000.0
-56182.99928562456 -15997.156394094913
[rows 140 to 167 of 201, columns 64 to 127 of 181]
-29031.8 -29020.2 -29019.9 -29004.5 -29002.9 -28981.5 -28976.9 -28945.1 -28932.7 -28879.9 -28837.6 -28742.5 -28318.8 -28804.8 -32259.5 -33780.3 -36710.1 -36889 -36527.6 -35799.7 -34710.4 -33928.5 -36125.2 -41017.6 -43501.9 -44940.9 -43833.2 -45361.2 -43809.4 -39814.6 -42273.4 -43322.2 -44030 -27686.4 -30463.9 -29931.1 -31159.5 -30201.8 -30732.4 -29685.9 -30428.1 -30227.4 -30358.7 -30302 -30368.7 -30337.1 -30379.8 -30358.6 -30388.7 -30373.1 -30395.5 -30383.5 -30400.8 -30391.2 -30405.1 -30397.1 -30408.5 -30401.8 -30411.2 -30405.5 -30413.5 -30408.5 -30415.4 -30411
-29032.9 -29021.3 -29021 -29005.6 -29003.9 -28982.6 -28977.9 -28946.1 -28933.7 -28881 -28838.6 -28743.5 -28319.7 -28806.1 -32256.8 -33778.9 -36710 -36880.5 -36528.3 -35799.9 -34705.2 -33930.6 -36121.8 -41018.3 -43497.9 -44943.2 -43831 -45358.6 -43807.6 -39812.1 -42268.9 -43323.7 -44029.6 -27682.9 -30462 -29930.1 -31157.3 -30199.5 -30731.6 -29684.3 -30428.6 -30227.7 -30359 -30302.4 -30369.1 -30337.5 -30380.2 -30358.9 -30389 -30373.5 -30395.9 -30383.8 -30401.2 -30391.6 -30405.5 -30397.5 -30408.9 -30402.2 -30411.6 -30405.9 -30413.9 -30408.9 -30415.8 -30411.4
-29031.8 -29020.2 -29019.9 -29004.5 -29002.8 -28981.4 -28976.8 -28945 -28932.6 -28879.8 -28837.4 -28742.3 -28318.6 -28804.6 -32259 -33779.9 -36709.7 -36888.2 -36527.3 -35799.4 -34709.8 -33928.4 -36124.6 -41017.5 -43501.4 -44940.9 -43832.9 -45360.9 -43809.1 -39814.2 -42272.9 -43322 -44029.7 -27685.8 -30463.3 -29930.6 -31158.9 -30201.2 -30731.9 -29685.4 -30427.7 -30226.9 -30358.2 -30301.6 -30368.3 -30336.7 -30379.4 -30358.2 -30388.3 -30372.7 -30395.1 -30383.1 -30400.5 -30390.8 -30404.7 -30396.8 -30408.1 -30401.4 -30410.9 -30405.2 -30413.2 -30408.2 -30415.1 -30410.7
-29032.9 -29021.2 -29020.9 -29005.5 -29003.8 -28982.4 -28977.8 -28945.9 -28933.5 -28880.7 -28838.4 -28743.3 -28319.5 -28805.8 -32256.7 -33778.7 -36709.7 -36880.6 -36527.9 -35799.5 -34704.9 -33929.9 -36121.4 -41017.6 -43497.5 -44942.3 -43830.4 -45358 -43807 -39811.5 -42268.4 -43322.9 -44028.9 -27682.5 -30461.5 -29929.6 -31156.9 -30199.1 -30731.1 -29683.8 -30428 -30227.2 -30358.5 -30301.8 -30368.6 -30337 -30379.7 -30358.4 -30388.5 -30372.9 -30395.4 -30383.3 -30400.7 -30391.1 -30405 -30397 -30408.4 -30401.7 -30411.2 -30405.5 -30413.5 -30408.5 -30415.4 -30411
-29031.8 -29020.2 -29019.9 -29004.4 -29002.8 -28981.4 -28976.7 -28944.9 -28932.5 -28879.7 -28837.3 -28742.2 -28318.4 -28804.5 -32258.7 -33779.6 -36709.4 -36887.4 -36527.1 -35799.2 -34709.4 -33928.3 -36124.3 -41017.4 -43501.1 -44940.9 -43832.6 -45360.6 -43808.8 -39813.9 -42272.5 -43322 -44029.5 -27685.3 -30462.9 -29930.2 -31158.4 -30200.7 -30731.5 -29685 -30427.4 -30226.6 -30357.9 -30301.3 -30368 -30336.4 -30379.1 -30357.9 -30388 -30372.4 -30394.8 -30382.8 -30400.2 -30390.5 -30404.4 -30396.5 -30407.9 -30401.2 -30410.6 -30404.9 -30412.9 -30408 -30414.8 -30410.5
-29032.8 -29021.1 -29020.8 -29005.4 -29003.7 -28982.3 -28977.6 -28945.8 -28933.4 -28880.6 -28838.2 -28743.1 -28319.3 -28805.6 -32256.6 -33778.5 -36709.5 -36880.8 -36527.6 -35799.1 -34704.8 -33929.4 -36121.1 -41017 -43497.1 -44941.6 -43829.9 -45357.5 -43806.4 -39811.1 -42268 -43322.2 -44028.3 -27682.2 -30461.2 -29929.2 -31156.6 -30198.8 -30730.8 -29683.5 -30427.6 -30226.7 -30358.1 -30301.4 -30368.1 -30336.5 -30379.2 -30358 -30388.1 -30372.5 -30395 -30383 -30400.4 -30390.7 -30404.6 -30396.7 -30408 -30401.3 -30410.8 -30405.1 -30413.1 -30408.1 -30415 -30410.7
-29031.8 -29020.1 -29019.8 -29004.4 -29002.7 -28981.3 -28976.7 -28944.8 -28932.4 -28879.6 -28837.2 -28742 -28318.3 -28804.4 -32258.4 -33779.4 -36709.2 -36886.9 -36526.9 -35799 -34709 -33928.3 -36124 -41017.4 -43500.9 -44941.1 -43832.5 -45360.5 -43808.7 -39813.8 -42272.2 -43322 -44029.4 -27684.9 -30462.6 -29929.9 -31158 -30200.4 -30731.2 -29684.7 -30427.1 -30226.4 -30357.7 -30301 -30367.8 -30336.2 -30378.9 -30357.7 -30387.8 -30372.2 -30394.6 -30382.6 -30400 -30390.4 -30404.3 -30396.3 -30407.7 -30401 -30410.5 -30404.7 -30412.8 -30407.8 -30414.7 -30410.3
-29032.8 -29021.1 -29020.8 -29005.3 -29003.6 -28982.2 -28977.6 -28945.7 -28933.3 -28880.5 -28838.1 -28742.9 -28319.1 -28805.4 -32256.5 -33778.4 -36709.3 -36881 -36527.3 -35798.8 -34704.6 -33928.9 -36120.9 -41016.5 -43496.7 -44941 -43829.5 -45357.1 -43806 -39810.7 -42267.7 -43321.6 -44027.9 -27682 -30460.9 -29928.9 -31156.4 -30198.5 -30730.5 -29683.2 -30427.3 -30226.4 -30357.7 -30301.1 -30367.8 -30336.2 -30378.9 -30357.7 -30387.8 -30372.2 -30394.7 -30382.7 -30400.1 -30390.4 -30404.3 -30396.4 -30407.7 -30401.1 -30410.5 -30404.8 -30412.8 -30407.9 -30414.7 -30410.4
-29031.8 -29020.1 -29019.8 -29004.4 -29002.7 -28981.3 -28976.6 -28944.7 -28932.3 -28879.5 -28837.1 -28741.9 -28318.2 -28804.3 -32258.3 -33779.2 -36709.1 -36886.4 -36526.8 -35799 -34708.8 -33928.4 -36123.9 -41017.4 -43500.8 -44941.2 -43832.5 -45360.5 -43808.7 -39813.7 -42272.1 -43322.1 -44029.4 -27684.6 -30462.4 -29929.7 -31157.8 -30200.1 -30731.1 -29684.4 -30427 -30226.2 -30357.6 -30300.9 -30367.6 -30336 -30378.8 -30357.5 -30387.6 -30372.1 -30394.5 -30382.5 -30399.9 -30390.2 -30404.1 -30396.2 -30407.6 -30400.9 -30410.4 -30404.6 -30412.7 -30407.7 -30414.6 -30410.2
-29032.8 -29021.1 -29020.7 -29005.3 -29003.6 -28982.2 -28977.5 -28945.6 -28933.2 -28880.4 -28838 -28742.8 -28319 -28805.3 -32256.5 -33778.3 -36709.2 -36881.1 -36527.1 -35798.6 -34704.6 -33928.6 -36120.7 -41016.1 -43496.5 -44940.5 -43829.2 -45356.7 -43805.6 -39810.4 -42267.4 -43321.1 -44027.5 -27681.9 -30460.7 -29928.7 -31156.3 -30198.4 -30730.3 -29683 -30427 -30226.2 -30357.5 -30300.8 -30367.6 -30336 -30378.7 -30357.5 -30387.6 -30372 -30394.5 -30382.4 -30399.8 -30390.2 -30404.1 -30396.2 -30407.5 -30400.9 -30410.3 -30404.6 -30412.6 -30407.7 -30414.5 -30410.2
-29031.8 -29020.1 -29019.8 -29004.4 -29002.7 -28981.3 -28976.6 -28944.7 -28932.3 -28879.5 -28837.1 -28741.9 -28318.1 -28804.2 -32258.1 -33779.1 -36709 -36886 -36526.8 -35798.9 -34708.7 -33928.5 -36123.8 -41017.6 -43500.9 -44941.5 -43832.6 -45360.6 -43808.8 -39813.7 -42272.1 -43322.3 -44029.5 -27684.5 -30462.3 -29929.6 -31157.6 -30200 -30731 -29684.3 -30426.9 -30226.2 -30357.5 -30300.8 -30367.6 -30336 -30378.7 -30357.5 -30387.6 -30372 -30394.5 -30382.4 -30399.8 -30390.2 -30404.1 -30396.2 -30407.5 -30400.9 -30410.3 -30404.6 -30412.6 -30407.7 -30414.6 -30410.2
-29032.8 -29021.1 -29020.7 -29005.3 -29003.6 -28982.2 -28977.5 -28945.6 -28933.2 -28880.4 -28837.9 -28742.8 -28319 -28805.2 -32256.5 -33778.3 -36709.2 -36881.4 -36527 -35798.5 -34704.5 -33928.3 -36120.6 -41015.8 -43496.3 -44940 -43828.9 -45356.4 -43805.4 -39810.1 -42267.2 -43320.8 -44027.2 -27681.8 -30460.6 -29928.6 -31156.2 -30198.3 -30730.1 -29682.9 -30426.9 -30226 -30357.4 -30300.7 -30367.4 -30335.8 -30378.6 -30357.3 -30387.4 -30371.9 -30394.3 -30382.3 -30399.7 -30390.1 -30404 -30396 -30407.4 -30400.7 -30410.2 -30404.5 -30412.5 -30407.5 -30414.4 -30410.1
-29031.9 -29020.1 -29019.8 -29004.4 -29002.7 -28981.3 -28976.6 -28944.7 -28932.3 -28879.4 -28837 -28741.9 -28318.1 -28804.2 -32258.1 -33779.1 -36708.9 -36885.7 -36526.8 -35799 -34708.6 -33928.7 -36123.8 -41017.8 -43501 -44941.8 -43832.8 -45360.7 -43809 -39813.8 -42272.2 -43322.5 -44029.6 -27684.4 -30462.3 -29929.6 -31157.6 -30200 -30731 -29684.3 -30427 -30226.2 -30357.5 -30300.9 -30367.6 -30336 -30378.7 -30357.5 -30387.6 -30372 -30394.5 -30382.5 -30399.9 -30390.2 -30404.1 -30396.2 -30407.6 -30400.9 -30410.4 -30404.7 -30412.7 -30407.7 -30414.6 -30410.2
-29032.8 -29021.1 -29020.7 -29005.3 -29003.6 -28982.2 -28977.5 -28945.6 -28933.2 -28880.4 -28838 -28742.8 -28319 -28805.2 -32256.5 -33778.3 -36709.2 -36881.6 -36527 -35798.4 -34704.5 -33928.1 -36120.5 -41015.5 -43496.1 -44939.7 -43828.6 -45356.2 -43805.1 -39809.9 -42267.1 -43320.4 -44027 -27681.8 -30460.5 -29928.5 -31156.2 -30198.3 -30730.1 -29682.9 -30426.8 -30225.9 -30357.3 -30300.6 -30367.4 -30335.8 -30378.5 -30357.3 -30387.4 -30371.8 -30394.3 -30382.2 -30399.6 -30390 -30403.9 -30396 -30407.3 -30400.7 -30410.1 -30404.4 -30412.4 -30407.5 -30414.4 -30410
-29031.9 -29020.1 -29019.8 -29004.4 -29002.7 -28981.3 -28976.6 -28944.7 -28932.3 -28879.4 -28837 -28741.9 -28318.1 -28804.3 -32258.1 -33779.1 -36708.9 -36885.5 -36526.9 -35799.1 -34708.7 -33928.9 -36124 -41018.1 -43501.2 -44942.2 -43833.1 -45361 -43809.2 -39814.1 -42272.4 -43322.9 -44029.9 -27684.5 -30462.3 -29929.7 -31157.6 -30200 -30731 -29684.4 -30427.1 -30226.3 -30357.6 -30301 -30367.7 -30336.1 -30378.8 -30357.6 -30387.7 -30372.2 -30394.6 -30382.6 -30400 -30390.3 -30404.3 -30396.3 -30407.7 -30401 -30410.5 -30404.8 -30412.8 -30407.8 -30414.7 -30410.3
-29032.8 -29021.1 -29020.8 -29005.3 -29003.6 -28982.2 -28977.5 -28945.7 -28933.3 -28880.4 -28838 -28742.9 -28319.1 -28805.2 -32256.6 -33778.4 -36709.3 -36881.9 -36527 -35798.4 -34704.6 -33927.9 -36120.4 -41015.3 -43495.9 -44939.4 -43828.4 -45356 -43804.9 -39809.8 -42267 -43320.2 -44026.8 -27681.9 -30460.6 -29928.5 -31156.3 -30198.4 -30730.1 -29683 -30426.8 -30226 -30357.3 -30300.6 -30367.4 -30335.8 -30378.5 -30357.3 -30387.4 -30371.8 -30394.3 -30382.2 -30399.7 -30390 -30403.9 -30396 -30407.3 -30400.7 -30410.1 -30404.4 -30412.4 -30407.5 -30414.4 -30410
-29031.9 -29020.2 -29019.8 -29004.4 -29002.7 -28981.3 -28976.6 -28944.7 -28932.3 -28879.5 -28837.1 -28741.9 -28318.2 -28804.3 -32258.1 -33779.1 -36709 -36885.4 -36527 -35799.3 -34708.8 -33929.2 -36124.2 -41018.5 -43501.5 -44942.6 -43833.5 -45361.4 -43809.6 -39814.4 -42272.7 -43323.3 -44030.3 -27684.6 -30462.5 -29929.9 -31157.7 -30200.2 -30731.2 -29684.5 -30427.3 -30226.5 -30357.8 -30301.2 -30367.9 -30336.3 -30379 -30357.8 -30387.9 -30372.3 -30394.8 -30382.8 -30400.2 -30390.5 -30404.4 -30396.5 -30407.9 -30401.2 -30410.6 -30404.9 -30413 -30408 -30414.9 -30410.5
-29032.9 -29021.2 -29020.8 -29005.4 -29003.7 -28982.3 -28977.6 -28945.8 -28933.3 -28880.5 -28838.1 -28743 -28319.2 -28805.3 -32256.7 -33778.5 -36709.4 -36882.2 -36527 -35798.4 -34704.6 -33927.9 -36120.4 -41015.2 -43495.8 -44939.1 -43828.3 -45355.9 -43804.8 -39809.7 -42266.9 -43320 -44026.7 -27682 -30460.7 -29928.6 -31156.4 -30198.5 -30730.3 -29683.1 -30426.9 -30226.1 -30357.4 -30300.7 -30367.5 -30335.9 -30378.6 -30357.4 -30387.5 -30371.9 -30394.4 -30382.3 -30399.7 -30390.1 -30404 -30396.1 -30407.4 -30400.7 -30410.2 -30404.5 -30412.5 -30407.5 -30414.4 -30410.1
-29031.9 -29020.2 -29019.9 -29004.4 -29002.7 -28981.3 -28976.7 -28944.8 -28932.4 -28879.6 -28837.2 -28742 -28318.2 -28804.5 -32258.2 -33779.3 -36709.1 -36885.3 -36527.2 -35799.5 -34709 -33929.6 -36124.5 -41019 -43502 -44943.2 -43834 -45361.9 -43810.1 -39814.8 -42273.1 -43323.9 -44030.7 -27684.9 -30462.8 -29930.2 -31157.9 -30200.4 -30731.5 -29684.8 -30427.5 -30226.8 -30358.1 -30301.4 -30368.2 -30336.6 -30379.3 -30358.1 -30388.2 -30372.6 -30395.1 -30383 -30400.4 -30390.8 -30404.7 -30396.8 -30408.1 -30401.4 -30410.9 -30405.2 -30413.2 -30408.2 -30415.1 -30410.8
-29032.9 -29021.2 -29020.9 -29005.5 -29003.8 -28982.4 -28977.7 -28945.9 -28933.5 -28880.6 -28838.2 -28743.1 -28319.3 -28805.4 -32256.8 -33778.6 -36709.6 -36882.6 -36527.1 -35798.5 -34704.8 -33927.8 -36120.5 -41015 -43495.8 -44939 -43828.1 -45355.8 -43804.7 -39809.7 -42266.9 -43319.9 -44026.6 -27682.2 -30460.8 -29928.8 -31156.7 -30198.7 -30730.5 -29683.3 -30427.1 -30226.2 -30357.6 -30300.9 -30367.6 -30336.1 -30378.8 -30357.5 -30387.6 -30372.1 -30394.5 -30382.5 -30399.9 -30390.2 -30404.1 -30396.2 -30407.6 -30400.9 -30410.3 -30404.6 -30412.6 -30407.7 -30414.6 -30410.2
-29031.9 -29020.2 -29019.9 -29004.5 -29002.8 -28981.4 -28976.7 -28944.9 -28932.5 -28879.7 -28837.3 -28742.1 -28318.4 -28804.6 -32258.4 -33779.4 -36709.2 -36885.3 -36527.5 -35799.9 -34709.3 -33930 -36124.9 -41019.5 -43502.5 -44943.9 -43834.6 -45362.5 -43810.7 -39815.4 -42273.7 -43324.5 -44031.3 -27685.2 -30463.2 -29930.5 -31158.2 -30200.7 -30731.8 -29685.1 -30427.9 -30227.2 -30358.5 -30301.8 -30368.6 -30337 -30379.7 -30358.4 -30388.5 -30373 -30395.4 -30383.4 -30400.8 -30391.1 -30405 -30397.1 -30408.5 -30401.8 -30411.2 -30405.5 -30413.5 -30408.6 -30415.5 -30411.1
-29033 -29021.3 -29021 -29005.6 -29003.9 -28982.5 -28977.9 -28946 -28933.6 -28880.8 -28838.4 -28743.3 -28319.5 -28805.6 -32257 -33778.9 -36709.9 -36883 -36527.3 -35798.6 -34704.9 -33927.9 -36120.5 -41015 -43495.7 -44938.8 -43828.1 -45355.7 -43804.7 -39809.7 -42266.9 -43319.8 -44026.7 -27682.4 -30461.1 -29929.1 -31157 -30199 -30730.7 -29683.6 -30427.3 -30226.5 -30357.8 -30301.2 -30367.9 -30336.3 -30379 -30357.8 -30387.9 -30372.3 -30394.8 -30382.7 -30400.1 -30390.5 -30404.4 -30396.4 -30407.8 -30401.1 -30410.6 -30404.8 -30412.9 -30407.9 -30414.8 -30410.4
-29031.9 -29020.2 -29019.9 -29004.5 -29002.9 -28981.5 -28976.8 -28945 -28932.6 -28879.8 -28837.4 -28742.3 -28318.5 -28804.8 -32258.7 -33779.7 -36709.4 -36885.4 -36527.8 -35800.3 -34709.7 -33930.6 -36125.5 -41020.2 -43503.2 -44944.7 -43835.4 -45363.3 -43811.5 -39816.1 -42274.4 -43325.3 -44032 -27685.7 -30463.6 -29931 -31158.7 -30201.2 -30732.3 -29685.6 -30428.4 -30227.6 -30359 -30302.3 -30369 -30337.4 -30380.1 -30358.9 -30389 -30373.4 -30395.9 -30383.8 -30401.2 -30391.6 -30405.5 -30397.5 -30408.9 -30402.2 -30411.7 -30405.9 -30414 -30409 -30415.9 -30411.5
-29033.1 -29021.5 -29021.2 -29005.7 -29004.1 -28982.7 -28978.1 -28946.2 -28933.9 -28881.1 -28838.7 -28743.6 -28319.8 -28805.9 -32257.2 -33779.1 -36710.2 -36883.5 -36527.6 -35798.8 -34705.1 -33928 -36120.7 -41015 -43495.7 -44938.7 -43828 -45355.7 -43804.7 -39809.8 -42267 -43319.8 -44026.7 -27682.8 -30461.4 -29929.4 -31157.4 -30199.4 -30731.1 -29683.9 -30427.7 -30226.8 -30358.2 -30301.5 -30368.3 -30336.7 -30379.4 -30358.1 -30388.2 -30372.6 -30395.1 -30383 -30400.4 -30390.8 -30404.7 -30396.7 -30408.1 -30401.4 -30410.9 -30405.1 -30413.1 -30408.2 -30415 -30410.7
-29032 -29020.3 -29020 -29004.6 -29002.9 -28981.6 -28976.9 -28945.1 -28932.7 -28879.9 -28837.6 -28742.5 -28318.8 -28805.1 -32259 -33780 -36709.7 -36885.5 -36528.3 -35800.8 -34710.2 -33931.3 -36126.1 -41021.1 -43504.1 -44945.7 -43836.3 -45364.2 -43812.4 -39817 -42275.3 -43326.3 -44032.9 -27686.3 -30464.3 -29931.6 -31159.2 -30201.7 -30732.9 -29686.2 -30429 -30228.2 -30359.5 -30302.9 -30369.6 -30338 -30380.7 -30359.5 -30389.6 -30374 -30396.4 -30384.4 -30401.8 -30392.1 -30406 -30398.1 -30409.4 -30402.7 -30412.2 -30406.5 -30414.5 -30409.5 -30416.4 -30412
-29033.3 -29021.6 -29021.3 -29005.9 -29004.3 -28982.9 -28978.3 -28946.5 -28934.1 -28881.3 -28839 -28743.9 -28320.2 -28806.2 -32257.5 -33779.5 -36710.7 -36884.1 -36527.9 -35799.1 -34705.4 -33928.1 -36120.9 -41015 -43495.8 -44938.7 -43828 -45355.7 -43804.7 -39809.9 -42267.1 -43319.9 -44026.9 -27683.2 -30461.9 -29929.9 -31157.9 -30199.9 -30731.6 -29684.4 -30428.1 -30227.3 -30358.6 -30302 -30368.7 -30337.1 -30379.8 -30358.6 -30388.6 -30373.1 -30395.5 -30383.5 -30400.9 -30391.2 -30405.1 -30397.1 -30408.5 -30401.8 -30411.2 -30405.5 -30413.5 -30408.5 -30415.4 -30411
-29032 -29020.3 -29020.1 -29004.7 -29003 -28981.7 -28977.1 -28945.3 -28932.9 -28880.1 -28837.8 -28742.7 -28319 -28805.4 -32259.4 -33780.4 -36710.1 -36885.8 -36528.8 -35801.4 -34710.9 -33932.1 -36127 -41022.1 -43505.1 -44946.9 -43837.4 -45365.4 -43813.5 -39818.1 -42276.4 -43327.5 -44034 -27687.1 -30465 -29932.4 -31159.9 -30202.5 -30733.6 -29686.9 -30429.8 -30229 -30360.3 -30303.6 -30370.3 -30338.7 -30381.4 -30360.2 -30390.3 -30374.7 -30397.1 -30385.1 -30402.5 -30392.8 -30406.7 -30398.7 -30410.1 -30403.4 -30412.8 -30407.1 -30415.1 -30410.1 -30417 -30412.6
-29033.4 -29021.8 -29021.5 -29006.1 -29004.5 -28983.2 -28978.6 -28946.8 -28934.4 -28881.7 -28839.4 -28744.3 -28320.6 -28806.7 -32257.9 -33779.9 -36711.2 -36884.7 -36528.3 -35799.4 -34705.8 -33928.4 -36121.1 -41015.1 -43495.9 -44938.7 -43828.1 -45355.8 -43804.8 -39810.1 -42267.3 -43320 -44027.1 -27683.8 -30462.4 -29930.4 -31158.6 -30200.5 -30732.2 -29685 -30428.7 -30227.9 -30359.2 -30302.5 -30369.3 -30337.7 -30380.3 -30359.1 -30389.2 -30373.6 -30396 -30384 -30401.4 -30391.7 -30405.6 -30397.6 -30409 -30402.3 -30411.7 -30406 -30414 -30409 -30415.8 -30411.5
