Code/Outputs/Output_20260212_203238/2.9_30_1000_moho_depth.grd
DSAA
181 201
-5400000.0 5400000.0
-6000000.0 6000000.0
-56182.99928562456 -15997.156394094913
[rows 140 to 167 of 201, columns 0 to 63 of 181]
-28139.4 -29122.3 -28932.5 -29065.1 -29015.4 -29063.8 -29041.4 -29066.1 -29053.5 -29068.3 -29060.2 -29069.9 -29064.3 -29071.1 -29067.1 -29072 -29069 -29072.6 -29070.3 -29073 -29071.2 -29073.3 -29071.9 -29073.4 -29072.3 -29073.4 -29072.5 -29073.2 -29072.6 -29073 -29072.6 -29072.7 -29072.4 -29072.3 -29072.1 -29071.7 -29071.7 -29071.1 -29071.2 -29070.3 -29070.5 -29069.3 -29069.7 -29068.2 -29068.7 -29066.9 -29067.5 -29065.4 -29066 -29063.5 -29064.3 -29061.3 -29062.1 -29058.6 -29059.5 -29055.3 -29056.3 -29051.3 -29052.2 -29046.2 -29047.1 -29039.8 -29040.5 -29031.4
-28140.5 -29123.4 -28933.6 -29066.2 -29016.5 -29064.9 -29042.6 -29067.2 -29054.6 -29069.4 -29061.3 -29071.1 -29065.5 -29072.3 -29068.2 -29073.2 -29070.1 -29073.8 -29071.5 -29074.2 -29072.4 -29074.5 -29073.1 -29074.6 -29073.5 -29074.6 -29073.7 -29074.5 -29073.8 -29074.2 -29073.8 -29073.9 -29073.6 -29073.5 -29073.3 -29072.9 -29072.9 -29072.3 -29072.4 -29071.5 -29071.7 -29070.5 -29070.9 -29069.4 -29069.9 -29068.1 -29068.7 -29066.6 -29067.2 -29064.7 -29065.5 -29062.5 -29063.3 -29059.8 -29060.7 -29056.5 -29057.4 -29052.4 -29053.4 -29047.4 -29048.3 -29040.9 -29041.7 -29032.5
-28139.4 -29122.3 -28932.5 -29065.2 -29015.4 -29063.9 -29041.5 -29066.2 -29053.6 -29068.4 -29060.3 -29070 -29064.5 -29071.3 -29067.2 -29072.2 -29069.1 -29072.8 -29070.5 -29073.2 -29071.4 -29073.5 -29072.1 -29073.6 -29072.5 -29073.6 -29072.8 -29073.5 -29072.9 -29073.3 -29072.8 -29072.9 -29072.7 -29072.5 -29072.4 -29072 -29072 -29071.3 -29071.4 -29070.5 -29070.8 -29069.6 -29069.9 -29068.5 -29068.9 -29067.1 -29067.7 -29065.6 -29066.2 -29063.7 -29064.5 -29061.5 -29062.3 -29058.8 -29059.7 -29055.5 -29056.4 -29051.4 -29052.4 -29046.3 -29047.2 -29039.9 -29040.6 -29031.4
-28140.5 -29123.3 -28933.5 -29066.2 -29016.5 -29064.9 -29042.6 -29067.3 -29054.6 -29069.4 -29061.4 -29071.1 -29065.5 -29072.4 -29068.3 -29073.3 -29070.2 -29073.9 -29071.6 -29074.3 -29072.5 -29074.6 -29073.2 -29074.7 -29073.6 -29074.7 -29073.9 -29074.6 -29074 -29074.4 -29073.9 -29074 -29073.8 -29073.6 -29073.5 -29073.1 -29073.1 -29072.4 -29072.5 -29071.6 -29071.9 -29070.7 -29071 -29069.6 -29070 -29068.2 -29068.8 -29066.7 -29067.3 -29064.8 -29065.5 -29062.5 -29063.4 -29059.8 -29060.7 -29056.5 -29057.5 -29052.5 -29053.4 -29047.4 -29048.3 -29040.9 -29041.6 -29032.5
-28139.4 -29122.3 -28932.5 -29065.2 -29015.5 -29063.9 -29041.6 -29066.3 -29053.7 -29068.5 -29060.4 -29070.1 -29064.6 -29071.4 -29067.4 -29072.3 -29069.3 -29073 -29070.6 -29073.4 -29071.6 -29073.6 -29072.2 -29073.8 -29072.7 -29073.8 -29072.9 -29073.7 -29073 -29073.4 -29073 -29073.1 -29072.8 -29072.7 -29072.6 -29072.1 -29072.1 -29071.5 -29071.6 -29070.7 -29070.9 -29069.7 -29070.1 -29068.6 -29069.1 -29067.3 -29067.9 -29065.7 -29066.4 -29063.8 -29064.6 -29061.6 -29062.4 -29058.9 -29059.8 -29055.6 -29056.5 -29051.5 -29052.4 -29046.4 -29047.3 -29039.9 -29040.6 -29031.5
-28140.4 -29123.3 -28933.5 -29066.2 -29016.5 -29064.9 -29042.6 -29067.3 -29054.7 -29069.5 -29061.4 -29071.2 -29065.6 -29072.4 -29068.4 -29073.3 -29070.3 -29074 -29071.6 -29074.4 -29072.6 -29074.7 -29073.3 -29074.8 -29073.7 -29074.8 -29074 -29074.7 -29074.1 -29074.5 -29074 -29074.2 -29073.9 -29073.7 -29073.6 -29073.2 -29073.2 -29072.5 -29072.7 -29071.7 -29072 -29070.8 -29071.1 -29069.7 -29070.1 -29068.3 -29068.9 -29066.7 -29067.4 -29064.9 -29065.6 -29062.6 -29063.4 -29059.9 -29060.8 -29056.6 -29057.5 -29052.5 -29053.4 -29047.4 -29048.3 -29040.9 -29041.6 -29032.4
-28139.4 -29122.3 -28932.6 -29065.2 -29015.5 -29064 -29041.6 -29066.3 -29053.7 -29068.5 -29060.5 -29070.2 -29064.7 -29071.5 -29067.4 -29072.4 -29069.4 -29073.1 -29070.7 -29073.5 -29071.7 -29073.8 -29072.4 -29073.9 -29072.8 -29073.9 -29073.1 -29073.8 -29073.2 -29073.6 -29073.1 -29073.2 -29073 -29072.8 -29072.7 -29072.3 -29072.3 -29071.6 -29071.7 -29070.8 -29071.1 -29069.9 -29070.2 -29068.7 -29069.2 -29067.4 -29068 -29065.8 -29066.5 -29063.9 -29064.7 -29061.7 -29062.5 -29059 -29059.8 -29055.6 -29056.6 -29051.6 -29052.5 -29046.4 -29047.3 -29039.9 -29040.6 -29031.5
-28140.4 -29123.3 -28933.5 -29066.2 -29016.5 -29064.9 -29042.6 -29067.3 -29054.7 -29069.5 -29061.4 -29071.2 -29065.6 -29072.5 -29068.4 -29073.4 -29070.3 -29074 -29071.7 -29074.5 -29072.7 -29074.8 -29073.3 -29074.9 -29073.8 -29074.9 -29074 -29074.8 -29074.2 -29074.6 -29074.1 -29074.2 -29074 -29073.8 -29073.7 -29073.3 -29073.3 -29072.6 -29072.7 -29071.8 -29072.1 -29070.9 -29071.2 -29069.7 -29070.2 -29068.4 -29069 -29066.8 -29067.5 -29064.9 -29065.7 -29062.7 -29063.5 -29059.9 -29060.8 -29056.6 -29057.5 -29052.5 -29053.4 -29047.4 -29048.3 -29040.9 -29041.6 -29032.4
-28139.4 -29122.4 -28932.6 -29065.3 -29015.5 -29064 -29041.7 -29066.4 -29053.8 -29068.6 -29060.5 -29070.3 -29064.7 -29071.6 -29067.5 -29072.5 -29069.4 -29073.1 -29070.8 -29073.6 -29071.8 -29073.9 -29072.4 -29074 -29072.9 -29074 -29073.2 -29073.9 -29073.3 -29073.7 -29073.2 -29073.3 -29073.1 -29072.9 -29072.8 -29072.4 -29072.4 -29071.7 -29071.8 -29070.9 -29071.2 -29070 -29070.3 -29068.8 -29069.3 -29067.5 -29068.1 -29065.9 -29066.6 -29064 -29064.8 -29061.8 -29062.6 -29059 -29059.9 -29055.7 -29056.6 -29051.6 -29052.5 -29046.5 -29047.3 -29040 -29040.7 -29031.5
-28140.4 -29123.3 -28933.5 -29066.2 -29016.5 -29064.9 -29042.6 -29067.3 -29054.7 -29069.5 -29061.5 -29071.2 -29065.7 -29072.5 -29068.5 -29073.4 -29070.4 -29074.1 -29071.8 -29074.5 -29072.7 -29074.8 -29073.4 -29074.9 -29073.8 -29074.9 -29074.1 -29074.8 -29074.2 -29074.6 -29074.2 -29074.3 -29074 -29073.9 -29073.7 -29073.3 -29073.3 -29072.7 -29072.8 -29071.9 -29072.1 -29070.9 -29071.3 -29069.8 -29070.2 -29068.4 -29069 -29066.9 -29067.5 -29065 -29065.7 -29062.7 -29063.5 -29060 -29060.8 -29056.6 -29057.6 -29052.5 -29053.5 -29047.4 -29048.3 -29040.9 -29041.6 -29032.4
-28139.4 -29122.4 -28932.6 -29065.3 -29015.6 -29064 -29041.7 -29066.4 -29053.8 -29068.6 -29060.6 -29070.3 -29064.8 -29071.6 -29067.6 -29072.5 -29069.5 -29073.2 -29070.9 -29073.6 -29071.8 -29073.9 -29072.5 -29074 -29073 -29074.1 -29073.2 -29073.9 -29073.3 -29073.7 -29073.3 -29073.4 -29073.1 -29073 -29072.9 -29072.4 -29072.4 -29071.8 -29071.9 -29071 -29071.2 -29070 -29070.4 -29068.9 -29069.4 -29067.6 -29068.1 -29066 -29066.6 -29064.1 -29064.8 -29061.8 -29062.6 -29059.1 -29059.9 -29055.7 -29056.6 -29051.6 -29052.5 -29046.5 -29047.4 -29040 -29040.7 -29031.5
-28140.4 -29123.3 -28933.5 -29066.2 -29016.5 -29065 -29042.6 -29067.3 -29054.7 -29069.5 -29061.5 -29071.3 -29065.7 -29072.5 -29068.5 -29073.5 -29070.4 -29074.1 -29071.8 -29074.6 -29072.8 -29074.8 -29073.4 -29075 -29073.9 -29075 -29074.2 -29074.9 -29074.3 -29074.7 -29074.2 -29074.3 -29074.1 -29073.9 -29073.8 -29073.4 -29073.4 -29072.7 -29072.8 -29071.9 -29072.2 -29071 -29071.3 -29069.8 -29070.3 -29068.5 -29069 -29066.9 -29067.5 -29065 -29065.7 -29062.7 -29063.5 -29060 -29060.9 -29056.7 -29057.6 -29052.6 -29053.5 -29047.4 -29048.3 -29040.9 -29041.6 -29032.4
-28139.4 -29122.4 -28932.6 -29065.3 -29015.6 -29064 -29041.7 -29066.4 -29053.8 -29068.6 -29060.6 -29070.3 -29064.8 -29071.6 -29067.6 -29072.5 -29069.5 -29073.2 -29070.9 -29073.7 -29071.9 -29073.9 -29072.5 -29074.1 -29073 -29074.1 -29073.2 -29074 -29073.4 -29073.8 -29073.3 -29073.4 -29073.2 -29073 -29072.9 -29072.5 -29072.5 -29071.8 -29071.9 -29071 -29071.3 -29070.1 -29070.4 -29068.9 -29069.4 -29067.6 -29068.1 -29066 -29066.6 -29064.1 -29064.8 -29061.8 -29062.6 -29059.1 -29060 -29055.8 -29056.7 -29051.6 -29052.6 -29046.5 -29047.4 -29040 -29040.7 -29031.5
-28140.4 -29123.3 -28933.5 -29066.2 -29016.5 -29065 -29042.6 -29067.3 -29054.8 -29069.6 -29061.5 -29071.3 -29065.7 -29072.6 -29068.5 -29073.5 -29070.5 -29074.1 -29071.8 -29074.6 -29072.8 -29074.9 -29073.5 -29075 -29073.9 -29075 -29074.2 -29074.9 -29074.3 -29074.7 -29074.3 -29074.4 -29074.1 -29073.9 -29073.8 -29073.4 -29073.4 -29072.7 -29072.9 -29071.9 -29072.2 -29071 -29071.3 -29069.9 -29070.3 -29068.5 -29069.1 -29066.9 -29067.6 -29065 -29065.8 -29062.8 -29063.6 -29060 -29060.9 -29056.7 -29057.6 -29052.6 -29053.5 -29047.4 -29048.3 -29040.9 -29041.6 -29032.4
-28139.5 -29122.4 -28932.6 -29065.3 -29015.6 -29064.1 -29041.7 -29066.4 -29053.8 -29068.6 -29060.6 -29070.4 -29064.8 -29071.6 -29067.6 -29072.6 -29069.5 -29073.2 -29070.9 -29073.7 -29071.9 -29073.9 -29072.5 -29074.1 -29073 -29074.1 -29073.3 -29074 -29073.4 -29073.8 -29073.3 -29073.4 -29073.2 -29073 -29072.9 -29072.5 -29072.5 -29071.8 -29071.9 -29071 -29071.3 -29070.1 -29070.4 -29068.9 -29069.4 -29067.6 -29068.1 -29066 -29066.6 -29064.1 -29064.8 -29061.8 -29062.6 -29059.1 -29060 -29055.8 -29056.7 -29051.6 -29052.6 -29046.5 -29047.4 -29040 -29040.7 -29031.5
-28140.5 -29123.3 -28933.6 -29066.3 -29016.5 -29065 -29042.7 -29067.4 -29054.8 -29069.6 -29061.5 -29071.3 -29065.7 -29072.6 -29068.5 -29073.5 -29070.5 -29074.2 -29071.8 -29074.6 -29072.8 -29074.9 -29073.5 -29075 -29073.9 -29075 -29074.2 -29074.9 -29074.3 -29074.7 -29074.3 -29074.4 -29074.1 -29074 -29073.8 -29073.4 -29073.4 -29072.8 -29072.9 -29072 -29072.2 -29071 -29071.4 -29069.9 -29070.3 -29068.5 -29069.1 -29066.9 -29067.6 -29065 -29065.8 -29062.8 -29063.6 -29060 -29060.9 -29056.7 -29057.6 -29052.6 -29053.5 -29047.5 -29048.3 -29040.9 -29041.6 -29032.5
-28139.5 -29122.4 -28932.6 -29065.3 -29015.6 -29064.1 -29041.7 -29066.4 -29053.8 -29068.6 -29060.6 -29070.4 -29064.8 -29071.6 -29067.6 -29072.5 -29069.5 -29073.2 -29070.9 -29073.7 -29071.8 -29073.9 -29072.5 -29074.1 -29073 -29074.1 -29073.2 -29074 -29073.3 -29073.7 -29073.3 -29073.4 -29073.1 -29073 -29072.9 -29072.4 -29072.5 -29071.8 -29071.9 -29071 -29071.2 -29070 -29070.4 -29068.9 -29069.4 -29067.6 -29068.1 -29066 -29066.6 -29064.1 -29064.8 -29061.8 -29062.6 -29059.1 -29060 -29055.7 -29056.7 -29051.6 -29052.6 -29046.5 -29047.4 -29040 -29040.7 -29031.5
-28140.5 -29123.4 -28933.6 -29066.3 -29016.6 -29065 -29042.7 -29067.4 -29054.8 -29069.6 -29061.6 -29071.3 -29065.8 -29072.6 -29068.6 -29073.5 -29070.5 -29074.2 -29071.9 -29074.6 -29072.8 -29074.9 -29073.5 -29075 -29073.9 -29075 -29074.2 -29074.9 -29074.3 -29074.7 -29074.3 -29074.4 -29074.1 -29074 -29073.8 -29073.4 -29073.4 -29072.7 -29072.9 -29072 -29072.2 -29071 -29071.4 -29069.9 -29070.3 -29068.5 -29069.1 -29066.9 -29067.6 -29065.1 -29065.8 -29062.8 -29063.6 -29060.1 -29060.9 -29056.7 -29057.6 -29052.6 -29053.5 -29047.5 -29048.4 -29041 -29041.7 -29032.5
-28139.5 -29122.4 -28932.6 -29065.3 -29015.6 -29064.1 -29041.7 -29066.4 -29053.8 -29068.6 -29060.6 -29070.3 -29064.8 -29071.6 -29067.6 -29072.5 -29069.5 -29073.2 -29070.8 -29073.6 -29071.8 -29073.9 -29072.5 -29074 -29072.9 -29074 -29073.2 -29073.9 -29073.3 -29073.7 -29073.3 -29073.4 -29073.1 -29072.9 -29072.8 -29072.4 -29072.4 -29071.7 -29071.9 -29070.9 -29071.2 -29070 -29070.3 -29068.9 -29069.3 -29067.5 -29068.1 -29065.9 -29066.6 -29064 -29064.8 -29061.8 -29062.6 -29059.1 -29059.9 -29055.7 -29056.6 -29051.6 -29052.6 -29046.5 -29047.4 -29040 -29040.7 -29031.5
-28140.6 -29123.5 -28933.7 -29066.4 -29016.6 -29065.1 -29042.8 -29067.5 -29054.8 -29069.7 -29061.6 -29071.4 -29065.8 -29072.6 -29068.6 -29073.5 -29070.5 -29074.2 -29071.9 -29074.6 -29072.8 -29074.9 -29073.5 -29075 -29073.9 -29075 -29074.2 -29074.9 -29074.3 -29074.7 -29074.2 -29074.4 -29074.1 -29073.9 -29073.8 -29073.4 -29073.4 -29072.7 -29072.9 -29071.9 -29072.2 -29071 -29071.3 -29069.9 -29070.3 -29068.5 -29069.1 -29066.9 -29067.6 -29065.1 -29065.8 -29062.8 -29063.6 -29060.1 -29061 -29056.7 -29057.7 -29052.7 -29053.6 -29047.5 -29048.4 -29041 -29041.7 -29032.6
-28139.5 -29122.4 -28932.6 -29065.3 -29015.6 -29064.1 -29041.7 -29066.4 -29053.8 -29068.6 -29060.5 -29070.3 -29064.7 -29071.6 -29067.5 -29072.5 -29069.4 -29073.1 -29070.8 -29073.5 -29071.7 -29073.8 -29072.4 -29073.9 -29072.8 -29073.9 -29073.1 -29073.8 -29073.2 -29073.6 -29073.2 -29073.3 -29073 -29072.8 -29072.7 -29072.3 -29072.3 -29071.6 -29071.8 -29070.8 -29071.1 -29069.9 -29070.3 -29068.8 -29069.2 -29067.4 -29068 -29065.9 -29066.5 -29064 -29064.7 -29061.7 -29062.5 -29059 -29059.9 -29055.7 -29056.6 -29051.6 -29052.5 -29046.5 -29047.4 -29040 -29040.7 -29031.5
-28140.7 -29123.5 -28933.8 -29066.4 -29016.7 -29065.2 -29042.8 -29067.5 -29054.9 -29069.7 -29061.6 -29071.4 -29065.8 -29072.6 -29068.6 -29073.5 -29070.5 -29074.2 -29071.8 -29074.6 -29072.8 -29074.9 -29073.5 -29075 -29073.9 -29075 -29074.1 -29074.9 -29074.2 -29074.6 -29074.2 -29074.3 -29074 -29073.9 -29073.8 -29073.4 -29073.4 -29072.7 -29072.8 -29071.9 -29072.1 -29070.9 -29071.3 -29069.8 -29070.3 -29068.5 -29069.1 -29066.9 -29067.6 -29065 -29065.8 -29062.8 -29063.6 -29060.1 -29061 -29056.8 -29057.7 -29052.7 -29053.6 -29047.6 -29048.5 -29041.1 -29041.8 -29032.6
-28139.5 -29122.5 -28932.6 -29065.3 -29015.6 -29064 -29041.7 -29066.4 -29053.8 -29068.6 -29060.5 -29070.2 -29064.7 -29071.5 -29067.4 -29072.4 -29069.3 -29073 -29070.7 -29073.5 -29071.6 -29073.7 -29072.3 -29073.8 -29072.7 -29073.8 -29073 -29073.7 -29073.1 -29073.5 -29073 -29073.2 -29072.9 -29072.7 -29072.6 -29072.2 -29072.2 -29071.5 -29071.7 -29070.7 -29071 -29069.8 -29070.1 -29068.7 -29069.1 -29067.3 -29067.9 -29065.8 -29066.4 -29063.9 -29064.6 -29061.6 -29062.5 -29058.9 -29059.8 -29055.6 -29056.6 -29051.6 -29052.5 -29046.5 -29047.4 -29040 -29040.7 -29031.6
-28140.8 -29123.6 -28933.8 -29066.5 -29016.8 -29065.2 -29042.9 -29067.5 -29054.9 -29069.7 -29061.6 -29071.4 -29065.8 -29072.6 -29068.6 -29073.5 -29070.5 -29074.2 -29071.8 -29074.6 -29072.8 -29074.8 -29073.4 -29074.9 -29073.8 -29074.9 -29074.1 -29074.8 -29074.2 -29074.6 -29074.1 -29074.3 -29074 -29073.8 -29073.7 -29073.3 -29073.3 -29072.6 -29072.8 -29071.8 -29072.1 -29070.9 -29071.3 -29069.8 -29070.2 -29068.5 -29069 -29066.9 -29067.5 -29065 -29065.8 -29062.8 -29063.6 -29060.1 -29061 -29056.8 -29057.7 -29052.7 -29053.7 -29047.6 -29048.5 -29041.2 -29041.9 -29032.7
-28139.5 -29122.5 -28932.7 -29065.3 -29015.6 -29064 -29041.7 -29066.3 -29053.7 -29068.5 -29060.4 -29070.2 -29064.6 -29071.4 -29067.3 -29072.3 -29069.2 -29072.9 -29070.6 -29073.3 -29071.5 -29073.6 -29072.2 -29073.7 -29072.6 -29073.7 -29072.8 -29073.5 -29072.9 -29073.3 -29072.9 -29073 -29072.7 -29072.6 -29072.4 -29072 -29072 -29071.4 -29071.5 -29070.6 -29070.8 -29069.6 -29070 -29068.5 -29069 -29067.2 -29067.8 -29065.6 -29066.3 -29063.8 -29064.5 -29061.5 -29062.4 -29058.8 -29059.7 -29055.6 -29056.5 -29051.5 -29052.4 -29046.4 -29047.3 -29040 -29040.7 -29031.6
-28141 -29123.7 -28934 -29066.6 -29016.9 -29065.3 -29042.9 -29067.6 -29055 -29069.8 -29061.7 -29071.4 -29065.8 -29072.6 -29068.6 -29073.5 -29070.5 -29074.1 -29071.8 -29074.5 -29072.7 -29074.8 -29073.4 -29074.9 -29073.8 -29074.9 -29074 -29074.7 -29074.1 -29074.5 -29074.1 -29074.2 -29073.9 -29073.7 -29073.6 -29073.2 -29073.2 -29072.5 -29072.7 -29071.8 -29072 -29070.8 -29071.2 -29069.7 -29070.2 -29068.4 -29069 -29066.8 -29067.5 -29065 -29065.7 -29062.8 -29063.6 -29060.1 -29061 -29056.8 -29057.7 -29052.7 -29053.7 -29047.7 -29048.6 -29041.2 -29042 -29032.8
-28139.6 -29122.5 -28932.7 -29065.3 -29015.6 -29064 -29041.6 -29066.3 -29053.6 -29068.4 -29060.3 -29070.1 -29064.5 -29071.3 -29067.2 -29072.1 -29069.1 -29072.8 -29070.4 -29073.2 -29071.3 -29073.4 -29072 -29073.5 -29072.4 -29073.5 -29072.6 -29073.3 -29072.7 -29073.1 -29072.7 -29072.8 -29072.5 -29072.3 -29072.2 -29071.8 -29071.8 -29071.1 -29071.3 -29070.4 -29070.6 -29069.4 -29069.8 -29068.3 -29068.8 -29067 -29067.6 -29065.4 -29066.1 -29063.6 -29064.4 -29061.4 -29062.2 -29058.7 -29059.6 -29055.4 -29056.4 -29051.4 -29052.4 -29046.4 -29047.3 -29039.9 -29040.7 -29031.6
-28141.1 -29123.9 -28934.1 -29066.7 -29017 -29065.4 -29043 -29067.7 -29055 -29069.8 -29061.7 -29071.4 -29065.8 -29072.6 -29068.6 -29073.5 -29070.4 -29074.1 -29071.7 -29074.5 -29072.6 -29074.7 -29073.3 -29074.8 -29073.7 -29074.8 -29073.9 -29074.6 -29074 -29074.4 -29074 -29074.1 -29073.8 -29073.6 -29073.5 -29073.1 -29073.1 -29072.4 -29072.6 -29071.6 -29071.9 -29070.7 -29071.1 -29069.6 -29070.1 -29068.3 -29068.9 -29066.8 -29067.4 -29064.9 -29065.7 -29062.7 -29063.6 -29060 -29061 -29056.8 -29057.7 -29052.8 -29053.7 -29047.7 -29048.7 -29041.3 -29042.1 -29033
