Test data_DRK/Large and Small mount_New/MarsModel3TwoMountainsFar_Topo.grd
DSAA
1024 512
-5120 5110
-2560 2550
-5.094852766728E-009 20.000000022597
[rows 270 to 287 of 512, columns 246 to 286 of 1024]
-1.7737040045209E-095 -1.2579195845748E-095 -2.5987003969229E-096 1.9855824124109E-095 4.3093454951619E-095 1.0430067323342E-095 -1.7980912593409E-095 -1.1542403673543E-095 -3.3342934572637E-096 -2.3514852364085E-096 -6.8760512630139E-097 2.2447217982022E-097 1.6996677634808E-096 1.3465754806865E-096 -7.0417200655474E-097 -6.3408452903999E-097 -2.944429133581E-098 -1.3444144426768E-097 -1.6379411798303E-097 -6.8735406023123E-098 9.3187307858901E-098 6.2956830832572E-098 1.0110781755178E-098 5.9280464837504E-099 1.3644733767898E-099 3.0923459941555E-100 -7.0064840609269E-099 -5.6215087513988E-099 3.0686928227121E-099 1.62586639362E-099 -3.6187423217425E-100 -2.9016589924424E-100 2.6529957510572E-100 -3.4553545195127E-100 -8.4724477325557E-100 -2.5098417912586E-100 3.1261274260715E-100 2.2658851448228E-100 8.1835589993739E-101 5.5571935949758E-101 1.6032459200302E-101
-5.5297287270585E-021 -3.5326580511959E-022 9.359934112358E-021 2.2449548209791E-020 1.0008785724013E-020 -3.1949750828182E-020 -4.386068254534E-020 -4.0836169089184E-020 1.6931882711711E-020 1.1545417501529E-019 1.0003416942165E-019 3.3354834873755E-020 -2.3934714734091E-019 -6.2690166918706E-019 -4.8047265037471E-019 3.0845286611866E-019 1.1563939384747E-018 2.4147826915875E-018 8.4676547955568E-019 -4.3851910416565E-018 -4.7579970844493E-018 -2.3960048249453E-018 4.2520155511113E-018 1.6869992155099E-017 1.0617258719652E-017 -3.9675318997561E-018 -2.0471902231445E-017 -3.4230194038689E-017 -4.9171656105332E-018 6.7532550011665E-017 1.5103465628932E-016 1.5960604212651E-016 -5.6646959111793E-017 -4.3905087754811E-016 -4.0867672690218E-016 -3.4980278796066E-017 5.4050357172049E-016 1.5197191433335E-015 7.3274622646936E-016 -9.918252880635E-016 -2.1539844824702E-015
3.364387831994E-094 9.3595220503312E-095 -4.014599983628E-094 -3.4049003616569E-094 -3.9251638268506E-094 -5.6825434967453E-095 1.9832820003999E-094 1.2262432411158E-094 2.1276920173694E-095 9.4877946331261E-096 2.0947562734267E-096 -2.2508691702938E-095 -9.8018494871338E-096 -5.7901985525026E-096 1.0036675172717E-095 1.3305958746907E-095 -1.0979038717975E-096 5.0093965657343E-097 9.7138841595171E-097 1.0952835034714E-096 5.9373912781253E-097 -5.6552063944029E-098 -1.641278381284E-097 -1.1981872442561E-097 -4.282520984602E-098 3.8701856828401E-100 4.5900270203239E-098 4.534568039948E-098 -6.5550939170812E-099 -1.1299112756049E-098 -1.1068603760871E-098 -1.27808655488E-098 2.6576459223072E-099 2.7744012230978E-099 4.543374067758E-099 2.4261868260794E-100 -2.4155134552908E-099 -1.3257983387161E-099 -3.2978519693615E-100 -1.9444481945784E-100 -6.7532583028761E-101
-8.46081963172E-024 8.5030742864882E-024 3.9979682660791E-023 6.4260441345261E-023 5.2657786335273E-023 -1.607068191634E-022 -1.8942500060442E-022 -2.164369433944E-022 1.7641136562169E-022 6.3447274314184E-022 -5.0993618065544E-022 -1.3548586830221E-021 -3.6476680861622E-021 -5.8876233299789E-021 -1.1936378888884E-021 5.0383283606352E-021 -1.2130906636931E-022 -4.0454627477739E-021 -2.0136641483025E-020 -4.6465249790685E-020 -8.6968592449487E-021 1.5682802859226E-019 1.5327301616255E-019 1.723735252097E-019 -1.855178448381E-019 -5.0961260308954E-019 3.3497594668329E-019 2.3682822400838E-019 1.4460697310585E-018 3.8226931961431E-018 1.3884332928101E-018 -1.722372049593E-018 -5.9997948067868E-018 -1.1706565890753E-017 -6.5524872358034E-018 2.9967262463232E-017 3.5890697992259E-017 3.8744767581627E-017 -3.666675717087E-017 -1.1862807893581E-016 1.0917695932171E-016
5.2889248819704E-106 2.4262817551004E-106 -6.397339099135E-106 -4.5062557002168E-107 3.576572238396E-106 1.6217272908767E-106 -1.8357110697601E-107 -7.0004728716071E-107 -6.9226666178907E-107 -4.5629016907284E-107 -1.3830124544133E-107 6.2975805054526E-108 2.3457519987953E-107 1.1177641268031E-107 -8.2086426873843E-108 -7.493383564861E-108 -2.004373546812E-108 -1.8082186853862E-108 -1.6300666331125E-108 -7.4233861825931E-109 1.0013584511952E-108 6.3886835766731E-109 4.4264279527722E-110 3.4264303428187E-110 2.380083284553E-110 -3.1055285145872E-111 -7.1311345944586E-110 -4.2497391379201E-110 3.2546336884544E-110 2.503674091873E-110 -2.7412275830784E-111 -3.2328839275703E-111 1.8110358710428E-111 -3.4271717794102E-111 -9.3090929753317E-111 -2.9522280952511E-111 2.9852424288405E-111 2.284382737898E-111 9.1146465372673E-112 6.5813894895834E-112 2.4185963731622E-112
-5.4669943029942E-024 5.5272438786212E-024 2.8752844837667E-023 3.9748289708948E-023 4.0938375339513E-023 -9.8591684440081E-023 -1.0984343763898E-022 -1.3084955345607E-022 9.9060258301528E-023 3.8800353850774E-022 -2.5268582469147E-022 -9.1596657034512E-022 -2.6360908163276E-021 -4.1905993444459E-021 -1.1137787252376E-021 2.980039781765E-021 -4.5536392421051E-022 -1.718028288649E-021 -1.383226404436E-020 -3.2939070536785E-020 -1.1918795500272E-020 1.0752571702608E-019 1.1534672549861E-019 1.3115843084432E-019 -1.3890047258633E-019 -3.6652187119989E-019 2.4752027595045E-019 7.3248432148268E-020 8.2362873770551E-019 2.4798009925442E-018 9.5698632945823E-019 -1.0605052497552E-018 -4.5835140000909E-018 -7.5005842419216E-018 -5.9020665763708E-018 1.8801455763843E-017 2.1893612372675E-017 2.4803692426797E-017 -2.1165886586833E-017 -7.4469882960375E-017 5.8886517252397E-017
-1.0018816273068E-100 -5.5015842936708E-101 -1.0913928376737E-101 1.1751919004889E-100 2.508074608733E-100 6.0480339599194E-101 -1.0576369537399E-100 -6.7536321097204E-101 -1.9106548148052E-101 -1.3483389987314E-101 -3.9347982395811E-102 1.2839312249646E-102 9.8337337396829E-102 5.5368116766091E-102 -4.1222290049236E-102 -3.718208459474E-102 -2.0775486262513E-103 -8.2044253389822E-103 -9.4464013613955E-103 -3.9470227843973E-103 5.4682283501458E-103 3.6776881279915E-103 5.7863797701919E-104 3.3147510299227E-104 6.6625087645153E-105 2.1337946392711E-105 -3.9876912518791E-104 -3.2098825059458E-104 1.7538096976557E-104 9.1844274393551E-105 -2.2443620911998E-105 -1.3703895320347E-105 1.6280989761909E-105 -1.9541779423373E-105 -4.8751012746418E-105 -1.4588124426601E-105 1.7761968674781E-105 1.2998735267919E-105 4.7826330335368E-106 3.2434640911442E-106 9.3662552602909E-107
-2.9233066256086E-024 2.9544860594385E-024 1.4383595778293E-023 2.1855131841803E-023 1.9498326266235E-023 -5.4603633241275E-023 -6.3043415168848E-023 -7.3002341740887E-023 5.8091464793651E-023 2.151103273306E-022 -1.6182377695638E-022 -4.7705494978553E-022 -1.3154182630044E-021 -2.1105015831638E-021 -4.7761332357248E-022 1.6913898589291E-021 -1.1559693558628E-022 -1.2182622730939E-021 -7.130198800247E-021 -1.6648359923116E-020 -4.2476608496492E-021 5.529763203202E-020 5.6076897261345E-020 6.3416935289278E-020 -6.7878559224479E-020 -1.8337955150912E-019 1.1945509888458E-019 6.3176198748685E-020 4.8462313915388E-019 1.3515760465598E-018 5.2666235449726E-019 -5.5097011350832E-019 -2.257039742053E-018 -4.198375002648E-018 -2.6722063896231E-018 1.0610388739223E-017 1.2959210454589E-017 1.4290259007564E-017 -1.2510930148188E-017 -4.1975323223487E-017 3.8642264420183E-017
-4.8240243166108E-101 -3.2386291029096E-101 -5.314701398194E-102 5.6680177151082E-101 1.2099963775021E-100 2.9186189935427E-101 -5.1014123472045E-101 -3.2580775517266E-101 -9.2213253096233E-102 -6.5071130259545E-102 -1.8989832331923E-102 1.4219211727965E-102 4.7549179785249E-102 3.7749692919321E-102 -1.9611774545249E-102 -2.3073403741098E-102 -7.9050877332891E-104 -3.7582296070526E-103 -4.6109016205412E-103 -1.9312508061451E-103 2.6105111162431E-103 1.7660624667787E-103 2.8721993440853E-104 1.6889676581214E-104 3.9160213860089E-105 8.6463069027921E-106 -1.9755861552836E-104 -1.1401010827325E-104 8.6993158738018E-105 6.5225341561696E-105 -9.0164779283996E-106 -7.8684950175306E-106 7.649580893877E-106 -9.448177647781E-106 -2.3951712462373E-105 -7.076708605741E-106 8.7919969184593E-106 6.369177559779E-106 2.3059966604354E-106 1.5728305790139E-106 4.6090942465275E-107
2.3079475307854E-024 -2.2852401653195E-024 -2.236359998624E-023 -1.0412940606931E-023 -4.2078454791124E-023 2.1739978149186E-023 1.4802888366633E-024 2.3610413472225E-023 1.1960366320193E-023 -8.3075835535481E-023 -1.7050769480523E-022 5.2049117790362E-022 2.0884822075652E-021 3.1085293474434E-021 1.6892040310902E-021 -2.4435711897723E-022 1.5701853616466E-021 -2.193724520281E-021 8.7559622584807E-021 2.3823857557706E-020 2.6657356005723E-020 -6.9759998847498E-020 -1.0722618720489E-019 -1.2453679561638E-019 1.2507273741752E-019 2.8683229072288E-019 -2.4355607275472E-019 2.0229165189211E-019 7.8174887113832E-020 -8.5967695873133E-019 -3.0489537692824E-019 6.1498919216962E-019 3.9702110390749E-018 1.405387684898E-018 7.1939232753854E-018 -3.4741134243133E-018 2.102149207898E-018 -1.0985658242757E-018 -2.7257150451005E-018 1.2165533302616E-017 3.8404837189627E-017
8.6918688096339E-101 4.0557740073042E-101 9.9100803249751E-102 -1.1988788734999E-100 -2.499990038738E-100 -6.0528603078801E-101 1.0576006435114E-100 6.7641552296558E-101 1.9137158193184E-101 1.3438914740437E-101 3.8586726970462E-102 -3.0046132330404E-102 -9.8118592461295E-102 -5.5284316395216E-102 4.1003941429541E-102 3.6872801110809E-102 2.055885383377E-103 8.1585210944457E-103 9.3915760399007E-103 3.929182150535E-103 -5.4360571119132E-103 -3.6578365478987E-103 -5.7601534736651E-104 -3.2985619217339E-104 -6.6295559829033E-105 -2.1173066936883E-105 3.9673052537091E-104 3.1929269621993E-104 -1.7450301748432E-104 -9.1386856102739E-105 2.2322394234318E-105 1.3637927666029E-105 -1.6180411858278E-105 1.944435777943E-105 4.8492760907126E-105 1.4509562879003E-105 -1.7671420846083E-105 -1.2930838901478E-105 -4.7562850343695E-106 -3.2256155061653E-106 -9.3144320354774E-107
-1.9167776015516E-024 1.9254392310073E-024 8.498056839519E-024 1.4893644842257E-023 1.0578094469204E-023 -3.7471186577663E-023 -4.5339564378338E-023 -5.0737208077739E-023 4.2841406424243E-023 1.4802412692387E-022 -1.3061621933059E-022 -2.998949423188E-022 -7.7338324057164E-022 -1.2602807953335E-021 -2.0376274456822E-022 1.1969686741707E-021 4.3489732334983E-023 -1.088650862163E-021 -4.4162454512696E-021 -9.9835958915292E-021 -7.6579845613314E-022 3.4314451547661E-020 3.1572575444062E-020 3.5258521008235E-020 -3.8435599495789E-020 -1.0838212313568E-019 6.8529668316496E-020 6.7231142261187E-020 3.5373472518517E-019 8.8449359459177E-019 3.2712335595472E-019 -3.7822814584935E-019 -1.2545217302858E-018 -2.7757990529889E-018 -1.2127055504781E-018 7.1607340336652E-018 8.9392610767785E-018 9.4635021360479E-018 -9.0219763625833E-018 -2.8272317423913E-017 2.9259653573719E-017
-2.7243324728083E-101 -2.1639754019432E-101 -4.2075835977543E-102 3.5524084716726E-101 7.5306851330637E-101 1.8291159486267E-101 -3.1532041707929E-101 -2.0267489640911E-101 -5.8504349580172E-102 -4.1068193710882E-102 -1.1822437850072E-102 4.1027451901501E-103 2.9662701849587E-102 2.3489272684105E-102 -1.2356758122148E-102 -1.1110702035108E-102 -4.971717983439E-104 -2.3391221624612E-103 -2.8509741133462E-103 -1.2018652301313E-103 1.6201033359359E-103 1.096864936267E-103 1.7711984773071E-104 1.0375574018448E-104 2.3898991331822E-105 5.3280723965345E-106 -1.2230862376819E-104 -7.0587281383167E-105 5.394868978504E-105 2.8784109195872E-105 -5.8068331733611E-106 -5.0972686181293E-106 4.5285093073084E-106 -6.0590233668044E-106 -1.4799366503697E-105 -4.3601310372194E-106 5.480083293337E-106 3.9576098116083E-106 1.42167912512E-106 9.66237681473E-107 2.7877102311331E-107
-1.5239871640883E-025 1.5314987493438E-025 4.8142543678404E-025 1.3043399632043E-024 3.7310752520282E-025 -3.3490790619888E-024 -4.4528029129973E-024 -4.6343758447842E-024 4.4201313859379E-024 1.3282831394479E-023 -1.5607162610402E-023 -2.1258231201175E-023 -4.2945591089441E-023 -7.4689205798349E-023 6.8516934967593E-024 1.1416462472148E-022 2.9344797588872E-023 -1.4311228764393E-022 -2.958888228348E-022 -6.0382697282331E-022 3.5212209658391E-022 2.2791548098461E-021 1.4057289260033E-021 1.488972055914E-021 -1.7927360057815E-021 -6.1162814701795E-021 2.9662828431626E-021 1.0016774191491E-020 3.6001440648166E-020 7.2673304806482E-020 2.6226311187465E-020 -2.8765097616794E-020 -5.8726334662328E-020 -2.4588702860752E-019 -1.1167521518934E-021 6.4036939374101E-019 8.894290531262E-019 8.8437637816846E-019 -9.2360231693614E-019 -2.5509249130856E-018 3.4048583234277E-018
-1.3544774277902E-102 -7.9118694732855E-103 -2.0601560893549E-103 1.5208772561622E-102 3.3062637994776E-102 8.0104353136459E-103 -1.3780135533771E-102 -8.8523609699981E-103 -2.5628867024211E-103 -1.8071426644673E-103 -5.2852716986148E-104 1.7268581916305E-104 1.3051051352887E-103 1.0337558889825E-103 -5.4050429108922E-104 -6.3187358095243E-104 -2.2743634547324E-105 -1.0322988881283E-104 -1.2567331933712E-104 -5.2733763167721E-105 7.1541089644968E-105 4.8319408810279E-105 7.7470528183756E-106 4.5410034625412E-106 1.0443615021939E-106 2.3757869295585E-107 -5.3739254555624E-106 -4.312193523242E-106 2.3540350827761E-106 1.7603892177203E-106 -2.715204108736E-107 -1.6911424236102E-107 2.1403783085186E-107 -2.5590455859154E-107 -6.5208678245816E-107 -1.9395144749906E-107 2.382872439178E-107 1.734082489181E-107 6.3205681136737E-108 4.3065368128447E-108 1.2619007654108E-108
2.9687287008699E-025 -3.0001266967216E-025 -1.3614396142586E-024 -2.2809023010965E-024 -1.7412460805832E-024 5.7336195099472E-024 6.8354006523055E-024 7.720630550892E-024 -6.4172871929361E-024 -2.261788187026E-023 1.9099024995036E-023 4.7119155009239E-023 1.2410453893019E-022 2.0128566254021E-022 3.6731825121448E-023 -1.8144981170358E-022 -1.4924538451793E-024 1.5264669386889E-022 6.9579172947098E-022 1.5934820992849E-021 2.2021925883829E-022 -5.3866926909962E-021 -5.1306913009475E-021 -5.7685138631515E-021 6.2473510256075E-021 1.7344494538533E-020 -1.0876163556488E-020 -8.8209862368677E-021 -5.3201380436521E-020 -1.3828673039217E-019 -5.3387106132525E-020 5.5484577684233E-020 2.0797612345065E-019 4.3825379814241E-019 2.2218621729712E-019 -1.1116492049941E-018 -1.4025702215262E-018 -1.5130607892844E-018 1.3739717597066E-018 4.4092557018721E-018 -4.4564293854393E-018
4.641199834975E-102 3.2675181410422E-102 5.5805868017539E-103 -5.4184513043351E-102 -1.1456570013023E-101 -2.7612892335189E-102 4.8108851941509E-102 3.0816394556918E-102 8.8392871975638E-103 6.213914219537E-103 1.7892838879107E-103 -1.3614452642128E-103 -4.5051449053445E-103 -2.5360359126447E-103 1.8756959466639E-103 1.6882560352557E-103 9.8417043552916E-105 3.7501215692467E-104 4.2941691711858E-104 1.7930180967627E-104 -2.4966534260507E-104 -1.6756862922192E-104 -2.6029513781502E-105 -1.4876662469161E-105 -2.9615291493924E-106 -9.7852329169359E-107 1.8077492308371E-105 1.4565534732648E-105 -7.9602345042622E-106 -5.9265272243101E-106 1.0088407346195E-106 6.0097112677964E-107 -7.8196082183551E-107 8.5432679367106E-107 2.2223825025094E-106 6.6858964690139E-107 -8.0044184570583E-107 -5.8895885178393E-107 -2.1920508800813E-107 -1.491324355934E-107 -4.3741209246924E-108
-4.5648243484201E-026 4.633649394222E-026 2.3972004750621E-025 3.3210886554124E-025 3.4014352480345E-025 -8.2576434390816E-025 -9.1960852920969E-025 -1.0933388315431E-024 8.3007063486941E-025 3.245961457645E-024 -2.1309278168694E-024 -7.661161812849E-024 -2.1986578051554E-023 -3.4958442996417E-023 -9.2271025825611E-024 2.4995799034074E-023 -3.7495113509278E-024 -1.4352790122608E-023 -1.1559702366816E-022 -2.7512352101714E-022 -9.9008270844626E-023 8.9510075583016E-022 9.5984417319839E-022 1.092679320918E-021 -1.158539144272E-021 -3.0561011721852E-021 2.0200294314768E-021 5.6458193478232E-022 7.0055371357315E-021 2.1212529402847E-020 8.6080091637834E-021 -8.2540206073121E-021 -3.9004629192976E-020 -6.5589375970424E-020 -5.0589918982413E-020 1.6345521950484E-019 1.9731536593153E-019 2.2397757366021E-019 -1.8297212909329E-019 -6.4704053964389E-019 5.4907758022967E-019
