Test data_DRK/Large and Small mount_New/MarsModel3TwoMountainsFar_Topo.grd
DSAA
1024 512
-5120 5110
-2560 2550
-5.094852766728E-009 20.000000022597
[rows 270 to 287 of 512, columns 328 to 368 of 1024]
3.5486838939059E-108 1.9978242525804E-108 2.2951961744345E-009 2.9508802749955E-010 -5.995567237127E-010 7.1197692533276E-010 0.0010000003116654 0.0050000003125706 0.014999999137085 0.040999999557954 0.099000001129577 0.21399999841411 0.41899999907671 0.75000000092505 1.2400000006684 1.9120000004209 2.7699999999867 3.7990000029303 4.9680000001751 6.2319999987573 7.5400000020017 8.8430000014405 10.098000002302 11.268999984864 12.334999986414 13.280000010408 14.100999994233 14.798000005496 15.377000002668 15.845999986497 16.215000013726 16.491000009666 16.68200001349 16.794999995848 16.832000013334 16.795000004114 16.682000002736 16.491000001645 16.215000002716 15.846000021291 15.37700000446
4.332969381978E-010 5.8924477536005E-010 9.4212688617602E-010 3.0760714932681E-009 3.2147054332757E-010 5.9469648650001E-010 0.0009999988622066 0.0020000011326572 0.0079999981064451 0.023000002725738 0.058999999126533 0.13400000135479 0.27400000096843 0.50899999923793 0.87300000039031 1.392000001877 2.0780000005261 2.9310000025441 3.930999991632 5.0450000011512 6.2319999982322 7.4469999999141 8.6459999955816 9.7939999920993 10.861000012323 11.829000001636 12.68599999644 13.427000000178 14.053000002077 14.569000006617 14.979000006601 15.290000006983 15.506999997153 15.635000008607 15.677999997735 15.634999990366 15.506999997891 15.289999989338 14.978999993921 14.568999997294 14.052999999885
-1.7996893462567E-107 -1.2725730878339E-107 -4.395382515405E-108 -6.8756400924033E-010 -2.0010061051699E-009 7.1678370877626E-010 -7.0073755478739E-010 0.00099999915902138 0.0039999998125722 0.012000000464796 0.033000001286699 0.07899999963374 0.16900000256603 0.32700000020637 0.58399999989873 0.96399999910075 1.4889999997634 2.1649999970519 2.9860000004577 3.9310000021804 4.9679999996135 6.0610000015556 7.1689999995182 8.2560000042852 9.2909999906594 10.24999999555 11.115999994189 11.880000006696 12.535999999345 13.083000000109 13.525000005854 13.863000002877 14.101000006061 14.243000017304 14.290000006046 14.243000001549 14.101000026085 13.862999994011 13.525000025289 13.08300000351 12.535999993991
1.9723204018286E-009 -3.3397837279047E-010 -1.6705430340643E-009 -1.6544967240409E-009 -1.2113330119783E-009 6.7001596545241E-010 4.7546478039451E-011 2.3940705771996E-009 0.0020000009533704 0.0060000021789482 0.0169999999117 0.043000000108483 0.096999998384477 0.19800000094387 0.36800000237953 0.63300000119549 1.0129999995191 1.5230000018982 2.1649999985116 2.9309999991616 3.7990000008169 4.7419999959083 5.7250000063198 6.7149999979304 7.6809999952114 8.5969999994627 9.4409999970037 10.199000001064 10.861000001346 11.421999995284 11.88000000073 12.233999995039 12.484999993655 12.635999994919 12.686000000841 12.635999998085 12.485000000152 12.233999995805 11.880000011513 11.421999998402 10.861000009987
8.285513927974E-119 5.9600239992612E-119 2.711405329608E-119 -2.4117527649071E-120 -6.1611404200039E-010 1.1133299959026E-009 -6.7037115962509E-010 2.2399152324604E-010 0.0010000003662852 0.0030000001987245 0.0080000019498271 0.022000000055766 0.052000001172042 0.11100000026447 0.21700000027438 0.38999999687051 0.65000000288365 1.0129999999195 1.4889999998888 2.0780000028272 2.7700000012921 3.5450000006606 4.3780000016003 5.240000004431 6.102999997865 6.9399999962462 7.7289999946129 8.4500000069273 9.091000002291 9.6419999870197 10.098000000603 10.452999986927 10.708000000735 10.860999983954 10.912000000717 10.861000000671 10.708000002369 10.453000005317 10.098000002156 9.6419999897832 9.0909999977433
-5.1117610925272E-010 1.1905322761309E-009 -1.0520233723064E-009 -1.2802356999053E-009 -1.7936327140748E-009 9.5526896809472E-010 -4.1772902649971E-010 4.2150159057508E-010 -6.3646432742204E-010 0.0010000006369536 0.0040000012112379 0.010000001772468 0.025999999679648 0.058000000158554 0.11900000048925 0.22400000065519 0.38999999984546 0.63300000122603 0.96399999875555 1.3919999999517 1.9119999984956 2.5150000003748 3.1839999964408 3.8979999983464 4.6309999943404 5.3589999992562 6.0609999966826 6.7149999914305 7.3069999997185 7.8239999974649 8.2560000140134 8.5969999984135 8.8429999994808 8.9919999960843 9.0410000008366 8.9919999992004 8.8430000006686 8.5969999992533 8.2560000007154 7.8239999984441 7.3070000007713
1.8866225754176E-113 1.0144622013203E-113 1.5298367673562E-114 9.7184569863555E-115 -1.5102317668783E-113 3.6217786045624E-010 -1.8549662383655E-009 2.1605938934667E-009 -1.241569025541E-009 2.6561475588438E-010 0.00099999781605245 0.0040000000581953 0.012000000456499 0.028000000110611 0.059999999587055 0.11899999788315 0.21700000105993 0.36799999968205 0.58400000272923 0.87300000193108 1.2400000008788 1.681000001992 2.1870000011785 2.7430000011208 3.331000002142 3.9310000009428 4.5209999954264 5.0840000061666 5.6020000020563 6.0609999947108 6.4500000000016 6.7599999918847 6.9860000001306 7.1229999920093 7.168999999992 7.1230000028127 6.986000001991 6.7599999893088 6.4500000018531 6.0610000037502 5.6020000028793
9.4973856843743E-010 3.349572836734E-010 -1.6309319119402E-009 1.4517748456902E-009 -1.4786179520914E-010 -7.5535790064922E-010 -3.0869605787878E-009 -5.5041077034676E-010 -8.1178474771286E-010 8.0115245036996E-010 0.00099999985067851 0.0020000020428486 0.0050000012355987 0.012000002249587 0.027999998244608 0.057999999198255 0.11100000122523 0.19799999931836 0.32699999859002 0.5090000002628 0.74999999930423 1.0499999998188 1.4069999973857 1.8129999990182 2.2549999988418 2.7169999989011 3.1839999985134 3.6389999983533 4.0649999995952 4.448999997347 4.7790000001266 5.0449999973236 5.24 5.3589999973451 5.3990000008365 5.3589999988815 5.2399999910676 5.0449999989545 4.7790000008787 4.4489999987002 4.0650000004357
9.7292156515398E-114 5.4464411411181E-114 1.0823431200571E-114 4.0674097997223E-115 -7.732183033798E-114 -4.5657121387938E-114 3.4857334795535E-114 2.9314286961388E-009 -2.35656831939E-010 -1.4595398780629E-009 6.4258171212413E-010 0.0010000005841216 0.002000000957283 0.0049999987121213 0.011999999830373 0.025999999234836 0.052000001859085 0.09699999783792 0.16900000099076 0.27400000207741 0.41900000051502 0.60800000106822 0.84100000074324 1.1149999994337 1.4230000002004 1.755999999853 2.099999996684 2.4420000042696 2.770000001381 3.0700000000284 3.3309999994678 3.5450000063403 3.7019999994917 3.7989999918658 3.8319999994274 3.7990000010286 3.7020000014643 3.5450000042693 3.3310000013422 3.0700000025374 2.7700000020378
-1.7892404433168E-010 1.3537000172549E-009 -1.4425988514408E-009 6.152900504833E-010 -2.2750525288572E-009 -7.4932378018491E-010 -1.5088986708444E-009 3.4767761044295E-010 -3.1271369924958E-009 -5.3281098039452E-011 4.3055170192985E-010 7.2419062413509E-010 0.0010000013792059 0.0020000005771986 0.0040000037022311 0.0099999998447216 0.021999999506705 0.042999999184841 0.078999999491278 0.13400000010633 0.21399999918571 0.32300000039822 0.46199999770115 0.63299999814512 0.83000000123162 1.0499999998561 1.2839999970567 1.523000000441 1.7559999996436 1.9729999978251 2.1649999995547 2.3239999973406 2.4419999998202 2.5149999973168 2.5400000001802 2.5149999961826 2.4420000034502 2.3239999963771 2.1650000007137 1.9729999969811 1.7560000006398
-1.954122750817E-113 -1.0927508953244E-113 -2.1617599944739E-114 -8.2471861290978E-115 1.5592867944604E-113 1.2698939763328E-113 -6.9855246555924E-114 1.9033202747708E-009 -3.3136514756074E-010 1.2118696514503E-009 -6.6669835263925E-010 1.9970409284586E-009 -5.002772762025E-011 0.00099999826178997 0.000999999514846 0.0039999996994143 0.0079999995704581 0.016999998160536 0.033000001253703 0.0589999999364 0.099000000234044 0.15499999995883 0.23100000035775 0.3270000009647 0.44300000112941 0.57599999849672 0.72099999767321 0.87300000215202 1.0250000008739 1.169000000042 1.2989999994141 1.4070000012056 1.4889999995364 1.5399999949099 1.556999999393 1.5400000007906 1.4890000009591 1.4070000000075 1.2990000008516 1.1690000015978 1.0250000011972
3.0966438288412E-010 -4.7534841327361E-010 -3.0279049196122E-011 -9.7380722982648E-010 -3.9616429843857E-010 3.252065011423E-009 7.5645815172791E-010 3.1910913715265E-009 -1.9540524711012E-009 1.5252282843561E-009 -2.4018040065479E-009 1.8796785902948E-009 1.2242716634307E-009 1.0912021026349E-009 2.7787078991925E-009 0.0010000009593914 0.002999999916884 0.0060000026664785 0.012000000478515 0.022999999976092 0.040999999529533 0.067000000483522 0.10399999887599 0.15300000073955 0.21399999781069 0.28599999931543 0.3679999993298 0.45599999988107 0.54600000043285 0.63300000248757 0.71199999642598 0.77900000039501 0.82999999732998 0.86199999921564 0.87300000101458 0.86199999999229 0.82999999716319 0.77900000041352 0.71199999964571 0.63300000012749 0.54600000047273
6.181057095017E-114 3.4779879107584E-114 7.0362521808286E-115 2.5061884770989E-115 -4.8417936867424E-114 -2.852829440516E-114 2.178119225234E-114 1.1432986329385E-114 -2.8779105189526E-115 4.0043502933955E-009 4.7560009787872E-010 3.7444392812086E-010 -3.1047642929912E-009 -1.7805338280164E-010 -1.3600476517564E-009 -3.8311839876785E-009 0.00099999982757257 0.001999998931918 0.0039999997877394 0.0079999995872549 0.014999999743965 0.025999998592677 0.04199999953483 0.063999998701846 0.092000000372261 0.12799999761766 0.16899999892915 0.21400000066645 0.26100000043995 0.30899999869527 0.35200000001597 0.39000000032125 0.41900000010494 0.43699999654 0.44300000115232 0.43699999831319 0.41900000050587 0.38999999944288 0.35200000043065 0.30899999977097 0.26100000059827
-4.0326026337005E-011 6.3976186235123E-012 5.4908823312076E-011 1.2223108554776E-010 -2.0544648566422E-010 -2.2461235772713E-010 6.0520832577835E-011 -4.9944304667265E-010 3.0527030798636E-010 4.4820576468436E-010 -4.9701874533389E-010 -2.2699934335393E-010 -1.9828903933313E-009 5.1182602210306E-010 -3.4734049360677E-010 4.1134588248636E-010 7.8301780510881E-010 2.2006512068358E-009 0.0010000006358603 0.0020000013144958 0.0050000006605752 0.0090000018355763 0.015000000562595 0.023000001045064 0.03499999990332 0.050000000331947 0.06799999987961 0.089000001760468 0.11100000044385 0.13399999999889 0.15500000078853 0.17400000014345 0.18900000008764 0.19800000057961 0.20099999968224 0.1979999995654 0.18900000114145 0.17399999947558 0.15500000093551 0.13399999971538 0.11100000003351
2.6410591563214E-115 1.4768301164922E-115 2.9239352246238E-116 1.1101011658466E-116 -2.1046064875355E-115 -1.7136534592118E-115 9.4281952829074E-116 7.0064957855401E-116 -1.3391639476508E-116 -7.9081657393207E-117 1.0026851443398E-116 -9.9857410039376E-117 5.1136190555981E-010 -1.0075929329442E-009 1.4967882456477E-010 1.8340449229855E-009 5.5007315846387E-010 -2.9535574467936E-009 -9.0075773532747E-010 0.00099999459267969 0.00099999936230715 0.0019999991537261 0.0039999998612419 0.0069999993198322 0.012000000931915 0.016999999806419 0.02400000162072 0.032999999391633 0.041999999508041 0.050999997847779 0.059999999854226 0.067999997934754 0.075000001368888 0.078999997887578 0.080000002140014 0.079000001265682 0.075000000196242 0.067999999705482 0.059999999453795 0.05099999964192 0.041999998929356
-2.80504942268E-011 -1.0965944962607E-010 2.3394419774177E-011 -1.0001500301521E-010 1.8358583648362E-010 1.1006112038328E-010 -3.665503189365E-010 6.3833948100744E-011 -2.7624731304868E-011 3.6888027746854E-010 1.2647343524332E-009 -1.2024537536747E-009 2.5043793575224E-010 -2.7576555376716E-011 -2.948230724541E-010 7.9619417441977E-010 8.6434341346579E-010 3.4412137625128E-010 -1.408860281503E-009 -3.2865997336845E-010 1.3679513728368E-009 0.0010000015987989 0.0010000001301712 0.0020000007613807 0.0030000006109704 0.005000000301137 0.0070000015891943 0.010000000221099 0.013000000495982 0.017000000328028 0.020000000945831 0.023000000689363 0.025999999944803 0.027000000956246 0.027999998779326 0.027000002041733 0.025999998514163 0.023000001367564 0.019999998526348 0.017000002855269 0.01299999879269
-8.9926377977643E-115 -5.029223910728E-115 -9.9487930812286E-116 -3.800454050575E-116 7.1786006312826E-115 5.8467277469722E-115 -3.2159272535727E-115 -1.6729960577933E-115 4.6665828781064E-116 2.8073703012748E-116 -3.2833960890675E-116 3.5332735014931E-116 9.0287725947099E-116 2.7453309722016E-116 -3.2322448016119E-116 2.2365366214843E-009 -3.6544561340002E-010 9.0186074276979E-010 3.2123758102361E-010 -1.9510500745383E-010 -1.5771045816407E-009 -2.2597303737416E-009 5.4445611517503E-010 -9.7338635676042E-010 0.0009999983249253 0.00099999846098357 0.0019999998652069 0.0029999981282038 0.0039999998712314 0.0049999973740765 0.0060000008717999 0.0069999993418379 0.0080000007609893 0.007999999269867 0.008000000380011 0.0080000004023564 0.0079999998440076 0.0069999993441805 0.0059999998541129 0.0049999999930988 0.0040000013480959
1.2879422348889E-011 2.1943015497166E-011 -2.6156891290783E-011 -6.3908681274609E-011 -1.6020777575144E-011 -1.1228516481059E-010 1.0650977773647E-010 3.2154585418797E-010 3.3770955707992E-010 1.2342040588079E-010 -6.0622143776118E-010 1.4169830636868E-010 -6.4361619301685E-010 -1.0617924463786E-009 1.2554869054277E-009 -1.9228561546469E-009 1.3286275850094E-009 -9.8530008272728E-010 -9.945983819557E-010 -1.5464765945421E-009 -8.0771181165977E-012 -2.378661237163E-010 2.7426831851647E-009 6.3145301520181E-010 8.77471348186E-010 6.0316022922752E-010 9.5332717544791E-010 0.0010000009464131 0.0010000006779521 0.00099999918190033 0.0010000011803058 0.0020000003422568 0.0019999999576365 0.00200000013546 0.0020000004974414 0.0020000002978282 0.0020000005634628 0.0020000001371063 0.0010000006508539 0.001000000029603 0.0010000008257038
