Test data_DRK/Large and Small mount_New/MarsModel3TwoMountainsFar_Topo.grd
DSAA
1024 512
-5120 5110
-2560 2550
-5.094852766728E-009 20.000000022597
[rows 234 to 251 of 512, columns 779 to 819 of 1024]
3.3841356843228E-073 6.2072402425058E-074 3.6183206691409E-074 7.9395876086522E-075 1.7351731786314E-075 -3.9066284128119E-074 -2.2215290852225E-074 1.7101849783655E-074 9.1297235521201E-075 -1.699366929341E-075 -1.0251290375331E-075 1.3366678991787E-075 -1.9308717806547E-075 -4.6441557248674E-075 -1.355961079222E-075 1.7383831883411E-075 1.2452019060775E-075 4.4011354573117E-076 2.9944787552506E-076 8.4691718367966E-077 -7.8251441460409E-078 -2.6027879728229E-076 -4.0734434605333E-077 1.3164233464163E-076 2.4032611214457E-077 -3.3011743591059E-077 -4.028843567292E-077 -1.6485059126985E-077 -9.4653006830796E-079 9.9388010346791E-078 3.9666405741015E-078 2.1008753943071E-078 1.9565928255525E-078 -1.5129300960923E-078 -4.9122144471528E-079 -6.145649426874E-079 -3.7729830697256E-079 2.3460166901862E-079 1.6305378184202E-079 1.4846667170718E-079 -3.8343764053562E-080
-8.5280773079576E-147 -2.1272780765714E-147 1.171499538446E-146 1.7024631767089E-146 2.8187085719182E-146 -1.5754822663977E-146 -7.9669337776409E-146 -8.6010827046789E-146 -1.1754531459129E-146 1.6373448070437E-145 3.147997854034E-145 -1.2058376664261E-145 -4.4103774313943E-145 -9.0137378043952E-145 -9.3505170793221E-145 2.8206987281954E-145 2.8843455526144E-144 3.0667192067813E-144 4.6996379805964E-145 -9.1842425367814E-144 -1.6513461739802E-143 -1.5608829912694E-143 7.9563879235475E-144 3.848499348962E-143 5.3960353689963E-143 3.4497399405198E-143 -5.9782047720189E-143 -1.0278729060004E-142 -1.299033401147E-142 4.5542143257919E-143 3.0022243375319E-142 2.5577431498797E-142 5.5917115847128E-142 -4.536614927881E-142 -2.0661120309839E-141 -2.4074257618055E-141 6.4227873511936E-143 4.8445520910909E-141 8.7115827587694E-141 4.9480271350507E-141 -7.1584099183785E-141
1.8981035295703E-072 3.3601172753161E-073 1.9517979194137E-073 4.2046506376461E-074 1.0071585156845E-074 -2.1584157842879E-073 -1.2333404871472E-073 9.4732414697366E-074 7.091784218548E-074 -9.568717961033E-075 -5.5363985562085E-075 8.1021429550009E-075 -1.0290928372505E-074 -2.5923645590378E-074 -7.6352412135282E-075 9.5558431827395E-075 6.9013122391895E-075 2.4832820065988E-075 1.6943770414941E-075 4.8845014466559E-076 -4.2885483203351E-077 -1.4687824313922E-075 -2.3282392633244E-076 7.3410481768037E-076 1.3296676590639E-076 -1.8403548034654E-076 -2.2535620503576E-076 -9.1558357701134E-077 -5.0542129438606E-078 5.5318669578075E-077 3.3359527724619E-077 1.1753520701564E-077 1.1091474894014E-077 -8.2514154708757E-078 -2.559001730445E-078 -3.4623587607462E-078 -2.1294494580443E-078 1.2871202813146E-078 8.9984221409199E-079 8.2779045688052E-079 -2.1232305830887E-079
-4.718714415711E-146 -1.1770551882683E-146 6.4820845121462E-146 9.4199867747807E-146 1.5596341678518E-145 -8.7173821880962E-146 -4.4082252024178E-145 -4.7591094057805E-145 -6.5039601946915E-146 9.0596769767879E-145 1.7418349199489E-144 -6.6720826010962E-145 -2.4403286769696E-144 -4.9874377325809E-144 -5.1737828020522E-144 1.5607353602426E-144 1.5959521048102E-143 1.6968622134401E-143 2.6003809112054E-144 -5.0817805898132E-143 -9.137148675526E-143 -8.6366021863308E-143 4.4023900014956E-143 2.1294330209139E-142 2.9857081674049E-142 1.9087933970256E-142 -3.3078313182282E-142 -5.6873765639857E-142 -7.1877487302508E-142 2.5199158455385E-142 1.661176242284E-141 1.4152380689313E-141 3.0939787427007E-141 -2.5101778225031E-141 -1.1432110982541E-140 -1.3320651487241E-140 3.5538275748923E-142 2.6805640942227E-140 4.8202507238096E-140 2.7378183519466E-140 -3.9608567386967E-140
8.6000600763693E-070 -3.6628749418395E-070 -3.7129238021549E-070 -1.7750280837212E-070 -8.2397257174679E-071 6.9504092577355E-071 1.1335111593583E-070 4.1615686569444E-071 1.6512432772569E-071 -4.7090676648362E-071 -6.540099504188E-071 -8.0634023142477E-072 -2.4931445781076E-072 6.6315635192218E-072 -1.1503302356429E-072 -3.3862081376346E-072 -1.2620456332665E-072 -9.7907042318947E-073 -7.8910741621952E-073 -2.5141981600735E-073 2.5989151122964E-074 5.0713228417968E-073 8.7342378628665E-074 -1.971929557905E-073 -2.2161963868667E-074 8.000121267967E-074 8.2878478343396E-074 5.230174334799E-074 5.3632356289779E-075 -2.0550782491164E-074 -1.0633718186763E-074 -6.903838942524E-075 -4.1504246190943E-075 3.3236343727503E-075 9.9657751594422E-076 9.8213712159512E-076 6.3180272081608E-076 -6.5213746003318E-076 -3.8545087234097E-076 -2.5626162907945E-076 1.0177793727255E-076
1.2066479538837E-142 3.0099103535012E-143 -1.6575691403651E-142 -2.4088358462264E-142 -3.9882245761434E-142 2.229169386732E-142 1.1272511422148E-141 1.2169775483804E-141 1.6631606597161E-142 -2.3166991843697E-141 -4.4541401618484E-141 1.7061548143361E-141 6.2402968844968E-141 1.2753646846417E-140 1.3230159135044E-140 -3.9910413734824E-141 -4.0810952022345E-140 -4.3391381213492E-140 -6.6495740815696E-141 1.299489658412E-139 2.3365100509202E-139 2.2085127178694E-139 -1.1257587715131E-139 -5.4452890831412E-139 -7.6349180763315E-139 -4.8810794937758E-139 8.4586363778397E-139 1.4543498066722E-138 1.8380186358583E-138 -6.4438178386828E-139 -4.2478855201882E-138 -3.6189841461801E-138 -7.9117777575945E-138 6.4189148988345E-138 2.9233667980848E-137 3.4062946063574E-137 -9.0879146288688E-139 -6.8546155585319E-137 -1.2326118753219E-136 -7.001017698403E-137 1.012852566099E-136
-5.0389510038586E-070 -9.8132875263545E-071 -6.9824016688628E-071 -3.102740627183E-071 2.4715814655253E-072 7.2030329924953E-071 4.0256212542207E-071 -3.0604171962191E-071 -2.3771078236594E-071 5.2977129665957E-073 1.518964052763E-072 -5.8155617052876E-073 3.4045268730755E-072 8.4906482766077E-072 2.54786829511E-072 -2.8934165370944E-072 -2.0965923931885E-072 -7.644520251151E-073 -5.6190515159976E-073 -1.255144845566E-073 -9.5725968652514E-075 5.8186981814549E-073 1.7725785516371E-073 -1.8151185855756E-073 -2.099448088136E-074 4.1827159832479E-074 6.3197630007906E-074 1.5760759108675E-074 -3.0546563414349E-075 -9.6597734558355E-075 -4.3294286164839E-075 2.0581056073226E-076 -2.0037125201037E-075 9.6936499704096E-076 2.3519573845474E-076 2.4232419842565E-076 5.1465185654473E-076 9.2308974598918E-077 -7.4584733891041E-077 -2.1217406204102E-076 -5.0226383258217E-077
3.4441613493126E-149 1.8961805849542E-150 -6.9933890624515E-149 -7.2142227629383E-149 -6.4498877775475E-149 4.5244515251631E-149 1.9174067427761E-148 1.9631251719244E-148 -2.0154336619992E-149 -7.0116358517919E-148 -1.3041609611842E-147 -5.2809422392836E-148 1.4130297234198E-147 3.1150397607624E-147 4.0444821279245E-147 1.9834584910298E-148 -8.7108191507779E-147 -1.0758710164985E-146 -2.1858613542148E-147 2.4548250993178E-146 5.9490379736526E-146 6.3122124612884E-146 -1.7402495478947E-146 -1.0426518200488E-145 -1.8293505178952E-145 -1.0336948166154E-145 2.4344083449643E-145 3.1115930575087E-145 3.3831345831199E-145 -2.8383957081795E-145 -1.0688599334027E-144 -8.3330455020773E-145 -1.1712760171291E-144 2.0579636940896E-144 6.6571490612682E-144 7.9619178708328E-144 1.1327385405234E-146 -1.1198722258826E-143 -2.3378335497846E-143 -1.6080533418625E-143 1.8817810867338E-143
4.5632414290598E-072 8.5636505043957E-073 5.0973566430028E-073 1.2428601909399E-073 1.9479063736278E-074 -5.4094762091467E-073 -4.2831433001597E-073 2.3405785760175E-073 1.7569289511039E-073 -2.26264254815E-074 -1.8831180151431E-074 1.8340935803523E-074 -2.5885278783634E-074 -6.3713445222164E-074 -1.8578583768394E-074 2.3853533932148E-074 1.70431635886E-074 5.9905158116021E-075 4.0923829162736E-075 1.1776499577403E-075 -1.0937347908195E-076 -3.5748711658309E-075 -5.6695506137272E-076 1.7990392049995E-075 3.2744494587739E-076 -4.5124781496458E-076 -5.515922539131E-076 -2.2496036066405E-076 -1.2694474141334E-077 1.3574351076042E-076 5.4090453999954E-077 2.8616261439666E-077 2.6738721767662E-077 -2.063853162537E-077 -6.7006816079571E-078 -8.384793197839E-078 -5.158984270717E-078 3.1916631172558E-078 2.2242134673625E-078 2.0310203514147E-078 -5.2090834579045E-079
-8.695314420609E-146 -4.7872011735508E-147 1.7655884519488E-145 1.821341334936E-145 1.6283732589733E-145 -1.1422672363357E-145 -4.8407877537443E-145 -4.9562110692264E-145 5.0882687321262E-146 1.7701951156062E-144 3.2925546250031E-144 1.3332550081245E-144 -3.5674103910564E-144 -7.8643961840649E-144 -1.0210916420843E-143 -5.0075486415194E-145 2.1991800297954E-143 2.7162016092097E-143 5.5185435601507E-144 -6.1975829749109E-143 -1.5019260163817E-142 -1.593615018144E-142 4.3935267547539E-143 2.632334667091E-142 4.618476472902E-142 2.6097214836514E-142 -6.1460378012452E-142 -7.8556949631805E-142 -8.5412437458493E-142 7.1659651000187E-142 2.6985010583E-141 2.1038054196969E-141 2.9570666209444E-141 -5.1956453274305E-141 -1.6806996176113E-140 -2.0101086180329E-140 -2.8599218544963E-143 2.8272895817267E-140 5.9022205960872E-140 4.059778420408E-140 -4.750845255907E-140
-4.8175954012366E-072 -9.0494996033666E-073 -5.3878937121212E-073 -1.3143873266328E-073 -2.0561397641482E-074 5.713467394334E-073 3.236713687059E-073 -2.4892627774565E-073 -1.3436497976871E-073 2.2250811310113E-074 1.4093436220691E-074 -1.7950782394924E-074 2.8393356961031E-074 6.7189232928818E-074 1.9412587666149E-074 -2.5456545651387E-074 -1.806619209381E-074 -6.2664799026119E-075 -4.2698132859431E-075 -1.2065758427915E-075 1.1597442939849E-076 3.7331184219632E-075 5.848507998511E-076 -1.8981101062245E-075 -3.4779415288309E-076 4.7618826312714E-076 5.8038505147416E-076 2.3816120849552E-076 1.3893109943318E-077 -1.4344692248663E-076 -8.6710547505697E-077 -3.0748052434463E-077 -2.8710494815456E-077 2.1489797390302E-077 6.6700930921299E-078 9.0098224885155E-078 5.5012281298252E-078 -3.382322912423E-078 -2.3436923811789E-078 -2.1356048334493E-078 5.6038862914193E-079
-3.8895026135577E-020 -5.2989592901792E-022 8.296723393472E-020 8.3654460046885E-020 7.2558020720263E-020 -5.5488917693231E-020 -2.2652550806246E-019 -2.222741125291E-019 4.8384744642562E-020 8.48416221746E-019 1.5295930405676E-018 5.8712174005808E-019 -1.7742240565514E-018 -3.7034851916645E-018 -4.5901809170975E-018 2.9006771022896E-020 1.0537695594269E-017 1.2569906111549E-017 1.8302928067203E-018 -2.8524248635636E-017 -6.7811839941209E-017 -7.0049659837333E-017 2.4287333396202E-017 1.1945079872518E-016 1.9964036564309E-016 1.0517088836731E-016 -2.7838130845654E-016 -3.2592508318322E-016 -3.0555083593283E-016 4.0191139984383E-016 1.2299811896522E-015 8.6195871932494E-016 9.6029941474101E-016 -2.4575826241065E-015 -6.8740739448556E-015 -7.7248560791904E-015 1.278694944422E-015 1.1591295162501E-014 2.0643882890949E-014 1.1821526392217E-014 -2.2254771730933E-014
2.3339246534079E-070 -1.0377279001955E-070 -1.0413811951315E-070 -4.9475607707996E-071 -2.2487913966057E-071 2.0016293214605E-071 3.1984079696358E-071 1.1196541995202E-071 4.2875770042332E-072 -1.3099839685345E-071 -1.8133807476374E-071 -2.1370918724506E-072 -6.1454659203338E-073 1.9152237624532E-072 -3.0784662047266E-073 -9.7998874513032E-073 -3.7527349624695E-073 -2.7481823416701E-073 -2.1980623602618E-073 -6.6777080883738E-074 9.5220169937482E-075 1.4368475055256E-073 2.4536680526116E-074 -5.7391949965987E-074 -6.8129459401082E-075 2.3115384460675E-074 2.3854490468565E-074 1.5157886107979E-074 1.5934539501479E-075 -5.9656192889107E-075 -3.0909488768128E-075 -2.0147686009092E-075 -1.2057420960768E-075 9.6728468061108E-076 2.9062430665047E-076 2.868018716133E-076 1.8260259376145E-076 -1.9084237889593E-076 -1.1221668557831E-076 -7.4047945380724E-077 2.9931041305838E-077
4.1885937778617E-022 -3.4145395739874E-022 -9.501753308089E-022 1.0934731506164E-021 1.5784858437719E-021 4.1048398536287E-021 1.5609224847729E-020 1.4315298054324E-020 4.0979351164485E-021 -1.0199838172761E-020 -3.7616970839925E-020 9.7246321292848E-020 2.0055210811328E-019 4.0399880152029E-019 2.167513387738E-019 -2.611286187634E-019 -1.2345789187771E-018 -2.8152508317257E-019 1.0810674799063E-018 3.49162765101E-018 7.5601038216691E-018 7.8190657639516E-018 -7.3415142978524E-018 -9.7148315844704E-018 -3.0460083686922E-017 -2.1618794249573E-017 2.4995098424126E-017 7.6095369459435E-018 4.1857203378476E-017 -1.2210312905259E-017 -1.8817789301879E-016 -5.4161279616443E-017 9.470657614243E-017 5.9989517547973E-016 1.4775557683727E-015 1.7495918669641E-015 -7.5961165741247E-016 -1.9315303770221E-015 -6.9773499081329E-015 -6.0882229886115E-015 3.8748631160837E-015
6.0364663377556E-072 -2.2987676639659E-072 -7.5853270042876E-072 -3.1806092256304E-072 3.6670027675248E-073 2.6633149113276E-072 9.1701246532332E-073 2.9779685742874E-073 -2.549346353849E-073 -5.731573076829E-073 -4.9581610618177E-073 -1.9308135487182E-073 8.023397371315E-074 1.6545720129828E-073 7.6565756115886E-074 1.5385985973803E-074 -4.3279210475381E-074 -2.9742880316828E-074 -1.4660746778777E-074 -2.043487784586E-075 4.305998242692E-075 1.196349945037E-074 4.9133711257552E-075 -4.4442499088621E-076 -2.3701691702197E-075 -9.853868529351E-076 6.1764322788797E-076 4.4044747758549E-076 1.6874234448479E-076 5.3226164902342E-077 -1.9747635115351E-077 -9.8410300203782E-077 -5.5980589111529E-077 -3.0970081857313E-077 1.9998528102561E-077 2.8102481272127E-077 1.133359021211E-077 8.0199960794959E-079 -1.0903930279016E-078 -9.8146250394243E-079 2.4062067894327E-079
1.3052951832208E-019 -2.2510606853897E-021 -2.8861641230674E-019 -2.8613949844012E-019 -2.4142802265091E-019 1.9816196668956E-019 7.8407024013481E-019 7.4554642234662E-019 -2.2581056684619E-019 -2.9795238866323E-018 -5.2599898800356E-018 -1.9350472389227E-018 6.37467878136E-018 1.2874069758613E-017 1.5455113576664E-017 -6.4644118086351E-019 -3.6797928124603E-017 -4.3009190532245E-017 -4.6122771325116E-018 9.7779788226953E-017 2.3013560878957E-016 2.3288277541348E-016 -9.273841757296E-017 -4.0756021465313E-016 -6.6455740512364E-016 -3.3562491144318E-016 9.4185120614785E-016 1.0471042105963E-015 9.3151414227201E-016 -1.4936096800763E-015 -4.2636956178589E-015 -2.8502341367436E-015 -2.6775105690714E-015 8.5744504700346E-015 2.2022213118743E-014 2.3684693730328E-014 -6.9408347161972E-015 -3.7294984858414E-014 -5.7791674023382E-014 -2.6741279688513E-014 8.8243080340175E-014
6.6070204883935E-066 1.8537668046669E-066 -1.2679485839924E-066 -1.1014705958993E-066 -1.1291866757717E-066 -3.1327169912126E-067 1.0686410647367E-067 4.048052653205E-067 2.5247240366095E-067 7.8631033935737E-068 -1.1174295429119E-067 -1.5689524279695E-067 -6.9817146526163E-068 -1.5586899055968E-068 1.5996000669844E-068 3.1234889870079E-068 2.9086312368639E-068 4.6622705936712E-069 -1.0340417939784E-068 -1.0981693966417E-068 -4.607592591015E-069 -7.339017314982E-071 2.2155669272239E-069 3.3278221960504E-069 1.7617130476992E-069 3.2050725054516E-071 -9.7849826280736E-070 -9.8199683935339E-070 -3.8510330087823E-070 6.732415962243E-071 1.9584743787718E-070 2.698053401657E-070 9.9731728773552E-071 -3.30954726469E-071 -5.3965570984508E-071 -6.5671712760159E-071 -1.8981761443897E-071 8.7451241054655E-072 1.2251651822393E-071 7.36089092456E-072 -1.131243896278E-072
5.544297952768E-021 -3.5343955674147E-021 -1.0926063062722E-020 1.2633881943126E-020 1.7670208166376E-020 5.1845892753979E-020 1.8973494270762E-019 1.7450388895404E-019 5.7113365875782E-020 -1.2000610634002E-019 -4.6133744395659E-019 1.1658452100446E-018 2.4449320803062E-018 4.8851307901408E-018 2.6877496104824E-018 -3.2034464970129E-018 -1.5197513647566E-017 -3.568068831225E-018 1.2709884886203E-017 4.2300570207205E-017 9.2769122803226E-017 9.6068650124722E-017 -8.9086800365944E-017 -1.2113524683674E-016 -3.7134545952782E-016 -2.6771138909008E-016 3.1157147463857E-016 9.2496476894336E-017 5.1939579834959E-016 -1.5797105037354E-016 -2.2580608453593E-015 -6.3747817399515E-016 1.2456754176772E-015 7.4221960391918E-015 1.7854189041404E-014 2.1330885693501E-014 -9.0915523919567E-015 -2.271601447907E-014 -8.4650769791872E-014 -7.2772324098072E-014 4.4661611132672E-014
