Test data_DRK/Large and Small mount_New/MarsModel3TwoMountainsFar_Topo.grd
DSAA
1024 512
-5120 5110
-2560 2550
-5.094852766728E-009 20.000000022597
[rows 252 to 269 of 512, columns 328 to 368 of 1024]
-4.6874310292641E-010 -2.4069550215791E-009 4.6382410759382E-010 0.0010000000982183 0.0060000009625851 0.020000000160066 0.059999999157751 0.15500000060887 0.35199999744295 0.71200000067734 1.2989999998425 2.1649999974602 3.33100000057 4.7790000041267 6.4500000024285 8.2559999913021 10.097999994507 11.879999997365 13.524999991131 14.979000008832 16.215000005844 17.227000007777 18.028000016143 18.639999998823 19.091999997484 19.414999989564 19.636000008301 19.783000002202 19.875000018565 19.93099999881 19.962999987845 19.980000014659 19.989000001335 19.991999997528 19.99299999457 19.992000010898 19.989000011052 19.980000023007 19.963000010844 19.931000016384 19.874999993271
6.2337730246873E-010 1.1194646800262E-009 -6.5968420309703E-010 0.0020000038967483 0.0070000005532271 0.023000001212701 0.068000000018166 0.17399999945464 0.39000000051665 0.77900000098268 1.4069999986647 2.3240000006585 3.5450000001693 5.0450000011656 6.7599999996023 8.5969999997641 10.452999999469 12.234000001378 13.863000008657 15.289999997174 16.491000012297 17.464999997096 18.227000018262 18.801999993198 19.220000018831 19.51299998929 19.709999999136 19.835999996317 19.913000004909 19.956999992762 19.980000000939 19.990999992754 19.99600000202 19.997999992689 19.998000011345 19.997999995908 19.996000024417 19.990999996444 19.98000002173 19.956999995566 19.913000015038
8.6035154174546E-010 -1.2532481654011E-009 1.5890128796103E-010 0.00199999978271 0.008000000821741 0.026000000479698 0.074999999248739 0.18900000280672 0.41900000021583 0.82999999964012 1.489000001325 2.4420000001599 3.7020000001453 5.2400000074508 6.9859999967239 8.842999993227 10.70799999564 12.485000007989 14.100999993875 15.506999996394 16.682000000519 17.627999993324 18.362000015892 18.910999993911 19.304999990232 19.576999991658 19.756999997201 19.86900000249 19.935000009468 19.971000021119 19.988999997309 19.995999996907 19.998999993851 20.000000022597 19.999999996867 20.00000002066 19.999000013565 19.996000015304 19.98900001558 19.971000003119 19.93500000362
1.1720861468889E-009 1.1140943189693E-009 9.1055281370434E-010 0.0020000017156851 0.0080000001260327 0.027000000373093 0.078999998133729 0.19799999897592 0.43699999977396 0.86200000052707 1.5399999964424 2.5150000012682 3.7989999994325 5.3590000040914 7.1230000012791 8.9919999999535 10.861000001645 12.636000000426 14.243000003709 15.635000006643 16.795000003679 17.724000003257 18.441000005261 18.973000003875 19.353000021024 19.612999991219 19.783000004032 19.887000004866 19.947000002409 19.978000009216 19.992000000879 19.99800000917 20.000000007663 20.000000009145 20.000000012943 19.999999997364 20.000000007909 19.997999997496 19.992000007331 19.977999997484 19.947000014632
-4.4346740212323E-010 -3.2017273476556E-009 -2.6060566621355E-009 0.0019999991142702 0.0079999994383502 0.028000001155578 0.079999998891343 0.20100000026253 0.44300000023153 0.87299999977604 1.5570000030991 2.5399999968002 3.8319999992629 5.3990000008259 7.1690000068431 9.0409999934783 10.911999997018 12.685999995816 14.289999997763 15.67800001095 16.83200001177 17.755000002601 18.466000021899 18.992999993669 19.369000023307 19.624999990254 19.790999996995 19.893000013417 19.950000005052 19.979999987586 19.992999975093 19.997999995092 19.999999996751 19.999999998401 19.999999996654 20.000000008182 20.000000020507 19.99800001955 19.99300000084 19.980000001582 19.950000010571
-1.2083610986813E-009 2.3973140044278E-009 -1.7472993538159E-009 0.002000001144213 0.0079999997380285 0.027000002793392 0.078999999010684 0.19800000033221 0.43699999970552 0.86200000026966 1.5399999964796 2.5150000007222 3.7989999995795 5.3590000021065 7.123000000945 8.9920000011476 10.861000002595 12.636000001461 14.24300000112 15.635000005088 16.795000003062 17.724000003256 18.441000000396 18.972999995784 19.353000018019 19.612999992706 19.783000003585 19.88699998827 19.947000005976 19.978000009199 19.992000005909 19.998000009085 20.000000010722 20.00000000914 20.000000001307 19.999999996994 20.000000004523 19.997999996653 19.992000003383 19.977999985722 19.947000030576
-4.4346740212323E-010 -8.5505530379639E-010 -1.4162174367255E-009 0.0019999990980967 0.0079999982952741 0.026000001108629 0.074999998652745 0.18899999992051 0.41900000049882 0.82999999918715 1.4890000009589 2.4419999974856 3.7019999977418 5.2400000036651 6.9859999988969 8.8430000052734 10.708000000908 12.484999996219 14.100999999874 15.507000002149 16.68199999033 17.628000001025 18.362000013239 18.910999995892 19.30499998974 19.576999996556 19.757000011767 19.869000013928 19.93500001097 19.970999995537 19.988999997507 19.996000017457 19.998999997083 20.000000009656 19.999999997468 20.000000004057 19.999000012887 19.995999992714 19.989000021838 19.971000007503 19.935000002336
-1.5075971881474E-009 2.4913288044961E-009 -5.3950449836748E-010 0.0020000013552962 0.0069999990572389 0.023000002895057 0.067999997433173 0.17400000008443 0.38999999908095 0.77900000038957 1.4069999974456 2.3240000023904 3.5449999975676 5.0450000039388 6.7600000016457 8.597000001989 10.453000002794 12.234000002198 13.862999994111 15.290000004418 16.490999990936 17.465000002495 18.226999992218 18.801999992279 19.219999990878 19.512999998667 19.709999994375 19.835999998404 19.91300000682 19.957000009147 19.980000007311 19.991000009175 19.996000004764 19.998000009203 19.998000005503 19.997999996956 19.99599999803 19.990999997093 19.979999999643 19.95699999687 19.913000008667
1.1672796497832E-009 -9.1389298646077E-010 -6.2201373565718E-010 0.0010000020223223 0.0059999956532347 0.020000001017513 0.059999999104024 0.15500000036739 0.3520000012087 0.71200000037458 1.2989999978594 2.1650000005588 3.3309999983211 4.7790000006294 6.450000012116 8.2560000004081 10.098000002396 11.88000000678 13.525000004477 14.978999994375 16.215000022697 17.22700001849 18.028000024703 18.639999995728 19.091999995162 19.41500000045 19.636000010365 19.783000016855 19.875000026241 19.931000005401 19.963000002498 19.979999994146 19.98899999943 19.992000002549 19.992999997825 19.991999998421 19.989000025255 19.980000000147 19.963000025932 19.930999999312 19.875000002095
-5.6423413098868E-010 6.4624710173055E-010 1.1171287853107E-011 0.0010000013895248 0.0049999984257288 0.017000002597692 0.050999999456267 0.13399999960918 0.30899999743117 0.63299999963608 1.1689999961411 1.9730000005554 3.069999996877 4.4490000007343 6.0610000006404 7.8240000026625 9.642000004416 11.422000002626 13.082999999643 14.56900000647 15.845999984934 16.906000000832 17.754999985229 18.414999993471 18.91099998098 19.271999999139 19.526999988129 19.699999997891 19.815000008193 19.887000009111 19.931000007824 19.957000009062 19.971000006537 19.978000009109 19.979999999401 19.977999997301 19.97100000003 19.956999996747 19.930999980691 19.88699999748 19.814999999828
-6.1168088367862E-010 -1.6334812894133E-009 -1.4757894828063E-009 0.0009999995834322 0.003999997854944 0.013000001223459 0.041999998615946 0.11099999963101 0.26100000032253 0.54599999985365 1.0250000023112 1.7559999995443 2.7699999987492 4.0650000011429 5.6020000055385 7.3069999982617 9.0910000054367 10.861000006798 12.53599999472 14.053000001445 15.377000011009 16.491000005736 17.398000005046 18.114000004641 18.664000005421 19.072999988733 19.369000006241 19.577000002552 19.720000003767 19.815000005327 19.874999998825 19.913000000694 19.934999997463 19.946999988278 19.94999999756 19.946999984187 19.935000014508 19.912999983891 19.875000008672 19.81500000528 19.719999992879
9.4046502448772E-010 3.4368140615045E-009 -3.1393162892922E-010 0.0010000015322849 0.00299999857149 0.010000001465376 0.032999999404912 0.088999999691843 0.21399999871488 0.45599999958274 0.87299999677654 1.5229999994237 2.4419999967828 3.638999999531 5.0839999951835 6.7150000013158 8.4500000018858 10.199000002892 11.879999998345 13.427000007156 14.797999996476 15.970999995628 16.941999999702 17.724000000261 18.336000009077 18.801999994667 19.147999983288 19.399999989501 19.577000008309 19.700000009001 19.783000008932 19.836000009312 19.869000003786 19.887000009181 19.892999997229 19.886999997228 19.868999997834 19.835999996774 19.782999998153 19.6999999966 19.577000015982
1.622318878872E-009 1.1543917895435E-010 -5.2585206230648E-010 -1.6829630414966E-009 0.0019999977886138 0.0069999983474342 0.023999999440534 0.068000003424689 0.16900000100831 0.3680000008385 0.72100000048954 1.2839999985342 2.0999999986508 3.1840000008835 4.5209999993847 6.060999996112 7.7290000019845 9.4410000041684 11.116000002518 12.685999999643 14.101000024327 15.3329999853 16.374000002285 17.227000009746 17.909000000755 18.440999999383 18.845999996058 19.148000018744 19.369000024507 19.52699999856 19.63600000338 19.710000011663 19.757000000115 19.782999995998 19.791000004288 19.783000000428 19.757000029613 19.710000006589 19.636000027363 19.526999987103 19.36900000925
9.4060129425381E-010 3.1003586915921E-009 4.673009804904E-010 -1.0757930336895E-009 0.00099999857546567 0.0050000010849514 0.016999999438658 0.050000002986896 0.1279999984761 0.28600000053091 0.57599999842117 1.0500000003202 1.7559999974694 2.7170000017086 3.9309999975398 5.3590000031783 6.9400000010782 8.5970000030465 10.249999999117 11.828999997165 13.2799999995 14.568999998475 15.677999993874 16.605999994592 17.363999998923 17.969000000014 18.440999998876 18.801999996796 19.073000008273 19.272000008854 19.415000002575 19.513000009 19.577000007576 19.613000009006 19.624999989257 19.612999994615 19.576999994127 19.512999996201 19.414999993211 19.271999996063 19.072999990856
7.9322687906788E-113 -6.8756400924033E-010 6.9989474057921E-010 -1.578113007026E-010 0.00099999798174513 0.0029999989787665 0.011999999524843 0.03500000145769 0.091999999761595 0.21399999981439 0.44300000136547 0.82999999942913 1.422999998307 2.2550000017681 3.3310000010513 4.6310000001896 6.1030000004045 7.6810000015554 9.2910000006931 10.861000001976 12.33500000236 13.670000002152 14.843000002637 15.845999976588 16.682000003447 17.36400000477 17.908999994543 18.336000000584 18.664000002923 18.911000003125 19.092000004517 19.219999996318 19.305000003795 19.353000004075 19.369000003864 19.353000007647 19.305000002781 19.2199999927 19.092000002839 18.911000002158 18.663999996098
8.0016208002914E-010 2.4495043848079E-009 -5.5940292740912E-010 -1.3512614475703E-010 -8.8902932585122E-010 0.0020000004923637 0.0069999970317674 0.023000001972642 0.063999998888148 0.15300000009577 0.32699999777882 0.63299999928561 1.1150000006082 1.8129999988144 2.742999999924 3.8979999994086 5.2399999969359 6.7150000031761 8.2559999980288 9.7940000023602 11.268999997383 12.635999999158 13.862999998336 14.933999992453 15.846000003181 16.606000004869 17.226999997481 17.723999989616 18.113999994371 18.415000008535 18.640000002306 18.802000007957 18.911000007329 18.973000008987 18.992999983069 18.972999997162 18.910999977733 18.801999991059 18.639999984936 18.414999993632 18.113999994563
-1.3796581672202E-108 -7.7238972431639E-109 -9.4772787274239E-011 3.800640480502E-010 -2.1095001474791E-009 0.0010000005856511 0.0040000006300656 0.015000001156578 0.041999999834252 0.10399999860703 0.23100000071791 0.46200000031205 0.84099999868816 1.4070000013106 2.1870000008039 3.18399999996 4.3780000002354 5.7249999979887 7.1690000003705 8.6460000038823 10.098000002258 11.473000002666 12.736000002469 13.863000015352 14.842999989737 15.678000011075 16.37399999434 16.94200000399 17.398000002751 17.754999992083 18.028000010458 18.227000000795 18.362000009795 18.441000007618 18.46600000979 18.441000012185 18.362000002781 18.227000003377 18.028000002735 17.755000001859 17.398000004513
-4.0405766092364E-010 9.9515047413009E-010 -2.633111141181E-009 1.8884146592919E-009 -5.8322491541113E-010 0.0010000013279209 0.0019999981478828 0.0090000009334601 0.025999999143222 0.067000000107558 0.15500000131503 0.32299999899537 0.60800000004719 1.0499999990112 1.6810000006323 2.515000002594 3.5449999997173 4.7420000028546 6.0609999938901 7.447000000388 8.8429999976249 10.199000001776 11.472999996975 12.636000001534 13.669999998508 14.568999999877 15.332999998272 15.970999989852 16.491000012578 16.906000007662 17.227000016986 17.465000008219 17.628000003032 17.724000008427 17.754999997585 17.723999993403 17.627999999332 17.464999990003 17.22699999971 16.905999996881 16.491000019045
