Code/Output_20260209_125135/2.9_30_700_Te_map_shift_60km.grd
DSAA
170 190
-5100000.0 5040000.0
-5700000.0 5640000.0
1000.0000181840368 199999.99702445642
[rows 60 to 89 of 190, columns 68 to 135 of 170]
29252.4 29767.5 29259.9 27456.2 10752.8 10627.5 8703.07 8334.52 9670.15 16408.9 18547.3 21957.4 26308.8 29051.3 30338.8 32406.5 34288.9 32156.2 19798.4 18009.9 17797.2 17490.2 15337.4 13565.5 13241.2 13134.8 13415.7 13134.1 12653.1 12653.2 15930 22925 26115 28969.8 31759.4 38876.7 54171.3 49197.1 40885.9 35733.5 31179.6 26934.4 22616.9 15765.5 5242.54 4109.41 4269.81 6150.25 6854.54 13593.9 14450.5 11850.8 10595 12265.3 23841.9 24891.4 27717.6 27211.8 25801.2 16834.6 12308.5 11563.2 10824.7 10943.6 11161.8 10919.4 10640 10646.4
30019.6 30758.3 30544.3 29274.7 10968.6 10747.4 9154.15 9057.41 10432.4 12604.9 14085.5 21330.6 26670.4 29623.4 30894.9 32983.2 33896.9 27794.8 19452.5 18460.2 17890 16833 13101.6 10747.2 10392 10094.3 9857.5 9759.88 9506.28 9582.76 10820 15776.2 18954.7 20929.7 22378.5 24267.3 27257.3 34145.9 37940.4 36657.6 33898.7 29800.9 25677.4 20637.9 11942.5 4947.43 5576.18 7747.05 11271 12971.2 12394.7 9856.66 8472.76 9365.16 17281.9 20957.5 24957.4 25111.5 25636.4 23419.9 13465.4 12633.5 12042.3 12427 12935 12133.5 11505.1 11592.9
30674.2 31792.2 31673.1 30589.2 10164.4 9823.64 8617.94 8756.9 9965.08 11021.1 12036.3 21293.9 26971.3 29926.2 31045 32628.7 31539.2 24505.8 19831.3 19335.1 18650.6 17000 9985.71 7470.01 6897.29 6233.81 5370.92 5609.09 5329.68 5272.94 5630.36 8166.64 11842.7 15575.4 18028.5 20140.6 22234.3 25974.2 32683.3 36365.4 36289.6 32610 28696.5 24265.8 19401.3 6663.3 8811.04 13738.6 15199 14769.8 10108.1 5128.16 5253.99 5392.28 12674.3 17077.7 18736.4 19279.8 22149.1 23006.9 14796.7 13876 13399.7 13766.4 14065.4 12938.9 11876.9 12227.6
32455.5 33975.1 33662.2 31529.2 8066.51 7739.01 7466.9 7659.34 8403.24 8581.5 9250.27 22354.3 27420 30327.6 31785.4 32419.5 28884.5 23340.7 20483.2 20785.5 20334.1 18253 10058.2 6908.29 5830.34 5196.63 4009.19 4055.49 3901.72 3887.91 3940.92 3948.83 5092.16 6858.55 12269.5 17417.1 19637.4 22403 27418.9 33664.7 36967.3 34358.1 30761.4 27186.1 24487.2 18879.4 18759 19093.4 18890.1 18110.2 15404.3 6894.48 4918 4791.02 8460.07 16091.9 15942.8 14087 20231.9 23778.8 21509.3 15946.6 14653.9 14561.1 14584.4 13704 12860.6 13690.4
35554.4 37246.4 36388.8 32271.5 7773.8 7615.34 7310.69 7348.84 7906.86 8109.78 9027.01 25379.1 29630.2 32516.9 34680 34396.3 29453.4 24897.6 22304.9 22484.9 21097.9 15962.6 9244 7749.91 7508.28 5768.95 3930.22 3956.59 3723.67 3638.56 3438.18 3141.24 3810.22 4308.78 5364.4 13882.5 17386.4 19889.2 23516.2 28783.2 34070.2 33694.5 31000.2 28377.2 26895.1 23600 22515.1 22104.3 21593 20567.1 19389.3 12752.8 4221.77 4501.75 5946.26 16231.5 14554.5 9006.77 7919.09 22739.9 23925.4 15477.4 12252.2 12288 12877.3 13102.3 13112 15971.5
39141.6 40620.8 39027.7 32640.9 7905.58 7884.29 7633.57 7748.84 8464.63 9235.47 10742.8 27495.9 32712.2 36121.6 38978.8 37971 31796.7 27086.7 24688.3 24404.4 22786.5 13076.4 7827.7 6622.19 6503.13 5781.69 4446.42 4783.66 4415.71 4171.36 3706.4 3184.81 3539.66 3618.67 4413.88 5251.79 14870 17702 20501.9 23694.9 27386.2 28726.2 27567.6 26126 26163.2 24699.3 24257.4 23903.2 23560.1 22509.1 22304.5 24485.3 23771.8 22309 20825.9 19631.9 18365.9 12630.7 9422.97 22649.4 25554.3 24617.3 20403.8 14386.9 14624.9 16500.1 18600.2 21653.5
41168.6 41078.9 38016 27684.8 6881.77 6743.97 6781.29 7097.15 7730.09 8557.31 10000.6 31357.2 36906.8 40650.8 43898.8 40931.8 33346.3 28685.3 26189.8 25222 23418.8 12469.2 6299.76 3976.94 3414.36 3980.51 3574.16 3697.17 3696.46 3589.95 3660.8 2899.45 3141.76 3155.92 3992.48 4438.59 4717.23 14388.9 17567.6 19905.2 21796.6 22533 21735.2 20204.9 20702.1 22308.6 24204.1 24924.1 25763.2 26311.8 29039.7 32493 29533.9 27022.9 25230.1 23778.8 22504.1 20692.1 15126.5 19681.5 22460.7 23602.9 22371.7 15644.7 16921.9 20361.5 23552.9 23941.4
41887.4 39834.1 34664.5 5498.42 5670.42 5764.58 5889.19 6637.81 6878.5 7489.89 8661.11 34731.4 41034.7 45387.6 48563.3 42900.6 33678.9 29098.7 26402.9 25180.5 23143.9 12381.7 5612.02 3218.73 2634.85 3080.96 2876.42 2712.98 2710.18 2679.59 2941.28 2889.73 3615.26 3620.93 3910.51 4270.38 4746.35 6040.63 7201.82 15321.7 17048.6 17766.3 17247.3 15691.1 15009.1 17018.1 22123.4 24428.6 26958.3 31038.8 40555.7 42156.1 34508.4 30347.9 27980 26116.4 24370.3 22334.6 19208.8 16297.2 17537.4 21644.4 23378.2 19483.8 21294.7 24333 26308.6 24073.1
41079 37197.6 30475.5 5413.32 5623.81 5879.25 5788.07 6449.65 6652.02 7348.18 8360.37 39565.2 47386.9 52924.1 55595.9 45248.8 34298.6 29465.2 26557.5 24919 22230.1 11505.2 5151.13 2745.33 2375.56 2723.56 2517.34 2139.23 2499.48 2595.67 2978.85 3128.13 3783.32 4138.83 4064.9 3964.77 4058.9 4529.24 5084.95 6980.53 12417.8 14736.5 14910.2 14132.9 13855.2 15431.2 20089.8 23077.4 27035.5 36956.2 90615 59227.9 39157.8 33120.3 30264.4 28080.6 25995.7 23419.9 19655.9 13876.9 10003.1 20208.2 25044.5 27515.1 33563.2 37296.8 37575.4 33139.9
40713.8 35421.5 27826.9 5632.03 5656.78 5513.97 5202.56 6242.9 6855.47 8512.8 25377.8 45788.8 56405.4 63996.6 64006.2 46481.8 34701.1 29738.7 26596.8 24390.5 20154.9 9980.4 4613.36 2536.06 1930.82 1823.17 1925.8 1168.2 1995.39 2220.5 2777.68 3088.22 4069.23 4109.66 4039.8 3826.67 3745.32 3876.04 4059.6 4706.1 6024.26 9790.71 11544.5 12055 12160.7 14173.9 18788.7 21694.1 25820 42101.5 200000 144685 43119.3 35336.5 32079 29776.4 27582.2 25128.2 21123.7 13137.6 5902.74 18725.5 27520.5 38358.2 48811.5 50535.4 48876.5 42909
40823.5 34178.5 26161.6 5001.86 4985.92 4752.03 4488.9 6261.74 7254.28 9361.62 31742.4 56674.6 74496.5 86367.1 75095.7 47066.7 34849.7 29848.2 26603.6 23807.8 17254.8 9030.33 4248.98 2179.57 1000 1445.67 1941.37 1000 1641.16 2298.01 3302.46 4295.61 6090.42 3084.87 3033.16 2570.53 2537.88 2621.91 2511.02 3039.41 3482.92 6048.37 7676.64 8995.5 9207.01 10965.3 17117.8 20470.2 23921.6 40804.4 200000 200000 45730 36918.4 33420.2 31116.1 29017.8 26641.7 22971.9 13972.6 6154.53 21016.2 36759.5 65635.7 200000 200000 86034.5 49324.3
42072.4 34093 25525.2 4842.27 4390.35 4331.57 4278.31 6279.47 7379.74 9609.34 37355 80499.5 200000 200000 100638 48130.6 35190.5 30166.6 26886.1 23608.2 15475.9 8596.19 4036.47 1335.35 1000 1000 1645.42 1000 1000 2303.39 3125.45 3849.59 4643.13 3068.2 2486.89 2161.15 2278.74 2316.72 1964.3 2422.09 2556.11 4020.63 4890.44 4629.14 6236.6 8006.93 13794.4 19391.3 22353.5 35344.5 200000 200000 45638.3 37675.6 34279.2 32093.7 30091.4 27802.8 24399.7 14876.4 6772.08 27661.3 46472.7 200000 200000 200000 200000 71568.6
44307.1 35307.2 26183.7 4028.91 4135.13 4026.8 4051.56 5451.68 6537.57 9310.96 40410.5 170539 200000 200000 152209 48645.8 35164.4 30348.3 27015.4 23325.5 14206.4 8114.44 3812.49 1000 1000 1000 1571.91 1000 1000 1401 1858.68 2456.61 2373.34 1319.93 1000 1000 1000 1000 1000 1393.95 1267.99 2094.56 2290.03 2264.82 3067.43 5995.75 10605.5 18098.2 21290.8 30949.3 131133 62162.5 43958.2 37959.9 34702.6 32551.9 30450.6 28051 24557.7 14717.5 6316.59 32448.8 48893.6 132997 200000 200000 200000 85403.3
43298.3 35118.8 26348 2861.72 3140.37 3456.31 3482.95 4886 6217.6 23490.7 42059.7 152803 200000 200000 143934 48685.4 34885.7 30121.6 26469.8 22044.6 12587.6 7722.03 3754.18 1532.64 1512.23 1573.87 2079.29 1758.4 1469.99 1018.01 1192.18 2148.46 1574.34 1000 1000 1000 1000 1000 1000 1000 1000 1732.79 1000 1000 1931.05 4607.53 10060.7 18708.5 22637.9 32689.6 53174.2 51995.6 42908.4 38001.3 34822.6 32645.1 30389.2 27792.4 23927.2 13560.7 5505.61 31075.6 41255.8 61074.5 200000 200000 200000 84710.4
37816.5 31659.9 23040.7 2359.23 2818.09 4072.29 4664.92 9117.35 19932.4 29832.9 43031.4 82332.2 200000 200000 109335 49216.2 35363.4 30481.7 26230.7 20993 11773.3 7594.45 3983.82 2351.13 2500.59 2516.17 2698.47 2528.49 2250.28 1780.9 1236.93 1000 1000 1000 1000 1000 1000 1000 1000 1000 1000 1308.63 1517.42 1411.75 1883.15 5142.28 9970.92 16225.6 29878.3 34631.5 40424.9 47824.4 43638.9 39314.7 35998.3 33615.7 31115.5 28165.1 22946.6 11867.8 4373.09 6411.1 22838 28848.2 35318.4 48040.4 39834.8 35381
30698.3 25632.4 2478.88 2436.29 2948.8 5477.65 9229.16 18474.8 26787.8 34532.1 46119.7 72151.7 200000 200000 97805.7 51152.1 37334.3 31853.4 26674 21133.3 11069.3 7017.01 4324.82 3642 3528.87 3471.57 3473.97 3543.52 3381.41 2894.01 2127.61 1774.63 1000 1000 1000 1000 2270.42 4032.55 3196.91 6991.48 9891.89 11780 11873.3 10800.5 9656.58 9510.22 11981 16551.4 36042.3 34617.3 34559.9 44956.1 44223.2 40608.1 37017.4 34294.4 31410.8 27118.6 18295.1 11509 6769.21 15091.8 20430.1 23261.9 26350.9 29744.6 28262.2 28576.9
21713.6 3154.3 2789.03 2784.62 3265.13 5082.08 9383.86 24752.8 32155.4 41722.3 58207 126156 200000 200000 200000 60371.4 41791.6 34260.3 27971.7 22408.7 5679.82 4858.9 4351.75 4306.6 4040.22 3886.41 3931.14 4581.79 4407.12 3911.8 3557.05 3577.12 3136.32 2559.47 2314.65 2898.99 4170.34 6023.14 7030.91 8656.61 11460.3 13368 13387.6 12120.6 10861.5 10738.8 14312.5 34779.8 39135.3 34632.2 29993.6 41666.3 43405.6 40690.8 37438.9 34586.1 31194.1 26084 18034.7 14860.4 18350.6 24307.9 26550 29402.3 31095.3 32634.8 32089.5 30929.5
6768.81 5980.75 5093.99 4192.61 3383.3 3633.38 3867.67 28645 37890.7 55066.8 200000 200000 200000 200000 200000 110161 49152.2 37435.1 30253.8 24980.6 4509.15 4072.42 3959.36 3969.23 3841.38 3701.27 21157.3 24958.3 24626.9 4893.76 4237.69 4303.56 3734.29 2714.5 2117.85 2472.67 3746.22 5700.88 6871.89 8418.05 13039.5 15703.5 16127 14279.6 15215.8 24027.7 43573.5 59881.6 48677 37737.3 32864.5 42566.2 44433 42512.6 40135.3 37460.9 34497.9 30963.1 27660.3 27160.5 30348 31180.3 31802.4 33377.4 33932.6 34088.2 33289.9 32432.2
17862.5 16473.4 14990.8 11621.1 4561.31 3478.31 3151.81 31426.6 45926.2 200000 200000 200000 200000 200000 200000 200000 62865.9 41952.6 33544.9 28043.3 21190.4 3518.77 3402.14 3563.17 3367.3 2986.81 23944.5 29169.9 31377.7 30225.5 26446.6 4983.67 4805.48 3660.7 3388.92 3961.96 4807.15 7255.86 8598.61 9684.25 11452.8 13429 13554.1 11928.7 22933 43233.3 58702.1 62358 56947.7 50827.9 45930.1 44304.2 43020.3 41308.3 39824.8 37132 34301.4 31268.6 29221.8 29213.6 30545.4 31143.4 31860.5 33388.8 34091.1 34273.7 33637 33031.4
24002 23594.4 23106.9 21309.5 9306.17 3879.65 2694.5 33861.2 178631 200000 200000 200000 200000 200000 200000 200000 200000 51418 38653.8 31658.6 25540.4 5058.11 4492.42 4274.94 3729 3340.34 23824.6 30690.8 34916.1 35623.7 33110.9 27757.6 19939.3 5414.48 5981.63 7138.86 9363.15 15215.9 22301 37021.7 51723 53299 47080.8 43700.3 44790.7 48891.6 49386.6 48943 48535.3 47621.2 45353.8 43235.8 41346.4 39789.6 38325.1 35301.8 32438.3 29509.6 28159 28767.7 30275.2 31185.9 32182 33811.5 34800.3 35285.8 34940.7 34484.8
32932.9 33992.4 35251.4 34823.6 29239.3 6134.72 2743.29 4639.02 200000 200000 200000 200000 200000 200000 200000 200000 200000 81664.5 46262.1 35977.6 28919.2 18547.9 10404.4 6222.46 4545.67 4195.82 3259.96 30239.8 35652.1 38189.1 37030.1 32405.8 27575 5200.61 7879.23 13588.4 19101 25762.1 33169.9 37819.7 40202 40977.9 40305.6 39162.4 38780.6 39750.6 39216.2 39282.3 39635.5 40497.3 40616.6 40552 39864.4 39015.5 38026.2 35202.1 32528.4 29701.7 28600.6 29515 31068.3 31849.6 32756.5 34418.2 35535.8 35792.3 35246.6 34610.4
50567.2 56904.7 65976.2 74618.1 68800.9 45589.1 4933.34 200000 200000 200000 200000 200000 200000 200000 200000 200000 200000 200000 62013.8 41818.7 32679.8 25052.7 17471.6 9357.45 6391.08 5908.34 4273.54 27873.6 33604.5 36873.3 36997.1 34124.8 29802.8 7606.94 17470.9 21666.6 25022.5 29333.7 32512.8 34053.9 35028.7 35434.6 35408.3 34660.9 33973 34432.1 33963.1 34165.8 34755.2 36800.5 38969.8 40610.4 40443.3 39465 38413.6 35508.5 32869.7 30571.7 30012.1 31336.4 32609.4 33467.9 34215.8 35956.5 37195.9 37012.7 36130.9 34764.3
163451 200000 200000 200000 200000 109038 9485.82 3604.86 7973.76 11724.7 200000 200000 200000 200000 200000 200000 200000 200000 200000 50737 38475.7 30818.2 25286.2 17399.4 9581.95 8923.44 7118.65 26139.2 31324.3 33670.3 33089.6 32050.4 31650.4 30713.6 30097.8 30258.6 30967.9 31856.8 32595.4 32945.5 33316.8 33436.5 33350.9 32621.5 31675.4 31825.4 31283.8 31659.8 32905.6 36107.5 38682.4 39997.7 39156.6 38020.9 38010.8 35425.3 33413.5 32011.3 32086.6 33135.2 34151 35204.6 35723.4 37434.2 39054 38915.3 37344.3 34259
200000 200000 200000 200000 200000 94407.6 12675 4447.74 8175.05 11462.5 14606 17059.5 17167 14289.8 200000 200000 200000 200000 200000 51013.8 39321.1 32631.9 27874 22140.6 17325.5 15055.1 13890.5 24160.7 32429.2 33602.6 33437.3 35516 37827.5 38030.2 37092.8 35626.2 35077.7 34442 33439.8 32779.3 32856.4 32590.2 32111.5 31171.4 29615.9 29385.1 28737.1 29435.2 31592.2 34337 35719.7 37380.2 37269.5 37030.5 37965.4 34223.2 31749.9 29986.2 29931.5 30945 31784.6 32488.9 32721.6 34465.1 35824.9 33917.8 29225.5 23840.4
200000 200000 200000 200000 200000 69844.8 21313.1 6453.4 8077.07 10709.1 12934.8 13592.7 11877.4 12759.5 13720.1 200000 200000 200000 200000 49921 40136.9 35215.1 32068.3 29095.1 26880.9 27401.2 33257.6 41863.3 45272.6 42776 39688.6 39285.7 40098.2 39622.8 38718.1 36706 35735.5 34972.7 33861.5 33219.5 33016.7 32189.8 31132 29528.9 26543 25190.4 23972 23855.4 25370.9 28033 30931.3 35147.4 36809.1 37834.4 39294.6 35544 32825.4 31062.4 30664.9 31750.6 32491.9 33081.9 33571.9 35825.7 38432 38312.7 35130 25730.5
200000 200000 200000 200000 200000 60268.1 25315.3 8371.64 8211.4 10183.3 11731.5 11490.6 10589.4 11922.2 12358.1 200000 200000 200000 123378 50878.1 42116.5 37421.7 34425.3 31564.5 29376.2 29070.1 34494.6 42624.5 44819.3 40911.1 36173.4 36039.3 38488.3 39788.2 40117.1 38212.1 36836.6 35661.6 34260.7 33252.3 32694.7 31686.1 30780.2 29001.3 25699.3 23933.5 22473.3 21476.2 21739.7 23864.1 28264.3 34745.5 36754.9 38078.9 40555.6 36787.8 34213.7 32378.5 31718.4 32212.7 32469.3 32905.2 33362.6 35542 38021.1 37858 34460.4 25517.7
200000 200000 200000 200000 200000 52658 25904.6 9563.96 9060.56 10855.3 12065.6 11652.6 11073.5 12145.1 12443.7 200000 200000 200000 109321 52579.8 43539.4 38622.5 35389.7 32470.1 30428.7 30156.1 34776.2 41320.9 44378.7 41418 36516.6 36693.8 40294.4 41624.6 41276 38695.3 36740.9 35260.1 33666.8 32678.2 32185.1 31324.9 30504.4 28633 25414.1 23452.7 22201 21303.7 21592.7 24128.6 30001.6 38355.9 40387.6 41734.2 45065.1 41260.1 37363.1 33406.7 32154.1 31858 31420.3 31542.2 31796.7 33802.9 35864.7 34186.8 25717.9 22754
200000 200000 200000 200000 88389.7 46733.8 26460.6 11829.4 12557.1 13834.3 14697.6 14715.9 14249.4 15099.5 200000 200000 200000 200000 90627.2 52284.6 43796.1 39056.1 35670 32536.3 30341.6 29802.5 33560.9 39522.5 43106.2 40799.3 36023.8 36893.8 42147.4 43823.3 42703.5 39217.3 36859.3 35104.8 33518.9 32570.2 32057.7 31064.6 30167.3 28261 25156.1 23313 22627.3 22590.2 23229.5 27379.1 34651.6 40977 42124.4 43160.9 46069.7 43675 38691.6 32275.8 29622.6 29413 28557.5 28083.3 27875.3 29266.8 30275.8 21386.9 21978.5 26522.1
132298 200000 200000 105860 63015.8 41966.9 27504.8 20880.9 20287.9 19755.9 19659.1 20301.2 25448.6 57346 200000 200000 200000 200000 77152.9 52841.4 44769.7 39994.9 36542.5 33279.7 30905.8 30135.5 33807.4 39635.2 43267.8 40723.9 35596.2 37532.5 46149.4 48403.3 45557.2 40662.4 37666.5 35542.5 33806.1 32749.7 31961.7 30632.9 29509 27545.5 24831.6 23177.1 22728.6 23035.4 23826.8 27534.5 32679.8 38285.3 40011.8 41350.9 44435.4 43080 35687.6 22321.9 21253 23768.1 25760.5 26799.4 28124.3 30141.1 31710.9 27940.4 37650.9 33888.4
70762.3 71286.1 71306.7 64940.8 50804 37835 29776.1 31422.7 32078.6 30080.5 27314.1 25486.7 28835.6 40020.8 48406.5 55977.9 55373.2 56047.4 53650.2 48912.4 43896.6 39785.6 36605.7 33423.1 30974.7 29870 33787 40532.5 43794.1 37626.9 28362.9 27389.3 42736.2 49688.6 45216.8 40030.4 36563.2 34164.4 32268.8 31132.8 30225.1 28717.9 27666.7 26222.7 24446.4 22895.6 21800.3 21075.8 20967.2 22219.4 24467.7 29658.5 32271.8 33457.4 37095.2 39388.8 33695.6 16692.2 20645.7 25106.3 28005.3 29408.3 30828.4 32965.6 35084.6 34356 35447.4 32494.4
