Code/Output_20260209_125135/2.9_30_700_Te_map_shift_60km.grd
DSAA
170 190
-5100000.0 5040000.0
-5700000.0 5640000.0
1000.0000181840368 199999.99702445642
[rows 120 to 149 of 190, columns 68 to 135 of 170]
36462.3 27407.7 17943.6 12548.8 4560.95 1099.67 1000 30541.5 46908.6 61219.3 59606.4 52814.5 45269.5 36888 28192.6 21951.8 19704.6 25667.8 29260.2 31230.1 31505.5 32272.8 34227.6 35252.3 34123.9 31033.5 27359.7 24203.7 17376.6 9935.56 4485.63 3968.07 4391.59 4179.72 30266.9 25149.7 21533.4 14376.3 11691.7 9520.85 8125.75 8346.16 9726.74 10919.3 11241.6 12080.7 15048.2 20139.1 20653.5 20012.5 16325.9 14496.1 13432.3 12801.4 12951.2 15737.6 17605.5 12332.1 9383.96 6609.52 4530.48 2661.68 1000 1000 1000 1000 1587.09 31493.3
38700.7 28252.4 16365.6 10555.6 3849.49 1000 20326.2 32692.3 48852.3 57361.5 52026.2 45685.8 39368.1 32263 24465.4 18598.3 15098.3 21862.1 27780.2 30093.4 30402.1 31119.6 32837.7 33960.6 33182.5 30518.1 27178.7 24249.8 17970.7 11374.4 5130.4 4859.35 15727.5 47198.6 39313.6 29003.3 19325.5 12488.7 9225.71 6944.98 5816.4 5657.46 7094.79 8311.63 8773.6 9780.84 11857.6 16964.5 20395.6 20130.5 16899.5 15184.5 13949.5 13522.8 14544.5 22614.7 21113.3 15682.9 10213.7 6941.96 4582.85 2842.64 1198.87 1000 1294.47 1540.45 1474.76 44854.6
41340.9 30239.3 12774.3 7454.2 3178.25 1000 1000 33090.4 46090.6 50274.8 45190.6 39720.3 34028.7 26835 16260.3 14034.1 9436.91 8760.97 23117.2 27434.9 27963.4 28650.4 30452.3 32295.9 32437.5 30562.9 27768.9 25248 19243.6 12526.9 9273.29 13007.5 18419.1 66233.7 47194.3 31787.6 20561.5 12607.4 9415.12 6463.57 5274.65 5006.52 5372.72 5436.24 6502.24 7553.96 9660.18 11943.1 19755 21265.5 19602.2 18107.3 15388 14578.5 17810.3 24509.1 22813.9 18205 10220.3 6435.44 4143.84 2554.24 1000 1000 1293.45 1000 1000 176915
41375.5 31905.5 22881.6 4585.36 2798.82 1000 1000 29710.4 37817.1 40479 37625.6 33380 27866.4 2430.42 3366.22 4525.24 3261.72 2927.33 4154.42 20925.1 22407.1 22457.1 23904.4 26402.8 28643.5 29410.4 28643.6 26793.2 21242.8 14169.2 12561.4 15476.9 18691.5 25776.3 35889.1 28124.9 16636.7 10519 5783.07 4361.32 3811.28 3653.62 3618.21 3801.92 4738.92 4919.84 4942.98 5849.46 9484.36 15287.7 14518.7 14990.1 14102.2 14578.3 26958.7 26682.7 24606.2 20430.7 8594.21 5053.91 3509.45 2047.42 1000 1000 1000 1000 1143.65 200000
38336.8 31554.8 25041.6 3821.36 2737.69 1000 1000 25064.1 30135.2 31908.9 30162.5 26193.6 1851.48 1904.16 2460.35 2963.24 2459.2 2362.72 3483.16 4271.86 6499.35 9758.56 12291.7 12386.3 18607.6 25038 27291.8 26850.8 22339.3 19004.1 18240.6 19147 20863.7 22859.7 25447.3 21446 13604.4 4513.86 4351.83 3626.58 3153.67 2954.01 2732.52 3063.28 3333.06 3170.41 3162.1 3292.54 4074.88 5971.81 9776.29 12357.5 12563.4 15487.5 26260.2 26277.9 24780.9 21158.5 6136.8 4052.87 3171.08 1931.13 1000 1000 1000 1522.92 1986.41 200000
34950 30370.2 25993.6 22870.6 21660.6 20979.7 20923.7 23492.6 26199.4 26776.2 24248.2 2270.99 2303.69 2166.49 2293.7 2505.73 2232.03 1942.1 2725.58 3182.28 3732.03 4619.14 5616.59 5196.37 4849.83 4839.2 5533.58 7475.56 14778.6 26891 27196.8 25220.7 24978.9 24377.7 23011 19221.3 14621.2 9347.71 4773.5 3199.87 2714.98 2225.74 1711.52 2395.85 2525.82 2182.04 2266 2346.95 2749.7 3897.26 9261.16 11099 11605.5 13623.8 22754 24559.5 23750.1 20123.2 4946.89 2928.56 2536.54 1080.31 1000 1000 1000 1000 1159.36 200000
32548.7 29572.9 26824.7 24849.5 23855.1 23122.3 23086.6 24386.1 25734.9 25524.8 22163.9 2707.77 2294.15 2287.37 2127.58 1973.76 1206.64 1000 1650.11 2043.91 2039.06 2272.14 3761.42 3419.86 3603.54 3732.13 5151.19 6113.54 39262.4 50039 61584.3 76395.7 83605.7 35889.9 25565.8 19875.5 16101.7 11620.9 6296.38 3275.18 2410.05 1252.38 1000 1625.87 2098.03 1744.75 1857.1 2107.53 2206.36 3488.43 7140.51 8992.39 9163.81 11063.2 12671.6 22290.5 21943.1 5792.58 3955.37 2746.57 2071.53 1561.83 1000 1000 1000 1000 1000 200000
31059 29139.3 27441.6 26189.8 25563 25039.4 25059.7 25969.1 26771.2 26301 23335.8 3057.76 2572.54 2562.14 2494.83 2158.93 1005.68 1000 1191.4 1672.25 1725.15 1000 3589.79 3573.18 4682.76 5356.83 8202.49 200000 200000 200000 200000 200000 200000 200000 34547.3 20773.5 16254.5 12773.9 6750.21 3224.9 2438.03 1670.99 1000 1811.45 2114.05 1756.63 1873.03 2250.56 1914.34 2615.8 2972.47 5906.02 6351.66 9041.92 10921.5 9606.2 21691 3422.13 2542.32 1613.77 1059.78 1408.66 1000 1000 1000 1000 1038.69 200000
29867.3 28565.4 27606.4 27061.8 26945.1 26846.3 26991.2 27832 28522.7 28068.1 25618.2 3810.11 3102.98 2867.17 2799.31 2528.69 1239.37 1000 1029.87 1746.92 1597.3 1000 3350.32 3993.45 6394.16 7987.97 11989.3 200000 200000 200000 200000 200000 200000 200000 200000 21840.7 15267.2 12206.8 8430.06 3534.36 2329.03 1587.72 1000 1730.69 2052.55 1513.21 1812.69 2208.23 2030.81 2319.69 2551.06 3889.88 5307.32 8527.34 29421.3 29064.8 26806.5 23179.3 2129.73 1310.19 1000 1000 1000 1000 1000 1000 1000 200000
28850.7 27774.5 27256.7 27345.1 27837.1 28321 28791 29897.3 30801.5 30499.1 28308.8 23666.5 3672.1 3335.14 3164.23 2738.98 1193.53 1000 1000 1504.56 2505.68 3175.63 5095.65 7479.98 10019.8 12228.7 16833.9 68468.5 200000 200000 200000 200000 200000 200000 200000 25380.2 14831.1 12669.4 10513.8 3817.27 2400.14 1793.86 1000 1835.72 1978.73 1700.82 1859.19 1995.62 1971.58 2000.86 2142.73 3253.55 5043.7 40076.7 37639.2 33526.6 29822.7 25984.7 1910.72 1157.68 1000 1000 1000 1000 1000 1000 1000 200000
28074.6 26902.6 26365.2 26790.8 27842.5 29045.4 30155.5 31958.4 33406 33313.1 31063.1 26636.2 4416.74 4046.83 3905 3020.31 1492.79 1000 1000 1867.72 2694.98 3641.63 5932.21 9539.77 13228.3 15506.5 19423.8 42179.5 200000 200000 200000 200000 200000 200000 200000 34990.6 15499.3 13594 12414.2 5951.18 3152.84 2290.49 1579.67 2046.41 1601.83 1392.54 1054.25 1531.77 1613.84 1697.52 2155.18 3677.08 7786.72 35087.9 35998 32570.2 28975.7 25007.6 1811.89 1000 1000 1000 1000 1000 1000 1000 1000 200000
27556.6 26088.1 25051.7 25384.5 26861.3 28972 31172.2 34255.7 36665.5 36652.3 33832 28913.7 21133.8 6313.74 5008.4 3313.65 1787.99 1000 1624.84 2303.03 3052.82 3967.09 6286.35 11044.7 16183.1 17400 19836.7 32940.3 200000 200000 200000 200000 200000 200000 200000 46653 18029.2 15665.8 15431.7 12930.5 5051.57 2930.25 2320.44 2363.3 2152.76 1866.08 1517.82 1617.72 1386.96 1298.46 1259.16 2687.66 5480.3 14823.6 30145.1 29099.5 26490.1 22557 1109.33 1000 1000 1000 1000 1000 1000 1000 1000 200000
27427.6 25698.5 23928.8 23691.7 25396.2 28494 32175.7 37318.2 41380.5 40938.6 36644 30804.3 23933.5 10617 5316.17 3364.85 1925.23 1000 1863.41 2473.79 3241.65 4688.29 7705.8 44758.7 32312.7 24835.7 20839.3 30633.4 200000 200000 200000 200000 200000 200000 200000 53853.1 21807.6 18840.6 20384.6 21334.5 18789.4 5274.76 3439.91 2937.25 2637.06 2550.72 1946.63 1654.37 1427.89 1128.65 1379.14 2347.6 3978.06 11221.3 25549.8 27022.2 25461.7 21677.7 1000 1000 1000 1000 1000 1000 1000 1000 1000 36551.5
27425.2 25593.4 23640.8 23178.7 24944.2 28659.8 33506.9 41209.7 47885.1 45985 39215 32445.7 26031.6 17826.2 5458.08 3359.99 1987.73 1000 1880.9 2564.86 3350.16 4798.18 38880.6 200000 79346.9 45819.4 32051.9 34163.6 54626.7 200000 200000 200000 200000 200000 200000 43203.6 24378.5 22607.6 25892.9 29050 27426 21088.9 6801.75 3956.82 3426.11 3373.92 2575.45 2210.91 2147.33 2006.99 2060.04 2698.19 4515.25 8967.15 21421.4 26138.3 25278.1 21510.6 1000 1000 1000 1000 1000 1000 1000 1000 1000 1000
27758 26119.3 24811.4 24882 26880.1 30593 35428 43576.8 50988 48303.1 40798.7 33949.5 27937 22099 6732.96 3531.79 2134.57 1000 1849.66 2610.58 3251.26 22452.5 42150.9 200000 200000 62154 41976.4 37142 40583.2 47486 72266.8 200000 200000 200000 200000 35202.1 23759.3 23317.6 28023.4 34221.6 32532.3 25980.7 18202.7 11410 5094.79 4249.28 2918.7 2429.47 2450.2 2255.69 2479.41 2890.26 3786.99 5845.08 12591.3 26468.3 25941.2 22481.3 1554.11 1062.22 1000 1000 1000 1000 1000 1000 1000 1000
28444.7 27386.4 27096.4 27978.3 30428.1 34013.8 38110.2 43916.4 48404.1 46405.2 40616.5 34803.1 29396.7 24144.1 10381.3 4017.44 2622.92 1889.93 2284.68 2674.3 3174.59 24458.4 37824 55661.4 57938.1 50940.9 39776.4 34798.9 31903.6 28844.4 24496.8 18893.8 18212.4 25198.4 30913.9 28280.2 22035.3 23418.6 31071.9 41208.7 35916.6 28854.9 23952.5 18407.3 10505.5 5322.64 3352.84 2842.68 2720.88 2498.79 2733.48 2582.61 2938.02 4349.03 23911.6 27431.3 27061.3 24076.2 1536.1 1388.75 1000 1000 1000 1000 1000 1000 1000 1000
29311.3 29031.9 29626.4 31086 33624.8 36644.8 39402.1 42515.6 44416.7 43011.8 39106.5 34636.8 29980.8 25135.6 20139.1 4441.46 2785.68 2099.87 2387.49 2692.88 3191.28 22459.1 32575.7 40519.9 42942.4 41923.2 35404 31544 26397.5 21022.8 16453 11539.9 10444.6 15359.5 23454.2 29790.8 29141.6 36123.5 54382.3 47332.8 36634.3 30014.5 26418.6 22875.2 13786.5 5535.02 3696 3076.62 2953.73 2807.84 2795.41 2445.75 2764.88 3947.09 23445.2 27272.6 27704.3 25580.5 21116.6 1545.47 1000 1000 1000 1000 1000 1000 1000 1000
29902.9 30291.5 31357.1 32965.2 35149.8 37286.2 38784.3 40072 40585.3 39432.5 36746.8 33369.5 29463.6 25105.8 20509.2 5958.65 3261.92 2605 2772.13 2988.46 3291.94 3745.45 27023.7 32621.8 35261.4 36273.7 32442.1 29501.6 24113.7 18514.3 14735.1 11105.9 10269.4 14019.7 24682.6 40943.1 59585.3 55663.2 51210.2 41186.4 34242.1 28745.9 26313.2 24782.8 19497.1 5712.44 4433.92 3993.5 3968 3993.15 3899.38 3923.53 4162.25 4716.64 22865.7 26514.1 27599 26288.5 23023.5 1763.83 1000 1000 1000 1000 1000 1000 1000 1000
29894.7 30678.7 31863.4 33284.4 34880 36152.8 36826.4 37187.2 37065.2 36028.5 34006.4 31331.1 28021.6 24192.1 19823.6 7451.98 3487.6 2824.16 2926.75 3091.02 3330.75 3945.98 21052.1 27743.7 30644.9 32646.9 30637.2 28573.1 24055.7 19789 17019.7 14014.3 13683.6 19769.2 33767.8 44794.5 47295.5 41706.5 37638.4 33607.8 29872.6 24974.2 23184.8 23526.2 8253.86 5401.96 4410.71 4575.74 5062.43 5104.49 5020.31 5318.26 6166.06 6458.8 21261.6 24637 26227.2 25660.8 23088.8 2220.49 1473.99 1000 1000 1000 1000 1000 1000 1000
29194.3 30141.3 31226.9 32332.3 33390.4 34076.2 34325.5 34269.3 33887.9 32948.1 31312 29060.6 26159.2 22748.9 18181 4579.64 3160.62 2571.57 2553.8 2568.21 3437.12 4164.85 7782.84 24062.3 26901.4 29381.2 28924.1 27710 24381.9 21062.7 19443.1 18706.6 20862.8 28362.8 36030.2 38730.8 36588.5 32269.8 29750.2 27091.6 24781.6 6990.79 5503.91 3956.76 4070.75 4020.09 3843.59 4125.05 4716.06 5071.91 5210.29 5732.08 6124.2 6463.28 9326.91 22267.4 24253.9 23889.2 21075.2 2618.44 2036.6 1306.02 1000 1000 1000 1000 1000 1000
27755.2 28758.9 29691.5 30534.5 31229.2 31600.8 31668.2 31426.5 30938.8 30062.1 28637.8 26611.9 23907.8 20632.2 4822.35 3548.03 2746.68 2165.56 2083.74 1912.71 2447.94 2964.37 4510.01 17399.7 21124 24399.9 26223.8 25963.3 23838.2 21004.1 20292.9 21638.2 25260.6 29688.2 32274.1 31849.9 29500.7 25481.1 23092.4 3803.78 3472.69 3866.28 3438.04 2857.93 2955.01 3199.28 3259.84 3491.83 4018.31 4782.14 5054.77 5797.05 6138.65 5807.59 6884.25 6400.43 21361.8 20583.3 3124.16 2768.27 2176.91 1391.64 1000 1000 1000 1000 1000 1000
25353.1 26419.3 27268.1 28004.5 28542.2 28804 28814.3 28483.3 27956.8 27127.7 25811.9 23857.3 21047.5 4353.53 3679.59 2989.6 2503.12 2028.69 1970.68 1553.82 1000 1000 2171.51 9565.62 14017.1 17123.3 22432 23266.1 22285.4 19290.1 18459.4 20435.4 23975.5 25957 26524.7 25432.8 23118.7 3219.77 3071.48 2871.9 2502.15 2790.2 2695.54 2376.72 2515.65 2730.21 2920.55 3352.44 3942.28 4732.87 5260.77 6077.73 6168.28 5418.91 5793.51 5116.82 4473.83 3757.54 3162.1 2742.55 2166.59 1148.13 1000 1000 1000 1000 1000 1000
19973.3 21954.2 23187 24256.5 24978.3 25331.7 25376.9 24974.3 24406.4 23567.5 22192.9 19878 3746.77 3513.44 3138.42 2733.7 2481.43 2063.32 1872.19 1085.1 1000 1461.79 3055.21 5045.88 7357.18 10833.1 14976.4 17444.4 18412.1 14883.5 12103.9 10628 9063.04 7056.82 4849.56 3562.05 3439.8 2306.49 2128.24 1851 1411.19 2125.08 2094.32 1786.15 1970.44 2224.94 2592.68 3260.95 3990.3 4921.6 5416.15 6042.88 5908.73 5212.88 5251.42 4510.08 4164.35 3644.63 3084.19 2722.85 2132.43 1000 1000 1000 1000 1000 1000 1000
3758.96 4204.14 4376.4 4487.17 4735.73 4889.51 5262.2 10759.5 5254.3 4971.91 4788.28 4217.38 3641.2 3429.02 3151.94 2841.46 2601.85 2004.3 1180.76 1000 1000 1000 1000 2276.42 3357.22 4916.9 8979.76 11486.3 12738.9 7425.84 5659.57 5068.48 4114.16 3923.8 3552.11 3020.63 2896.99 2086.63 2181.06 2084.44 1946.75 2208.76 1982.63 1834.58 1768.44 2075.61 2496.01 3227.45 3677.59 4405.76 5239.94 6468.79 6079.92 5179.4 5007.14 4334.86 3933.9 3413.31 2842.03 2465.08 1865.99 1000 1000 1000 1000 1000 1000 1000
2687.63 3151.58 3413.56 3658.6 3852.8 3979.08 4109.35 4118.21 4098.41 4107 4161.87 4002.32 3669.4 3513.8 3239.69 2864.94 2500.4 1739.01 1454.79 1000 1000 1000 1000 1000 2066.35 2725.18 5720.13 7301.46 7493.21 4230.64 4205.87 3834.14 3224.33 3118.44 2825.6 2375.76 2262.11 1409.97 1473.74 1405.92 1000 1133.6 1000 1295.07 1435.46 2038.15 2439.69 3186.76 3462.64 4006.74 4940.59 6981.31 6180.03 5067 4522.42 3856.13 3521.12 3034.71 2508.29 2052.76 1228.03 1000 1000 1000 1000 1000 1000 1000
1699.08 2103.03 2356.77 2667.98 2776.5 2860.79 2911.41 2888.67 2877.87 2930.12 3003.9 2938.82 2815.53 2774.56 2589.94 2211.47 1827.02 1000 1234.15 1000 1000 1000 1000 1000 2139.67 2801.58 4822.86 5369.73 4752.62 3714.18 3739.14 3421.4 2921.43 2834.83 2536.8 2099.37 1975.26 1000 1129.46 1000 1000 1000 1000 1000 1024.58 1835.12 2209.77 2963.54 3202.64 3751.29 4513.11 6361.36 5527.42 4548.53 4166.06 3488.28 3191.6 2715.85 2270.17 1749.2 1000 1000 1000 1000 1000 1000 1000 1000
1000 1000 1000 1000 1000 1000 1005.89 1000.18 1015.78 1393.69 1670.11 1761.17 1832.78 1853.08 1852.46 1345.98 1503.52 1000 1936.13 1000 1000 1000 1000 1262.97 2176.64 2645 3437.28 3750.44 3670.01 3054.53 3247.9 2834.67 2449.49 2414.51 2107.35 1678.33 1560.47 1000 1101.34 1000 1000 1000 1000 1000 1353.93 2061.64 2432.62 3078.31 3255.93 3670.1 4166.68 5003.35 4654.87 4092.84 4044.45 3194.22 2819.48 2166.74 1673.74 1000 1000 1000 1000 1000 1000 1000 1000 1000
1000 1000 1000 1000 1000 1000 1000 1000 1000 1000 1000 1000 1000 1000 1000 1000 1000 1000 2103.24 1447.29 1000 1000 1000 1925.99 2295.09 2448.31 3007.46 3195.46 3114.96 2630.6 3005.63 2419.32 1875.91 1876.7 1305.67 1000 1000 1000 1000 1000 1000 1000 1000 1000 1330.11 1977.46 2259.86 2902.41 3030.85 3430.77 3780.87 4552.77 4322.79 3622.46 3452.06 2717.47 2368.92 1626.9 1000 1000 1000 1000 1000 1000 1000 1000 1000 1000
1000 1000 1000 1000 1000 1000 1000 1000 1000 1000 1000 1000 1000 1000 1000 1000 1704.52 1598.7 2512.99 1709.66 1000 1000 1000 1659.24 2065.71 2960.95 3750.99 3789.18 3346.83 2834.68 3166.22 2810.98 2334.02 2267.77 1810.74 1445.11 1098.18 1000 1000 1000 1000 1000 1000 1000 1000 1211.03 1669.67 2476.06 2480.45 2782.72 3004.38 3546.02 3612.18 2942.46 2830.74 2161.02 1826.41 1000 1000 1000 1000 1000 1000 1000 1000 1000 1000 1000
1000 1000 1000 1000 1000 1000 1000 1000 1000 1000 1000 1000 1000 1000 1751.73 1634.08 2607.36 2483.58 3198.49 2455.93 1758.17 1433.9 1630.49 1725.56 1913.73 2455.7 3253.58 3118.05 2987.34 2621.95 3079.44 2704.41 1972.39 1178.87 1000 1000 1000 1000 1000 1000 1000 1000 1000 1000 1000 1000 1000 1749.59 1686.75 1982.39 2173.44 2706.91 2893.42 1883.55 1837.94 1255.28 1000 1000 1000 1000 1000 1000 1000 1000 1000 1000 1000 1000
