Code/Output_20260209_125135/2.9_30_700_Te_map_shift_60km.grd
DSAA
170 190
-5100000.0 5040000.0
-5700000.0 5640000.0
1000.0000181840368 199999.99702445642
[rows 90 to 119 of 190, columns 0 to 67 of 170]
200000 200000 200000 200000 200000 200000 34534 26560.6 25788.8 23829.4 20648.7 18695.6 19650.9 22555.7 24138.7 6153.79 2286.66 2420.44 2262.57 2227.11 2060.06 2237.48 2561.34 3064.56 2882.81 3183.2 3014.37 3195.16 3043.48 3122.79 3086.83 3329.88 3564.64 3520.75 2650.39 2452.27 2231.77 1883.84 1543.1 1368.03 1000 1000 1000 1000 1000 1150.95 1000 1510.75 1120.59 1728.68 1000 1000 1053.64 1161.44 1384.92 1000 1000 1000 1000 2877.15 13016.6 30875.1 39974.4 46718.8 50252.8 52380.2 55462 57773.2
200000 200000 200000 200000 200000 200000 35385.5 26467.2 25808.8 24205.9 21285.7 18964.1 20159.7 23243.1 24931.3 11852.7 4401.44 3898.04 3182.55 2965.3 2575.77 2700.28 3285.35 3931.71 3587.27 3820.39 3346.72 3605.55 3355.1 3343.1 3268.69 3627.91 4088.77 3507.68 2642.27 2469.83 2237.43 1890.56 1577.07 1329.34 1000 1000 1000 1000 1000 1023.4 1000 1520.21 1334.08 1633.03 1000 1000 1093.71 1183.35 1728.94 1000 1000 1000 1000 2136.52 8712.45 27190 35617.5 41696.4 45000.8 46752.1 48924.3 50269.5
200000 200000 200000 200000 200000 200000 35667.1 24148.8 23074.5 21519.8 19138.4 17904.1 19031.5 22031.6 23670.3 13338.5 6973.83 10153.7 6279.59 4387.33 3508.14 3219.4 3490.53 3822.21 3440.02 3760.26 3522.79 3764.44 3472.35 3259.71 3156.54 3376.06 3657.68 3303.85 2557.89 2355.53 1952.36 1459.9 1000 1000 1000 1014.1 1000 1000 1000 1527.65 1375.88 1910.74 2118.42 2181.16 1980.59 1757.38 1714.46 2091.07 2077.53 1526.91 1000 1000 1000 1766.2 6466.11 22568.5 30519.5 35548.3 38524.2 40216.5 41926.7 42834.5
200000 200000 200000 200000 200000 200000 57409.3 17471.1 14075.9 12732.8 12288.6 12442.6 13277.9 15079.1 16506.7 11931.2 13126.9 18976.1 19199.4 9390.87 4492.06 3494.16 3895.52 4597.45 4380.17 4625 4374.71 4511.58 4023.64 3576 3417.62 3778.24 4200.92 3591.13 2670.95 2262.81 1851.72 1140.11 1000 1000 1000 1383.67 1482.29 1000 1000 1658.69 1551.99 2092.39 2394.73 2589.85 2406.79 2063.18 2255.64 2388.83 2359.39 1977.73 1760.32 1000 1568.4 1978.26 4580.7 13860.5 24428 28708.2 31387.4 33155.7 34708.4 35392.2
200000 200000 200000 200000 200000 200000 200000 4435.78 3463.8 4259.46 3929.43 3944.07 4762.03 4274.24 4203.81 4853.07 9808.94 20208.4 20513.2 9405.04 4754.07 3747.33 3910.76 4909.59 5138.23 5603.94 5928.98 5259.01 4271.14 3588.62 3386.24 3632.76 4018.93 3393.13 2546.96 2190.52 1765.43 1195.75 1000 1184.91 1000 1728.13 1601.63 1000 1000 1802.7 1587.94 2078.61 2577.58 2851.51 2522.05 2226.02 2644.99 2656.13 2650.46 2288.08 2101.08 1000 1872.33 2036.8 2847.94 4579.89 7540.23 18160.2 22547.2 25062.5 27158.9 28769.6
200000 200000 200000 200000 200000 200000 200000 44171.7 2516.97 3156.7 3067.67 2818.03 3670.31 3368.81 3261.19 3536.29 4119.7 20359.6 20428 4706.98 4080.93 3767.4 4058.64 5282.66 5874.1 7455.21 8754.43 8324.45 5281.41 3931.1 3578.03 3875.04 4395.67 3726.11 2744.68 2280.54 1831.07 1000 1428.34 1780.4 1456.3 2117.36 2025.34 1239.38 1345.51 1798.76 1823.12 2159.53 2521.25 2728.08 2482.24 2432.09 2787.9 2890.56 2905.68 2576.88 2416.22 1221.67 2089.01 2142.31 1755.53 2485.75 3000.86 3802.26 4539.01 17430.1 22201.6 25973.8
200000 200000 200000 200000 200000 200000 200000 200000 2229.39 2144.78 2382.96 2123.8 3030.56 2796.7 2912.53 3217.97 3678.47 4309.9 4252.6 4334.93 4237.09 4093.25 4522.22 5942.33 7084.93 9447.81 11722.1 21772.4 21385.4 4271.15 3836.2 4150.19 4843.01 4039.92 3133.46 2740.35 2417.31 1790.09 2540.65 3206.41 3062.03 3449.39 3270.38 2159.46 1950.49 2075.7 1932.23 2209.25 2491.47 2593 2319.71 2346.91 2775.85 2843.64 2811.89 2491.26 2414.52 1291.21 2114.18 2685.96 1564.54 1948.45 2261.93 2684.58 3217.04 3475.88 19625.7 25256.8
200000 200000 200000 200000 200000 200000 200000 200000 2675.33 2202.53 2185.27 1778.97 3156.31 2969.32 3260.36 3676.07 4044.54 4484.74 4579.19 4596.48 4505.17 4098.16 4737.37 6665.97 7977.35 9910.96 13296.9 25081.3 24580.1 4573.04 4026.6 4412.63 5563.98 4758.59 3502.01 3223.83 2692.04 2786.73 3338.93 3886.97 3757.82 4568.2 5024.91 3038.7 2534.85 2243.81 2059.21 2160.82 2315.07 2356.53 2295.15 2375.76 2802.56 2847.17 2727.84 2464.13 2428.7 1453.02 2252.4 3195.57 1976.96 2239.33 2292.39 2460.28 2885.31 3212.61 18877.7 25263.1
200000 200000 200000 200000 200000 200000 200000 200000 200000 3499.14 2976.31 2714.41 4310.93 3613.91 4027.99 4250.36 4543.22 4555.48 4477.08 4216.96 4127.58 3802.7 4725.09 6983.32 8253.28 10700.8 17752.1 27026.4 26123.1 4941.04 4432.04 5064.05 5743.32 5206.34 4077.56 3593.04 3504.85 3512.58 4041.89 4810.07 4951.35 7716.57 7554.83 4837.42 3719.11 3021.18 2662.36 2710.9 2931.23 3119.79 2862.82 2751.47 3152.78 25529.2 29555.5 32320.4 32612.2 1696.79 2524.33 3612.1 2382.86 2413.51 2541.51 2575.3 3004.21 3326.46 17626.1 25410.9
200000 200000 200000 200000 200000 200000 200000 200000 200000 8167.32 4236.24 3189.42 8351.27 6442.51 6516.04 8100.17 8795.1 7017.97 5541.57 4806.74 4486.72 3951.14 4817.79 7367.67 9154.05 13463.4 22191.9 28030.7 26888.2 23339.8 5033.73 5518.98 5675.42 5256.8 4446.02 4234.31 4217.97 4435.75 4859.63 5251.61 6742.46 27202.4 24007.9 6685.65 4013.38 3069.18 2701.27 2848.46 3176.73 3410.4 3373.81 3396.45 23527.5 29317.4 33511.9 36841.6 38150.2 34448.7 3046.1 4359.92 3051.78 2814.61 3114.56 3142.22 3430.1 3486.24 5316.36 26217.7
200000 200000 200000 200000 200000 200000 200000 200000 9091.43 8725.74 6773.15 5983.43 7549.65 5982.59 5994.47 7534.83 7848.56 6502.17 5807.1 5551.74 5263.92 4897.39 5756.73 9324.62 11241.6 15209.2 20941.1 27063.7 26670.5 24594.4 23836.8 24096.7 24006.4 5586.28 4483.65 4242.58 4264.05 4782.24 5180.79 6600.65 31976.5 32165.5 26843.9 8689.44 4784.48 3386.73 2966.46 3109.61 3369.4 3869.02 3965.74 4041.79 25954.8 30992.8 35100.6 38372.9 39999.8 37548 29558.9 6195.24 8097.43 3427.5 17483.3 3330.8 3092.96 2821.59 3410.68 27780.8
200000 200000 200000 200000 200000 200000 200000 200000 10171.1 11267.3 14011.9 10939.4 9160.2 7452.7 7139.74 8021.17 7467.86 5786.15 5686.14 5545.85 5536.84 5562.6 5764.4 5584.62 6047.61 8024.16 9508.56 8850.5 4276.94 3276.24 3187.25 3121.19 3398 3145.24 3405.3 3190.05 3102.59 3308.47 3812.95 34140.3 36159.6 32665.9 26623.5 12365.5 5612.92 3460.32 2825.95 2858.17 3098.9 3717.75 3980.98 18999.3 25564.1 30426.8 34741.4 38428.7 40666.2 39046.9 31989.5 23629.2 18319.5 20224.4 20965.8 21244.1 21467.1 22362.1 25842.5 30227.5
200000 200000 200000 200000 200000 200000 200000 200000 11156.6 13161.1 15784.2 14331.3 11073.2 200000 200000 10438.2 9406.93 6972.87 6696.98 6582.79 6362.18 5986.97 5680.66 5664.9 5407.63 5363.21 6033.19 3659.21 2616.99 2060.28 1961.96 1878.2 1994.7 1774.16 2168.14 1588.56 1555.38 1870.24 32350 36284.9 35393.3 30650.7 24298.5 14450.5 5881.92 3202 2624.3 2640.66 2926.32 3681.95 4091.99 18518.7 24087.3 28473 32684.7 36776.4 39694.4 38439.7 31549.7 24109.6 20132.8 21584.7 22545.2 23215.5 23948.7 25306.7 28399.1 31706.4
200000 200000 200000 200000 200000 200000 200000 200000 12858.5 13058.3 13748.3 13410.3 12085.7 11534 11444.9 11764.7 10610.1 9088.24 9353.76 9067.79 7809.99 6717.66 6438.29 6070.67 5522.35 4876.04 3581.68 2539.27 1551.85 1503.7 1445.73 1529.84 1690.32 1531.93 2088.22 1352.89 1279.52 1960.69 25101.9 31772.4 31281.5 27137.8 21013.2 11074.9 4857.52 2869.86 2931.9 3555.11 8176.66 20109.3 25970.6 29538.5 32508.3 35688.5 38854.9 42830.1 46649 47431.5 40988.3 31011.8 24204.5 21464.1 21752.9 23193.3 24631.4 25817.4 27983.9 29938
200000 200000 200000 200000 200000 200000 200000 92331.5 14973.3 14367.4 14673.1 14404.8 14021 13670 13234 13100.9 11846.4 11472.3 12225 11681.5 9894.11 7700.66 7300.49 6578.71 5836.36 4922.04 2792.29 1774.24 1127.86 1585.37 2348.3 2681.91 2990.05 3150.38 3234.5 3441.84 3690.06 3856.19 3526.1 24867.8 25869.2 22433.6 15827.8 4911.9 3511.54 2501.73 4084.47 11061.3 27548.6 33639 38853.5 43626.1 48198.5 52813.8 57864.8 65681.3 77816.4 96821.8 101845 64799.5 42437.3 29726.7 22836.1 20938.5 23056 24677.5 26068.9 26962.5
200000 200000 200000 200000 200000 200000 200000 70869 15075.7 14442.8 15528.8 15945.9 16286.6 15193.9 14150.4 13811 12447.4 12475.5 13531.7 13058.3 12279.1 11300.3 29332.5 56518 5965.53 5237.64 3950.69 2924.61 2154.98 2384.85 3031.1 3373.47 3982.08 4056.04 3874.33 4204.47 4082.57 2654.87 2650.62 2912.04 4166.04 4435.91 4940.23 4046.92 3114.48 2597.37 6985.53 28699.1 37181.5 44564 52965.8 62002.6 71448.9 82380.6 99647.3 184804 200000 200000 200000 200000 200000 58743.6 31935.2 20925.3 19143.9 21735.4 22651.3 22921.1
200000 200000 200000 200000 200000 200000 200000 68411.5 15199.4 14111.4 15682.9 15314.7 15079.1 15008 13952.8 13650.4 11993.6 11448.4 18806.4 19208.1 22503.3 43642.3 200000 200000 200000 14894.2 10923.2 9933.62 9529.73 2732.19 3898.89 5929.87 8029.65 5762.45 3862.59 3821.5 3026.07 1000 1000 1000 1104.97 2607.61 3191.05 3157.77 2594.82 2929.74 12898 36415.9 46396.5 57194.7 72247.4 93180.8 135845 200000 200000 200000 200000 200000 200000 200000 200000 200000 59963.4 23966 13807.8 13748.1 14078.9 15458.3
200000 200000 200000 200000 200000 200000 200000 200000 16865.4 14347.4 16091.2 15164.1 14343.9 15012.9 14321.9 13912.3 11929.3 11059.5 35161.7 40050.5 55294.1 200000 200000 200000 200000 43262.2 15471.6 13808.3 12652.1 9053.28 9081.98 9672.45 9778.46 9255.51 8584.44 8087.42 4721.05 2512.68 1023.14 1000 1000 2497.23 3159.74 3095.97 2799.88 3161.98 26139 43543.8 57042.4 74244 109994 200000 200000 200000 200000 200000 200000 200000 200000 200000 200000 200000 200000 34479.3 10939.2 7733.87 7560.23 7865.07
200000 200000 200000 200000 200000 200000 200000 200000 19372.5 15724.7 16697.8 15336.9 14513.3 16103.5 16320 15855.4 13940.6 12730.9 49573.3 68972.5 200000 200000 200000 200000 200000 200000 32113.1 16141.9 13467.1 9679.62 9808.58 10033.1 9698.58 9026.08 8743.85 8812.77 7376.04 2750.73 1000 1000 1000 2564.69 2675.55 2749.67 2581.55 3203.04 29873.6 52420.4 72598.5 103653 200000 200000 200000 200000 200000 200000 200000 200000 200000 200000 200000 200000 200000 200000 8863.19 3562.34 3682.18 3417.21
200000 200000 200000 200000 200000 200000 200000 200000 20834.4 16631.4 17274.8 15979.9 15549.7 16978 17694.7 18523.8 21149.4 28421.1 53040 72109.9 200000 200000 200000 200000 200000 200000 200000 200000 14187.9 8920.86 9790.67 10099.9 9547.23 33507.4 9020.53 9494.02 7520.72 3321.78 1406.54 1000 1000 2494.71 2336.41 2541.81 2476.3 3373.7 32733.8 66426.4 107792 200000 200000 200000 200000 200000 200000 200000 200000 200000 200000 200000 200000 200000 200000 200000 11319.6 2504.81 2541.11 1848.42
200000 200000 200000 200000 200000 200000 200000 200000 20280.3 15966 17395.7 17041.3 17687.7 18484.8 19215.8 20433.7 23523.3 31009.1 51561 63260.8 200000 200000 200000 200000 200000 200000 200000 200000 200000 200000 200000 200000 200000 200000 200000 200000 50024.2 2852.39 1342.84 1584.34 1378.15 2611.13 2428.77 2637.24 2843.04 3782.21 34366.1 105414 200000 200000 200000 200000 200000 200000 200000 200000 200000 200000 200000 200000 200000 200000 200000 59976.3 16369.7 4137.19 4037.88 2951
200000 200000 200000 200000 200000 200000 200000 200000 20818.5 15690.2 18636.5 19517.7 21101.6 21024.6 21042.6 22892 26738.1 35643.4 51424.3 60156 200000 200000 200000 200000 200000 200000 200000 200000 200000 200000 200000 200000 200000 200000 200000 200000 200000 4054.72 2093.47 2327.4 2298.23 2861.81 2688.48 2809.5 3177.73 4272.8 34911.5 200000 200000 200000 200000 200000 200000 200000 200000 200000 200000 200000 200000 200000 200000 200000 200000 46766.3 19671.8 10133.3 17360.3 22560.9
200000 200000 200000 200000 200000 200000 200000 134225 23799.5 15129.7 21283.8 22350.8 24288.2 24343.5 22937.2 24807.6 31652.4 41849.9 53444.8 57463.8 81200.1 200000 200000 200000 200000 200000 200000 200000 200000 200000 200000 200000 200000 200000 200000 200000 200000 5955.4 3263.35 3176.34 3046.63 3194.1 3024.77 3149.68 3830.99 5060.69 32447 200000 200000 200000 200000 200000 162340 142306 200000 200000 200000 200000 200000 200000 200000 200000 132193 44367.8 21847.9 18634 23499.5 26702.8
200000 200000 200000 200000 200000 200000 200000 200000 26307.4 12709.8 23031.1 24647.1 27633.2 29500.8 26835 31202.9 40767.9 52212.5 59969.7 57915.6 59860.1 71607.4 73290.2 69987.8 80663.7 200000 200000 200000 200000 200000 200000 200000 200000 200000 200000 200000 200000 6505.6 3860.78 3766.35 3241.81 3187.38 3009.95 3081.36 3957.05 5737.39 29892 200000 200000 200000 200000 154058 111889 100309 105333 188502 200000 200000 200000 200000 200000 200000 122361 46082.3 24447.6 23406.2 28848.6 32399.7
200000 200000 200000 200000 200000 200000 200000 200000 29346.5 10310.1 23843.4 26828 31505.7 36863 35278.1 42705.9 58924.1 73344.4 74304.7 59569 49981.5 41846 34148.5 26131.4 22826.5 25484.9 29671.2 40331 41473.7 61740 58467.6 76355.8 200000 200000 200000 200000 54996.7 7291.52 4630.36 4310.26 3467.58 3204.85 2978.27 2873.56 3883.81 7542.91 27692.2 200000 200000 200000 200000 118385 97260.6 89169.4 90700.4 114925 200000 200000 200000 200000 200000 200000 200000 50844.2 28494.4 29600.2 36445.6 40382.3
200000 200000 200000 200000 200000 200000 200000 200000 32123.4 25994.4 25963.8 28407.5 32782 39043.5 40609.3 50891.6 73834.6 86765.5 68526.8 51445 40415.4 29339.4 11346.5 11453.2 11542 11953.1 11949.8 13341.5 11982.3 2733.13 2397.47 1000 1000 1000 200000 200000 14462.1 8744.24 6755.49 6210.69 5426.17 3945.62 3849.94 3887.34 7625.93 12495.4 26408.5 127717 200000 200000 121631 97351.4 86322.8 81570.5 83457.4 101033 200000 200000 200000 200000 200000 200000 200000 60560.6 34805.5 38942.1 47814.7 50216.2
200000 200000 200000 200000 200000 200000 200000 200000 35040.6 29549.5 28619.2 29142.7 31844.7 36939.2 38470.5 45272.6 55595 60281.5 48134.6 40971.1 33492.6 10616.4 10294.8 10075.4 9953.78 10185.7 10207 10948.9 10741.3 1000 1000 1000 1000 1000 6982.4 14996 11412.8 9496.42 9004.89 9654.16 9758.56 4489.25 4477.02 4752.18 9220.11 17182.2 25988.9 78422.2 170338 110019 89553.1 79391.8 73954 71924.7 74530.7 88316.4 200000 200000 200000 200000 200000 200000 200000 97092.6 45589.9 52346.9 62080 56945.9
200000 200000 200000 200000 200000 200000 200000 200000 38701.3 31957.8 29656.1 29268.6 30234.6 33181.5 32413.3 33806.7 36108 36788.7 33694.5 29181.8 20152.8 7425.2 6912.93 5550.71 4525.88 2640.73 2038.75 1342.07 1000 1000 1000 1000 1000 1000 5510.03 8801.79 9990.53 9434.72 9312.2 10366.2 10840.6 5180.53 4581.34 4243.68 16987.2 21728.2 23675.6 55192.7 88576.9 78781.2 69169.8 64083.6 61149.5 60633.1 63528.8 74152.7 134049 200000 200000 200000 200000 200000 200000 200000 53856.3 59078.5 64388.4 53724.9
200000 200000 200000 200000 200000 200000 200000 200000 42652.5 34512.6 31594.3 30424.9 29991.2 30867.7 29755.1 28799.4 28056 26871.2 25285.2 22271.7 17329 11562.6 6321.15 4246.95 3436.2 1257.54 1000 1000 1000 1000 1000 1000 1000 1000 2797.43 3442.11 8868.1 8752.34 8695.79 10130.2 11057.8 6181.31 4494.32 4133.65 18133.8 21880.3 21200.9 38382.7 62480.7 59912.2 53479.4 50029.6 48135.2 48250.5 50744.3 58183.8 83309.8 200000 200000 200000 200000 200000 200000 57109 47607.4 53093.4 54928.4 46582.6
200000 200000 200000 200000 200000 200000 200000 200000 46751.5 36955.5 33894 32102.6 30868.9 30202.7 29147.4 27030.5 24390.5 21151.8 20126.8 17070.6 13385.4 9590.1 5503.17 2893.88 3060.71 1000 1000 1000 1000 1000 1000 1000 1000 1000 1962.13 1000 7581.54 7963.66 8378.59 10358.8 11797.1 9328.21 4617.04 4343.3 19083.9 22749.4 22218.7 27968.5 45488.7 45755.8 40714.6 37966.7 36277.1 36321 37778.5 42253.9 54581.6 112056 200000 200000 200000 68891.9 39010.8 36135.2 43151.6 50656.2 51876.1 43924.2
