Code/Output_20260209_125135/2.9_30_700_Te_map_shift_60km.grd
DSAA
170 190
-5100000.0 5040000.0
-5700000.0 5640000.0
1000.0000181840368 199999.99702445642
[rows 90 to 119 of 190, columns 68 to 135 of 170]
57142.8 56236.5 56169 52633.5 43743.8 36399.4 39070.1 95595 200000 170329 53399.1 32094.6 25278.1 26397 27965.3 29785.2 30833.3 32002.4 35704.4 39120.6 38775.7 37147 35235.6 32894.9 30760.7 29137.4 33587.2 48604.6 50393.9 26861.4 17872.8 18526 21939.8 49876.3 46293.4 40414.3 36619.5 34219 32411.7 31614 31229.7 30461.7 29395.8 28176.5 25789.7 23699.7 22257.3 20849.9 19965 22093.4 25557 29631.9 29402.7 29309.6 32047.8 34242.1 30921.9 16436.1 19312.5 22565.9 25460.5 27028.7 28701.8 30650 32274.4 30932.4 30492.8 29261.7
49583.1 49498.1 50558.1 47924.8 41838.7 40627.9 102532 200000 200000 200000 200000 40330.9 22019.1 18111.7 18150.4 18549 19428.8 20083.2 24620.4 30296.5 32516.7 33005.7 32541.2 31189 29466.4 25303 18074.5 200000 66199 18413.7 15998.9 17287.2 19821 30678.4 38109.2 37834.5 35636.1 33720.3 32241.7 32064.5 32421.4 32292.9 31521.2 30757.8 28272.5 26143.2 26091.1 25704.5 23725.9 29266.2 29761.8 28478.6 25525 24247.3 26915.9 30317.2 28584.9 13822 18081.1 20931.4 24023.8 25464.6 27005.2 28715.4 29552.7 28238.3 27396.8 25670.4
42516.3 44113.2 47003.8 45298.9 42907.5 56210.8 200000 200000 200000 200000 200000 47931.3 18927.2 11847.3 10981.8 10494 11005.9 11108.2 18526 24988.4 28078.6 29523.5 29935.1 29529.7 28458.6 24718.3 20251.2 39892.7 29609.1 19209.7 17266.1 19611.3 22473.8 26196.7 29428.1 31040.9 31657.2 31369.3 30663.5 31306.8 32441.8 32722.3 32126.3 31764.1 29110.6 27214.1 28661 29783.6 27430.3 27910.4 23831.3 21732.3 19116.4 18615.5 22553.2 30152.6 29455 19005.2 21336.8 23214.2 25823.6 27402.1 28632 30125.5 31010.3 30571.5 28936.5 24477.9
35727.6 39278.2 44132.3 45671.7 51291 200000 200000 200000 200000 200000 200000 46739.1 15616.6 6811.01 6124.33 5823.93 6398.09 6989.18 15441 21346.2 25000.2 27323.4 28730.8 29810.3 29614 28497.5 26428.1 29349.4 27889 21294.7 19005.8 19498.9 20108.9 20996.8 21935.7 22684.3 23951.9 25700.5 25879.2 27973.1 31190.7 33107.8 33543.7 33939.2 32576 32179.4 33755.9 34124.7 30183.6 28086.6 24877.8 22643.3 19639.6 18707.8 22530.1 30996.3 30575 25214.6 26191.5 26231.7 27011.6 28011.9 28657.5 29715.3 30478.8 29488.1 26966.1 21309.3
31849.6 39417.7 48046.9 53702.1 64834.6 200000 200000 200000 200000 200000 200000 42442.7 14392.8 5861.25 5406.55 5259.05 5208.75 5575.78 12881.1 18448.4 22216.5 25464.2 27859.3 30745.4 31508.4 31554.9 29944.6 27755.4 23515.3 18660.5 16375 15967 15825.4 15906.1 16966 18317.2 19334.7 21385.3 23896.5 29172.1 34065.5 37029.6 37980.8 38872.7 39873.2 40546.7 40035.4 38959.9 33458.4 29368.4 25445.2 23056.4 20568.3 20970.3 24508.3 29865.2 27257.1 11512.2 13494 14278.1 19560.5 21645 21573.3 22061.6 21743.9 17381.4 14245.7 11951.8
32474.9 42478.5 50050.5 53531.6 57885.6 66959.8 102358 200000 200000 200000 200000 40426.6 15983.8 3549.35 3009.78 2750.79 3143.56 4256.19 8425.5 12977.1 16034.4 19583.9 23361.1 26817.3 27799.5 26062.5 21537.3 16535 13179.7 9716.87 7274.19 8141.57 8508.51 9809.36 12506.2 13740.3 14655 15672.5 17284.6 21441.6 27214.4 31519.1 32799 33543.8 33491.2 33675.7 34276.2 34702.4 31654.5 29494.1 26974.5 25132.1 22627 22379.6 25534.5 29749.9 26059.2 11781.5 11167.7 10420.3 16958.5 19029.3 16684.4 15305.7 15147 13186.8 11456.3 10076.4
33623.9 43266.7 48885.3 51056 53560.9 57788.6 65165.1 79200.7 114346 200000 97556.5 39257.3 21213.9 10516.9 3963.7 3183.07 4012.5 4376.78 4373.72 5106.1 6826.36 7818.83 8421.63 27459.3 30212.9 28859.9 23752.2 9948.38 7673.65 5691.34 5638.33 7104.13 7636.16 8316.67 10043.9 10242.3 10765.9 11351 11478.3 12163.2 16383.9 24449.9 27349 28751.7 29510.3 30495.5 30596.1 30550.2 29205.2 27014.6 23945.3 21819 20472.1 21092.1 23709.6 27411 25925 10419.5 11015.1 7715.91 12753 13576.2 11828.7 10457.4 9810.91 10043.2 9332.23 8668
34421.6 43404.6 47955.4 49613.8 51592.8 54441.6 57864.6 62132.6 66952.4 70613.2 60532.6 39781.8 28543.9 26649.8 25276.3 21242.4 11303.2 7181.72 5030.09 4296.35 5227.64 5662.3 5017.01 29648.5 32213.7 30043.4 24074 5578.08 4034.41 3643.74 3346.27 4549.97 5494.88 6520.68 8333.2 8317.94 8798.1 9240.6 9320.99 9142.4 9404.62 22449.3 25355.1 26889.3 27696.8 28064.9 25510.3 23754.2 22515.8 18977.2 11279.9 10994.7 11655.3 11888 12464.2 13828.3 15635 9129.16 9469.91 6545.07 9655.27 11203.1 9585.02 8403.75 7888.3 7918.14 7441.03 7623.53
35491.4 44161.8 47964.4 49174.2 50794.8 52986.7 54899.8 56721.9 59520.2 61412.1 54548.6 42295.6 40736.7 46519.5 43762.2 40232.1 35225.2 24851.5 11467.7 6822.18 6175.81 6847.33 28549.2 36030.6 36813.6 32823.1 26192.3 4252.64 3349.49 3217.55 3016.09 3816.8 4375.22 4959.88 6543.05 6668.41 7182.11 7797.4 8019.76 7474.38 7501.09 20502 22804.3 24292.9 25008 25251.5 21652.1 16397.1 11392.8 6773.98 6174.69 6439.32 7400.46 8199.95 8870.48 9055.27 9295.92 7180.14 7076.98 5788.05 8368.23 9592.81 8009.89 6923.5 6579.12 6142.96 5710.44 6441.44
37287.9 45502.9 48411.6 49004.9 50185.2 51765.7 52576.4 55590 68333.5 95065 90678.7 79432.9 200000 200000 86417.5 67152.1 59419.2 47846.8 32617 18906.6 14234.9 27262.2 37945.2 43341.2 41307.2 35402.5 28221.7 4197.44 3078.9 2793.51 2275.34 3189.34 4007.88 5565.92 9513.24 10043.5 10768.4 11286 11038.8 10406.7 10822.9 14541.2 17779.5 19650.2 19779.7 3739.91 3908.45 3976.08 3469.48 3266.25 2928.68 3385.45 3740.29 4205.79 5744.2 6276.37 5772.36 5446.6 5141.25 5185.2 7245.77 8053.45 6762.74 5843.26 5401.58 4972.06 4880.03 5297.3
38205.6 44993.2 46933.9 46826.6 47435.5 48267.7 48077.8 57081.4 200000 200000 200000 200000 200000 200000 200000 200000 125596 80509 50903.5 31993.2 25100.4 35420.5 44830.7 47316.5 42630.2 35657.1 28102.4 9914.22 3022.66 2745.36 1863.49 2808.11 3548.3 4091.59 4619.33 5552.59 5583.6 5643.95 5687.49 4309.71 3810.95 3938.88 4029.01 3695.9 3338.48 3118.38 2766.58 2882.55 2517.79 2182.78 1995.92 2809.49 3192.89 3861.25 6322.85 7016.66 6415.57 6051.26 5740.18 5719.53 5942.16 6566.96 6136.46 5251.73 4873.41 4678.89 4606.91 4844.13
35677.7 39177 40234.2 39866.4 39804.2 39677.6 38876.7 56154.8 200000 200000 200000 200000 200000 200000 200000 200000 200000 200000 69169.6 41330.7 31934.3 39140.9 46493.3 46489.2 40990.2 34381.2 27501.6 8248.7 3817.88 3288.1 3138.4 2145.27 2780.19 3344.97 3937.6 4634.07 4466.19 4371.86 4365.44 3584.87 3216.19 3353.39 3420.09 3513.67 3320.67 2776.27 2350.77 2471.91 2164.09 1956.61 2059.91 2649.39 3225.85 5216.56 8973.97 9136.91 7822.79 6702.69 5905.19 5263.53 4403.33 4125.52 4142.88 3673.82 3384.55 3406.44 3414.36 3677.76
32020 32126.9 31903.9 31734.3 31503.2 31560.3 32764.2 56924.8 200000 200000 200000 200000 200000 200000 200000 200000 200000 200000 89482.6 49015.9 38396.8 40419.6 44351.8 43152.1 38431.5 32950.5 27122.3 11675 5917.29 4869.05 4931.8 2136.95 2512.61 3349.11 3938.54 4753.79 4503.31 4367.89 4232.76 3387.75 2989.3 3120.22 3336.61 3450.36 3182.11 2649.35 2081.77 1644.03 2012.13 2032.51 2240.83 2692.3 3411.69 5333.67 8774.15 9443.59 7224.06 6197.87 5933.65 4995.12 4103.2 3916.55 3927.75 3485.73 3272.16 3348.87 3344.27 3495.65
29406.6 28384.7 27776.6 27861.8 27787.3 28832.5 33449.8 59011.9 200000 200000 200000 200000 200000 200000 200000 200000 200000 200000 132757 56096.4 41809.6 37345.9 37924.8 37832.6 35314.3 31223.2 26034.2 9811.67 6184.63 4864.19 4583.34 1289.21 1969.65 3012.68 3752.74 4694.77 3820.44 3608.28 3302.37 2607.63 2294.62 2405.07 2638.93 2642.33 2466.23 1633.87 1000 1000 1998.62 2272.44 2473.94 2936.22 3474.21 4833.33 7354.61 8689.57 7683.51 6343.89 5511.49 4336.08 3655.01 3585.18 3658.16 3141.77 3038.89 3041.02 3070.53 3257.05
26649.3 26198.3 26058.7 26456.2 26773.4 28170.1 33743.3 55349.1 200000 200000 200000 200000 200000 200000 200000 200000 200000 200000 200000 60887.7 41828.5 32143 30547.9 31728.4 31557.6 29103.1 24750.1 10977.1 6864.97 5264.37 4712.14 1126.31 1837.51 3292.26 4868.72 6982.78 6095.19 5528.98 4412.12 3136.45 2564.74 2643.12 2923.23 2997.7 2657.49 1680.19 1206.1 1000 1886.57 1919.64 2543.05 2887.09 3404.75 4790.47 6611.48 7542.09 6917.54 5612.2 4277.76 3570.01 3197.21 3154.83 3189.57 2796.07 2772.18 2735.3 2783.16 2985.71
22397.2 21933.3 21524.5 22507.5 23686.6 25923.2 32476.2 51449.9 97037.5 200000 200000 200000 200000 200000 200000 200000 200000 200000 200000 63340.7 40939.4 28426.4 25193.3 26123 27365.9 26441.4 23127.4 10895.3 6637.65 5643.97 5043.92 1000 1850.62 3317.7 5198.28 6921.33 6194.88 6270.24 5558.34 4508.66 4098.44 3816.6 4146.99 4448.11 4139.3 3256.5 2338.59 1566.96 2343.03 2306.11 2875.2 3880.29 4615.82 5809.65 7782.2 9474.51 7697.45 5140.05 4052.9 3358.11 3004.38 2975.56 2837.21 2470.43 2525.19 2457.3 2579.99 2887.41
16007.3 15552.9 14109.9 14241.9 16052.3 21852.7 31165.8 49767.6 78494.8 122570 157255 200000 200000 200000 200000 200000 200000 200000 200000 66243.2 42197.1 26644 20767.5 20010 22104 22719 20286 6515.11 5279.31 5932.76 5478.11 1383.06 1728.47 2902.37 5185.87 8131.32 6243.83 6125.54 5338 4750.07 4605.62 4326.13 4438.33 4835.26 5114.62 4320.02 3155.21 2238.06 2652.36 2744.18 3811.89 5713.09 6555.56 7448.26 10490.5 11272.5 8663.8 4317 3484.82 3047.05 2793.87 2674.7 2693.07 2321.7 2373.56 2324.93 2516.98 2834.79
8226.21 8327.92 7374.86 6521.16 5403.14 11252.7 29671.1 49213.6 73050.4 93989.1 98874.1 107187 133599 200000 200000 200000 200000 200000 190989 68420.5 44656.7 26190.8 16375.7 14589.6 14764.3 12896.3 6752.4 5436.9 4780.32 6176.56 5786.85 1526.57 1573.42 2798.65 5421.03 23818.2 25097.4 7777.23 6750.33 5901.76 5838.75 5497.28 5852.51 6306.61 6664.07 5834.98 3835.34 2324.93 2553.53 2608.02 3252.85 4619.94 7977.64 9120.88 11014.3 10061.5 4648.33 3962.3 3001.1 2493.43 2218.48 1994.32 1914.97 1634.74 1954.75 2042.5 2385.42 2396.32
3281.88 3195.96 3075 3109.33 2930.44 5544.44 28300.3 50757 74532.9 90815.6 90356.7 93408.4 105139 130233 200000 200000 200000 200000 126498 67336.1 46019.8 26942.7 13997.4 12938.6 12148 8114.49 5913.48 5043.66 4597.91 6338.05 5946.26 1566.82 1552.24 2576.24 4739.01 29651.7 34820.8 9495.22 9042.39 9059.75 8996.51 8407.75 8894.59 9545.02 9894.51 8241.71 5552.18 3439.07 2910.74 3143.63 3939.74 11429.4 17500.3 9498.96 9786.86 6588.61 4238.51 3633.3 3049.56 2640.32 2448.96 2187.49 2178.55 1269.14 1638.9 1667.71 2007.41 1814.84
1000 1000 1252.97 1875.26 2272.28 3661.41 30381.2 54586.4 79353.1 92630.2 87912.5 88029.3 95641.2 111324 150330 200000 200000 200000 104116 64522.6 45860.3 27774.6 14106 13029.9 12210.4 7918.52 5814.83 5036.89 4742.29 6780.06 6182.94 1795.41 1799.84 2468.21 3739.36 36993.1 48767.4 35202.4 8193.59 8909.81 10652.1 9696.88 10611.9 12033.9 11017.1 8131.01 5168.54 3345.14 2897.02 3386.71 4656.74 23987.7 29317.1 31016.6 28109.9 5561.94 3336.28 3045.78 2286.2 1893.03 1735.09 1026.37 1122.57 1000 1000 1206.79 1000 1154.04
19750.4 2299.78 2484.75 3497.79 16585.7 61764.4 68349.3 57654.4 74509.8 80017.5 76030.4 74897.6 78190.3 84552.3 96026.3 109050 115433 108908 80904.5 58284.2 44831 28212 15185.9 13754.6 13498.6 10853.7 19791 5512.34 5946.91 7898.11 6819.65 2190.51 2221.88 2669.33 3284.53 52666.7 200000 90582.4 28434.2 13086.6 12294.7 12019 13234.2 13932.2 12688.7 10974.6 9371.89 8118.54 6223.63 4659.18 9213.42 24066.2 40858.4 38936.5 29262.4 4081.56 3144.47 2993.37 2262.79 1918.69 1745.97 1000 1000 1000 1000 1123.27 1103.32 1469.45
23893.1 22302.4 4380.7 6940.36 17389.8 51214.9 200000 200000 65440.3 62922.5 61360.2 60257.8 60983 62923.3 66440.8 69844.7 69960.5 68301.9 60550.4 49147.7 42844.8 28925.5 16965.2 15135.1 15256.6 21229.2 21384.6 6699.16 9103.14 9254.39 8256.01 2433.59 2243.74 2524.99 27243.8 105661 200000 200000 44539.1 12500.8 12604 12875.4 14148.8 15033 14943.7 14361.3 13080.9 12149.1 11793.4 13405.6 15362.4 16582.3 45240.8 37759.7 26216.3 4329.71 3071.45 2911.32 2168.14 1793.23 1787.86 1000 1000 1000 1000 1000 1000 1000
28004.8 26897.4 22680.1 14433.4 18873.7 39543.4 200000 200000 200000 188238 66084.1 57592.7 53354.1 51707.3 52674.2 53916.3 52695.3 50281.9 46953.5 42245.7 39243.7 29756 22596.5 21037.6 21882.3 20635.5 5862.58 5452.06 5533.7 6847.13 6490.81 2293.38 2268.5 2485.13 29933.4 93333.8 200000 200000 89113 13517.4 14048.2 14627.2 15758.3 16365.8 16129.7 15649.6 14112.6 13007.1 13157 14617 15752 15488.8 21042.3 23972.1 12418.6 6451.61 3910.09 3303.66 2438.36 1548.97 1746.28 1000 1000 1000 1000 1000 1000 1000
34086.4 33313 29935.8 25388.1 24512.7 33719.1 200000 200000 200000 200000 200000 200000 200000 54417.8 49797 49787.7 46538.9 41812.5 38689.2 37376.8 34466.3 29810.3 28984.5 30107.3 28647.8 24823.5 2710.12 2802.96 2555.76 2764.61 2551.59 2156.65 2349.63 2639.35 24034.6 47045.5 200000 200000 82206.7 12034.5 13096.8 13957.7 15332.2 16383 16161.1 15441.1 14163 13905.8 15739.3 17503.2 17899.5 16583.5 16664.4 14620.3 11867.2 7623.59 4581.66 3788.84 3199.4 2545.9 2417.91 1488.86 1000 1000 1000 1000 1000 1000
42067.5 40429.8 36102.4 30793 26988.4 28935.4 41534.7 200000 200000 200000 200000 200000 200000 200000 62264.2 54154.2 43786.7 35599 31127 32512.3 33022.5 34722.6 37896 37543.2 33856 29105 23856.8 3687.89 3364.08 3785.99 1942.31 2221.28 2535.6 3024.71 4106.61 31472.4 39798 41917.1 8476.15 8637.66 9000.4 9145.89 10008.6 11093.5 10316.5 9657.15 9962.69 10459.5 14054.8 16669.7 16827.4 15203.8 14219 12926.9 11049.7 7386.69 4260.25 3765.97 3369.17 2541.92 2340.27 1714.44 1000 1000 1000 1000 1000 1000
49833.8 44778.4 37635.4 30581.4 24843.1 24164.2 30403.3 49464.5 200000 200000 200000 200000 200000 200000 200000 200000 200000 35501 27277.2 32713.2 47679.6 52907.6 48046.9 42348.8 36507.5 31242.5 26436 20859.3 4817.69 4309.97 2300.85 2314.89 2518.33 2995.02 4692.18 22975.9 27323.4 8185.59 8087.51 8283.58 8608.78 8808.21 9358.5 10172 10066.6 9693.12 10048.5 10619.3 12634.8 15745.2 16360.1 14624.6 13576.8 12639.8 10930.6 4898.56 3997.89 3742.37 3385.75 2576.38 2525.76 1000 1000 1000 1000 1000 1000 1330.14
51133.9 41862.2 33631.2 26353.2 19519.5 19057.6 24498.8 36032.9 184352 200000 200000 200000 200000 200000 200000 200000 200000 200000 53693 200000 200000 77888.2 50121.3 42451.3 36392.4 31293.9 26788.9 21971.4 7027.78 4624.93 2406.09 2380.5 2544.41 2864.17 4982.8 8555.12 23344.5 9785.32 8980.98 8883.58 9162.89 9612.05 10246 10914.2 11079.1 11066.5 11483.5 12303.4 14724.3 16882.5 17087.3 15351.6 14317.8 13686.4 19846.5 4498.45 3971.96 3801.44 3573.59 2831.4 2782.8 1127.59 1000 1000 1000 1000 1000 2141.34
45085.3 35831.8 27750 20494.9 11297.3 4353.89 21147.3 30738.2 56137.9 200000 200000 200000 200000 200000 60540.3 47271.5 46337.1 52399.3 47947.6 59338.2 53068.9 46825.3 44349.2 40597.9 35802.8 31095.3 26782.8 22482.7 10497.3 5536.12 2689.5 2550.35 2734.89 2982.67 4632.24 7439.98 9609.66 9484.06 8968.53 8830.73 8913.35 9473.36 10364.3 11143.7 11405.2 11649.4 12603.2 14068.5 16321.6 17283.7 16190.2 13977 13021.7 12146.1 9206.92 4639.54 4201.04 4038.16 3835.78 3068.98 2877.85 1000 1000 1000 1000 1000 1844.99 3709.96
39179.5 31031.3 23008 14144.5 11680.6 2502.88 19454.9 28602.3 47093.4 112570 200000 200000 98416.3 57155.2 40583.6 31755.8 29890 35647.2 36536.8 38063.7 37413.6 37748.5 39537.5 38775.4 35467 31164.6 26986 23146.1 13283.9 7189.03 3000.07 2714.16 2677.94 2991.89 4262.8 6543.28 20031.4 10541 9762.92 9165.53 8839.17 9536.45 10709.1 11635.4 11887.7 12441.8 14330.7 17658.6 17792.9 16768 13907.5 12330.9 11764.7 11131 10036.7 6600 5473.84 5077.2 4703.03 3625.36 3231.86 1512.59 1000 1000 1000 1000 2139.85 4348.45
36504.1 28285.7 19587.1 13346.5 11481.7 1530.54 18419.8 28785.9 45398.8 68580.6 78347.4 68504.8 55584.1 43444.1 32880.4 25808.7 23978.2 29399.4 31618.7 33226.9 33364.1 34233.7 36435.7 37115.1 35090 31361.4 27384.7 23935.2 15976 8820.73 3575.3 3072.48 2958.29 3052.47 4696.86 6293.18 22502.7 14490.5 11573.9 9700.46 8559.43 9126.19 10529 11636.3 11851.4 12638.9 17711.2 20272.1 19880.3 18214.6 13814.5 12634.2 11952.6 11369.8 10953.1 10305.8 9910.78 8645.19 7153.33 5100.58 3998.91 2338.37 1000 1000 1000 1000 1000 23816.8
