Code/Outputs/Output_20260204_161825/2.9_30_1000_topography.grd
DSAA
181 201
-5400000.000000 5400000.000000
-6000000.000000 6000000.000000
-6404.390000 20389.200000
[rows 69 to 91 of 201, columns 102 to 152 of 181]
3.450440e+03 3.371700e+03 3.616760e+03 3.582580e+03 3.412790e+03 3.078930e+03 3.684290e+03 3.977700e+03 4.704540e+03 5.678840e+03 5.597250e+03 4.578290e+03 3.865260e+03 3.462340e+03 2.911270e+03 2.648550e+03 2.632240e+03 2.597170e+03 2.594170e+03 2.631030e+03 2.621630e+03 2.569980e+03 2.574450e+03 2.540660e+03 2.398610e+03 2.025480e+03 1.759050e+03 1.647600e+03 1.984560e+03 1.324980e+03 9.411860e+02 9.400090e+02 8.821040e+02 6.777370e+02 5.722170e+02 9.352520e+02 9.192020e+02 1.060740e+03 8.563540e+02 1.034370e+03 1.366230e+03 1.333150e+03 6.395900e+02 1.104250e+03 4.367450e+02 -5.680720e+02 3.718150e+02 7.943460e+02 7.152680e+02 6.257900e+02 7.507090e+02
3.224890e+03 3.185270e+03 3.255120e+03 3.190930e+03 3.244130e+03 3.100250e+03 3.691730e+03 4.234640e+03 4.723900e+03 4.162330e+03 5.226700e+03 4.813700e+03 4.162490e+03 3.809870e+03 3.326460e+03 2.954810e+03 3.264730e+03 2.668950e+03 2.510940e+03 2.506890e+03 2.564540e+03 2.510010e+03 2.535750e+03 2.402270e+03 2.129490e+03 1.888040e+03 1.591340e+03 1.406830e+03 1.533540e+03 1.351840e+03 8.779050e+02 7.131870e+02 8.266390e+02 7.865270e+02 7.989620e+02 7.482590e+02 6.951690e+02 7.441820e+02 7.396970e+02 8.999690e+02 8.488380e+02 9.307870e+02 8.033950e+02 6.332490e+02 -2.015240e+02 -1.631980e-01 9.685470e+02 2.537510e+02 8.059940e+02 8.490340e+02 7.833490e+02
3.148590e+03 3.089760e+03 3.030520e+03 2.935910e+03 3.084670e+03 3.073420e+03 3.463980e+03 4.130900e+03 5.177090e+03 4.271890e+03 4.999950e+03 4.668090e+03 4.355400e+03 4.227580e+03 3.976490e+03 3.772620e+03 3.872310e+03 2.592190e+03 2.600970e+03 2.768440e+03 2.606240e+03 2.441910e+03 2.204250e+03 2.044120e+03 1.973150e+03 1.666860e+03 1.391070e+03 1.129350e+03 1.125010e+03 1.089330e+03 8.755060e+02 7.192110e+02 8.655730e+02 7.548630e+02 7.594130e+02 6.315190e+02 5.697550e+02 5.688640e+02 7.927050e+02 5.643280e+02 7.462590e+02 7.263960e+02 6.715220e+02 3.169680e+02 -5.112710e+02 5.428390e+01 8.466210e+02 5.408740e+02 9.832820e+02 6.823250e+02 7.468900e+02
3.077590e+03 3.023600e+03 2.967780e+03 2.859910e+03 2.880610e+03 2.860000e+03 3.158930e+03 3.560750e+03 4.150000e+03 4.477450e+03 4.666410e+03 4.484740e+03 4.125150e+03 4.092360e+03 4.082400e+03 4.445450e+03 4.037950e+03 3.915590e+03 3.387150e+03 3.310680e+03 2.657640e+03 2.263860e+03 2.146070e+03 1.962630e+03 1.803960e+03 1.417310e+03 1.160630e+03 1.007370e+03 8.859910e+02 9.389700e+02 8.720660e+02 7.700550e+02 7.899980e+02 8.659310e+02 6.494700e+02 5.969910e+02 5.937330e+02 6.956700e+02 8.616430e+02 6.243250e+02 6.394800e+02 7.636570e+02 6.737270e+02 1.251630e+02 -4.626930e+02 3.273630e+02 9.631340e+02 1.107060e+02 6.523420e+02 4.832340e+02 6.614810e+02
2.975260e+03 2.934780e+03 2.892160e+03 2.801790e+03 2.763640e+03 2.836780e+03 2.826070e+03 2.849750e+03 3.176650e+03 3.780490e+03 4.020060e+03 3.939130e+03 3.726230e+03 3.749220e+03 3.921790e+03 4.479100e+03 4.395430e+03 4.392610e+03 3.771760e+03 3.573560e+03 2.829710e+03 2.395190e+03 2.278610e+03 2.053680e+03 1.808050e+03 1.311800e+03 9.944250e+02 8.627650e+02 7.985850e+02 8.107830e+02 8.397360e+02 3.127250e+02 5.632700e+02 8.589400e+02 8.254510e+02 9.194250e+02 9.121960e+02 9.529180e+02 5.997900e+02 5.538910e+02 5.999230e+02 7.273430e+02 5.895340e+02 3.662090e+02 1.104820e+02 6.048050e+02 -2.076280e+02 3.521480e+01 3.702330e+02 5.561220e+02 3.477470e+02
2.919740e+03 2.854050e+03 2.794100e+03 2.753060e+03 2.756760e+03 2.790100e+03 2.767860e+03 3.058800e+03 2.835320e+03 3.132210e+03 3.416500e+03 3.328270e+03 3.451150e+03 3.329010e+03 3.630520e+03 3.918600e+03 3.618290e+03 3.496750e+03 3.289270e+03 3.246960e+03 2.918010e+03 2.760040e+03 2.493720e+03 2.401100e+03 2.297200e+03 1.514180e+03 1.119540e+03 8.122650e+02 7.177360e+02 6.633880e+02 7.811830e+02 2.630950e+02 3.912990e+02 7.274200e+02 8.966920e+02 9.151590e+02 8.280690e+02 6.325440e+02 5.832590e+02 5.566470e+02 6.143380e+02 5.899960e+02 5.309720e+02 6.308280e+02 4.332890e+02 1.786010e+02 4.540910e+02 5.013140e+02 2.489980e+02 4.398550e+02 3.383530e+02
2.890840e+03 2.829410e+03 2.743940e+03 2.694760e+03 2.702880e+03 2.622420e+03 2.832640e+03 2.827580e+03 2.590370e+03 2.574620e+03 2.888680e+03 2.975180e+03 3.073020e+03 3.315510e+03 3.433020e+03 3.200920e+03 3.064340e+03 2.954960e+03 2.930510e+03 2.950080e+03 2.893670e+03 2.857620e+03 2.779690e+03 2.937230e+03 3.062530e+03 2.168450e+03 1.520070e+03 9.202840e+02 6.951880e+02 5.951870e+02 7.615810e+02 9.452420e+01 6.786480e+02 6.392880e+02 7.158470e+02 6.162820e+02 5.407170e+02 6.136750e+02 5.921480e+02 5.106960e+02 5.213560e+02 6.657960e+02 6.545990e+02 5.963730e+02 -5.467950e+02 3.953080e+02 -5.876850e+02 -6.873160e+02 -1.911340e+02 1.295180e+02 4.968470e+02
2.894880e+03 2.803170e+03 2.752610e+03 2.659590e+03 2.657330e+03 2.629600e+03 2.640120e+03 2.455780e+03 2.414890e+03 2.389710e+03 2.552370e+03 2.723230e+03 3.190710e+03 3.546870e+03 3.540570e+03 3.321500e+03 3.013200e+03 2.868290e+03 2.833370e+03 2.828330e+03 2.813800e+03 2.779290e+03 2.895730e+03 3.079920e+03 3.285950e+03 3.237470e+03 2.000500e+03 5.464980e+02 7.596740e+02 6.340070e+02 6.899430e+02 7.077780e+02 6.884310e+02 6.321910e+02 6.467780e+02 4.657120e+02 5.705350e+02 6.993830e+02 7.964070e+02 6.168290e+02 8.636440e+02 8.298400e+02 7.559830e+02 6.020520e+02 3.481700e+02 1.065020e+02 -1.845180e+03 -2.012750e+03 -1.069400e+03 -8.073040e+02 1.337270e+02
2.866830e+03 2.793900e+03 2.761290e+03 2.700690e+03 2.630510e+03 2.624680e+03 2.607220e+03 2.417040e+03 2.407290e+03 2.394320e+03 2.554650e+03 2.668610e+03 3.322390e+03 3.791290e+03 3.671200e+03 3.298700e+03 3.010180e+03 2.932640e+03 2.789710e+03 2.686360e+03 2.706700e+03 2.709300e+03 2.741090e+03 2.719960e+03 3.656970e+03 3.976970e+03 2.310030e+03 8.160380e+02 9.532150e+02 9.384410e+02 8.280870e+02 7.811390e+02 7.862070e+02 7.275410e+02 3.856720e+02 5.864320e+02 6.063430e+02 1.234840e+03 1.159020e+03 9.390630e+02 7.860070e+02 8.176250e+02 7.976830e+02 7.187270e+02 8.850320e+02 -6.993870e+01 -5.815440e+02 -1.686040e+03 -1.490610e+03 -1.559470e+03 -5.810850e+02
2.968700e+03 2.860780e+03 2.766880e+03 2.716740e+03 2.665630e+03 2.583420e+03 2.549740e+03 2.520850e+03 2.422990e+03 2.414060e+03 2.460010e+03 2.482220e+03 3.339430e+03 3.693090e+03 3.709600e+03 3.261780e+03 3.083280e+03 2.938140e+03 2.821030e+03 2.743110e+03 2.764720e+03 2.761470e+03 2.897590e+03 3.308800e+03 3.698870e+03 4.274700e+03 2.179200e+03 1.244890e+03 1.037910e+03 1.074450e+03 9.795320e+02 9.249600e+02 9.071970e+02 8.520080e+02 6.239890e+02 8.278310e+02 1.389560e+03 1.691170e+03 1.320370e+03 9.242280e+02 8.511110e+02 9.063090e+02 7.109540e+02 7.134040e+02 8.683730e+02 8.629550e+02 -4.706290e+02 -8.133000e+02 -1.560590e+03 -1.648450e+03 -1.382390e+03
3.114750e+03 2.995960e+03 2.808190e+03 2.739040e+03 2.677310e+03 2.561610e+03 2.619520e+03 2.506240e+03 2.364720e+03 2.336140e+03 2.351460e+03 2.321110e+03 3.028250e+03 3.637360e+03 3.499150e+03 3.309310e+03 3.094860e+03 2.937580e+03 2.847450e+03 2.832950e+03 2.819760e+03 2.974240e+03 2.952720e+03 3.401310e+03 3.735140e+03 4.217290e+03 2.325680e+03 1.297930e+03 1.095130e+03 1.141540e+03 1.154750e+03 1.206940e+03 1.121720e+03 1.156680e+03 1.137210e+03 9.606820e+02 1.273150e+03 1.357490e+03 1.064570e+03 9.121620e+02 8.838850e+02 1.108010e+03 1.010300e+03 6.009910e+02 6.778280e+02 5.135070e+02 2.203540e+02 -5.582090e+02 -1.022620e+03 -1.065470e+03 -5.765860e+02
3.268080e+03 3.167620e+03 2.934610e+03 2.833170e+03 2.720870e+03 2.659450e+03 2.618350e+03 2.543100e+03 2.414880e+03 2.343000e+03 2.326080e+03 2.377050e+03 2.701150e+03 3.296280e+03 3.349000e+03 3.275510e+03 3.183690e+03 3.004150e+03 3.034530e+03 2.934410e+03 3.024800e+03 3.089080e+03 3.267620e+03 3.329970e+03 3.399080e+03 3.777310e+03 3.314480e+03 1.401110e+03 1.160000e+03 1.138430e+03 1.237330e+03 1.334850e+03 1.514480e+03 1.075100e+03 1.116250e+03 8.462330e+02 9.144400e+02 9.745700e+02 8.919460e+02 8.780570e+02 8.899210e+02 9.754130e+01 -4.457000e+02 7.712320e+02 8.747900e+02 5.765940e+02 2.941500e+02 -7.274300e+01 -2.680130e+02 -3.698490e+02 -4.068130e+02
3.400870e+03 3.248160e+03 3.155140e+03 2.962510e+03 2.866310e+03 2.783480e+03 2.703980e+03 2.599880e+03 2.484980e+03 2.383060e+03 2.371020e+03 2.417850e+03 2.762610e+03 3.196640e+03 3.254210e+03 3.437600e+03 3.405380e+03 3.254730e+03 3.220190e+03 2.987250e+03 2.983430e+03 3.332820e+03 3.511020e+03 3.671450e+03 3.630770e+03 3.673280e+03 3.432040e+03 1.523960e+03 1.336150e+03 1.259390e+03 1.307650e+03 1.456070e+03 1.401860e+03 1.186730e+03 1.137870e+03 9.315010e+02 9.216420e+02 9.014930e+02 8.460760e+02 8.667250e+02 8.655720e+02 1.090230e+03 8.230300e+02 5.572230e+02 4.633540e+02 -1.678040e+02 3.530810e+02 -1.123760e+00 -2.686730e+02 -5.795190e+02 -1.521530e+03
3.326960e+03 3.386400e+03 3.240880e+03 3.081610e+03 2.921080e+03 2.852990e+03 2.802980e+03 2.643800e+03 2.605550e+03 2.482100e+03 2.521350e+03 2.492940e+03 2.714290e+03 3.167450e+03 3.265530e+03 3.304170e+03 3.463960e+03 3.549700e+03 3.662950e+03 3.158600e+03 3.417490e+03 4.699010e+03 4.187490e+03 3.890540e+03 3.586360e+03 3.453030e+03 2.870740e+03 1.529470e+03 1.386650e+03 1.438110e+03 1.494630e+03 1.486870e+03 1.509010e+03 1.309160e+03 1.203380e+03 1.028470e+03 7.841170e+02 9.361100e+02 8.434860e+02 7.411040e+02 7.287720e+02 1.356630e+03 1.560570e+02 4.346830e+02 4.302670e+02 9.187220e+02 7.815420e+02 6.563940e+02 -8.557550e+02 -1.479250e+03 -1.976510e+03
3.622080e+03 3.473070e+03 3.365170e+03 3.158280e+03 2.998640e+03 2.943590e+03 2.865040e+03 2.740800e+03 2.739320e+03 2.626810e+03 2.569960e+03 2.537140e+03 2.629770e+03 2.926000e+03 3.079860e+03 3.316970e+03 3.396950e+03 3.488130e+03 3.651100e+03 3.444940e+03 3.359650e+03 3.449230e+03 3.452470e+03 3.795170e+03 3.832560e+03 3.554170e+03 2.541890e+03 1.606100e+03 1.548940e+03 1.611190e+03 1.744420e+03 1.648160e+03 1.371980e+03 1.229330e+03 1.343640e+03 6.100750e+02 9.039590e+02 8.503280e+02 8.676450e+02 8.497530e+02 7.687040e+02 1.250960e+03 4.709660e+02 4.189040e+02 5.566800e+02 5.819700e+02 -1.233560e+02 -7.836130e+02 -1.794350e+03 -1.982510e+03 -1.884550e+03
3.821270e+03 3.641540e+03 3.499440e+03 3.366380e+03 3.151440e+03 3.026620e+03 2.929870e+03 2.924650e+03 2.821010e+03 2.758130e+03 2.687110e+03 2.605380e+03 2.641360e+03 2.797850e+03 3.120620e+03 3.408930e+03 3.474040e+03 3.782960e+03 3.831110e+03 3.556900e+03 3.617230e+03 3.386270e+03 3.417760e+03 4.096760e+03 5.197820e+03 4.127530e+03 2.131460e+03 1.569560e+03 1.646630e+03 1.772870e+03 1.795560e+03 1.602220e+03 1.292000e+03 9.107640e+02 3.410190e+02 1.148930e+02 1.385120e+02 7.253430e+02 6.367930e+02 6.962980e+02 8.041100e+02 7.277930e+02 1.226730e+03 8.140000e+02 1.061540e+02 -4.514960e+02 -2.145400e+02 -8.439460e+02 -1.896670e+03 -2.016180e+03 -1.845490e+03
3.978220e+03 3.844530e+03 3.704810e+03 3.487560e+03 3.310530e+03 3.217620e+03 3.185210e+03 3.030900e+03 2.927350e+03 2.910110e+03 2.850920e+03 2.893270e+03 2.788420e+03 2.959910e+03 3.205550e+03 3.420850e+03 3.719200e+03 3.959870e+03 4.090450e+03 4.004690e+03 3.652650e+03 3.482200e+03 3.437560e+03 3.633040e+03 3.847830e+03 3.360740e+03 2.158630e+03 1.710270e+03 1.728080e+03 1.120690e+03 2.044900e+03 1.834520e+03 5.114580e+02 -2.511810e+03 -5.110110e+02 -3.474640e+03 -3.306190e+03 -1.544430e+03 -9.696240e+01 1.262990e+02 6.920690e+02 2.538460e+02 1.034170e+03 -4.597100e+02 -4.637770e+02 1.131580e+02 -2.643680e+01 -7.537430e+02 -1.664370e+03 -1.949910e+03 -1.889050e+03
4.137770e+03 4.020550e+03 3.789280e+03 3.711140e+03 3.640840e+03 4.022910e+03 4.006300e+03 3.301430e+03 3.146410e+03 3.032260e+03 3.075460e+03 3.035790e+03 3.009250e+03 3.308260e+03 3.555950e+03 3.615030e+03 3.783690e+03 4.097910e+03 4.169790e+03 4.129060e+03 3.125460e+03 3.625160e+03 3.242330e+03 3.482600e+03 3.422740e+03 3.116890e+03 1.740140e+03 3.373190e+02 6.681140e+02 7.751400e+02 3.259020e+02 2.957400e+02 -3.347600e+03 -4.019960e+03 -4.082110e+03 -3.339620e+03 -3.302790e+03 -3.806630e+03 -3.666960e+03 -3.690710e+03 -3.254850e+02 5.892270e+02 6.173940e+02 5.899500e+02 2.250250e+02 7.253320e+01 2.772830e+01 -4.789240e+02 -1.094180e+03 -1.678340e+03 -1.825220e+03
4.245790e+03 4.091120e+03 3.944830e+03 3.871980e+03 3.695870e+03 3.622870e+03 3.861980e+03 3.468670e+03 3.278380e+03 3.218070e+03 3.199380e+03 3.193830e+03 3.359690e+03 3.467850e+03 3.425750e+03 3.515400e+03 3.769440e+03 4.141300e+03 4.232220e+03 3.723800e+03 2.011900e+03 2.259480e+03 2.305000e+03 2.280180e+03 2.473010e+03 5.208140e+02 -3.821020e+03 -4.855760e+03 -3.415590e+03 -1.543470e+03 -3.257010e+03 -4.169300e+03 -3.869030e+03 -3.233790e+03 -3.068070e+03 -3.184270e+03 -2.975210e+03 -3.603200e+03 -3.977500e+03 -3.928710e+03 -7.458170e+02 1.064090e+03 5.389830e+02 1.002770e+02 -1.231010e+02 -1.558990e+02 -2.194470e+02 -4.253870e+02 -7.370350e+02 -1.082200e+03 -1.391200e+03
4.393970e+03 4.218780e+03 4.032450e+03 3.955050e+03 3.800250e+03 3.752980e+03 3.690410e+03 3.535480e+03 3.441390e+03 3.214140e+03 3.502940e+03 3.580170e+03 3.322680e+03 7.493570e+02 1.338910e+03 1.294760e+03 1.842740e+03 1.546790e+03 3.585020e+03 2.134330e+03 -1.749550e+03 -9.557070e+02 -1.032300e+03 -1.449480e+03 -1.768920e+03 -3.052920e+03 -8.480330e+02 -1.765550e+03 2.289450e+02 1.791650e+03 -7.049800e+02 -1.948790e+03 -3.721270e+03 -2.381280e+03 -1.679030e+03 -1.391750e+03 -1.920590e+03 -2.020170e+03 -2.180800e+03 -1.581090e+03 4.021440e+01 -9.877380e+02 7.078590e+02 1.743680e+02 -8.775910e+01 -2.420240e+02 -3.931980e+02 -5.644560e+02 -7.260570e+02 -1.012460e+03 -1.121930e+03
4.462910e+03 4.290640e+03 4.136010e+03 4.047900e+03 3.924220e+03 3.939300e+03 3.974180e+03 3.846990e+03 3.271890e+03 3.509880e+03 3.911490e+03 1.370210e+03 1.258020e+03 -2.072380e+03 -2.993630e+03 -3.401990e+03 -3.771640e+03 -3.639030e+03 -6.329220e+02 -2.045210e+03 -2.421290e+03 -2.932860e+03 -1.262340e+02 2.495310e+03 5.441310e+02 1.678460e+03 2.525640e+03 2.539840e+03 2.486040e+03 2.326240e+03 2.019400e+03 1.520550e+03 -1.041680e+03 -1.948580e+03 -2.177870e+03 -2.405010e+03 -1.968690e+03 -8.392040e+02 1.010960e+02 -2.221580e+02 -1.417970e+03 -3.954400e+03 -1.786810e+03 4.415310e+02 1.053930e+00 -3.932970e+02 -9.681750e+02 -8.213340e+02 -8.103680e+02 -9.204320e+02 -9.886510e+02
4.483800e+03 4.376460e+03 4.223080e+03 4.122840e+03 3.996280e+03 3.988460e+03 4.062520e+03 3.865520e+03 3.775600e+03 3.843100e+03 1.212580e+03 -4.561660e+02 -6.472030e+02 -3.922550e+03 -4.891790e+03 -4.754460e+03 -4.785660e+03 -1.405120e+03 5.258150e+02 1.704860e+03 2.894910e+03 2.696740e+03 4.201580e+03 3.636030e+03 3.229010e+03 2.955810e+03 2.810150e+03 2.804340e+03 2.641190e+03 2.531970e+03 2.245450e+03 1.908530e+03 1.833570e+03 1.002070e+03 5.014410e+02 -2.887960e+01 3.847470e+02 -9.841090e+02 -2.118420e+02 4.027910e+02 3.452260e+02 -3.370510e+03 -3.606840e+03 -2.248150e+03 -6.948670e+02 -4.492220e+02 -2.649780e+03 -1.213990e+03 -1.181360e+03 -1.186670e+03 -8.693200e+02
4.490470e+03 4.359130e+03 4.259780e+03 4.165280e+03 4.050930e+03 4.015240e+03 3.965600e+03 3.853540e+03 1.940810e+03 6.484350e+02 8.164530e+01 -1.749920e+03 -3.314850e+03 -4.622390e+03 -4.311870e+03 -2.473590e+03 6.591000e+02 3.755700e+03 4.887940e+03 5.301880e+03 5.130740e+03 4.698850e+03 3.837730e+03 3.349270e+03 3.068320e+03 2.902190e+03 2.803660e+03 2.771100e+03 2.635050e+03 2.516260e+03 2.484870e+03 1.626900e+03 1.609060e+03 1.787510e+03 1.792810e+03 1.726070e+03 -2.141620e+03 1.032320e+03 1.954300e+02 9.707170e+02 7.338300e+02 -3.384100e+03 -3.861250e+03 -3.549190e+03 -3.028780e+03 -4.089560e+03 -3.696380e+03 -3.330530e+03 -2.410750e+03 -9.597000e+02 -9.880470e+02
