Code/Outputs/Output_20260204_161825/2.9_30_1000_topography.grd
DSAA
181 201
-5400000.000000 5400000.000000
-6000000.000000 6000000.000000
-6404.390000 20389.200000
[rows 23 to 45 of 201, columns 0 to 50 of 181]
2.273640e+03 1.832560e+03 1.215100e+03 1.439840e+03 1.560360e+03 1.532140e+03 1.506980e+03 2.170210e+03 2.052100e+03 1.943890e+03 1.355940e+03 1.615640e+03 1.443890e+03 1.676410e+03 1.749350e+03 1.834280e+03 1.987530e+03 2.158950e+03 2.087840e+03 1.808900e+03 1.652160e+03 2.293160e+03 2.146320e+03 2.113620e+03 2.193790e+03 1.885160e+03 1.672440e+03 1.647660e+03 1.460030e+03 1.300860e+03 1.258030e+03 1.380060e+03 4.893650e+02 7.334110e+02 7.162900e+02 5.232130e+02 6.220560e+02 6.575520e+02 5.725970e+02 5.268250e+02 5.677260e+02 6.390620e+02 6.130550e+02 4.050910e+02 6.563750e+02 1.105830e+03 1.521280e+03 1.262360e+03 1.196220e+03 1.317990e+03 1.399760e+03
1.349410e+03 1.351110e+03 1.320250e+03 1.644500e+03 1.611060e+03 1.458450e+03 1.651090e+03 2.311970e+03 2.234700e+03 1.958430e+03 1.692040e+03 1.283760e+03 1.063670e+03 1.608820e+03 1.657890e+03 1.755510e+03 1.963050e+03 2.042300e+03 2.185010e+03 1.853970e+03 1.659670e+03 2.019020e+03 2.002470e+03 2.127400e+03 2.240110e+03 2.002040e+03 1.859740e+03 1.902090e+03 1.535130e+03 1.407100e+03 1.367580e+03 1.128480e+03 3.646160e+02 7.334110e+02 7.848250e+02 6.508940e+02 6.427100e+02 6.993690e+02 6.011140e+02 5.621620e+02 5.727370e+02 5.653640e+02 5.773790e+02 5.369970e+02 6.967450e+02 8.068570e+02 9.119760e+02 9.544220e+02 1.047410e+03 1.133870e+03 1.084790e+03
1.211730e+03 1.255430e+03 1.285510e+03 1.562260e+03 1.522040e+03 1.366340e+03 1.720430e+03 1.828320e+03 1.760050e+03 1.583810e+03 1.594010e+03 1.545800e+03 1.281790e+03 1.560990e+03 1.614480e+03 1.770650e+03 2.029820e+03 1.351810e+03 2.198540e+03 1.774560e+03 1.721130e+03 1.925030e+03 1.965330e+03 2.056070e+03 2.027290e+03 1.945040e+03 1.950420e+03 2.010130e+03 1.724300e+03 1.704660e+03 1.441490e+03 9.797930e+02 9.027740e+02 8.052070e+02 8.773680e+02 7.244630e+02 7.048890e+02 9.299950e+02 6.574110e+02 6.219590e+02 5.997200e+02 6.638000e+02 6.008470e+02 5.939220e+02 6.531560e+02 6.875720e+02 7.243310e+02 8.842240e+02 1.015800e+03 1.039700e+03 9.254790e+02
1.224040e+03 1.233320e+03 1.173980e+03 1.368270e+03 1.454290e+03 1.268860e+03 1.774410e+03 1.228530e+03 1.246380e+03 1.238050e+03 1.334590e+03 1.756660e+03 1.596650e+03 1.517610e+03 1.586970e+03 1.816640e+03 1.573200e+03 1.291460e+03 1.976280e+03 1.796500e+03 1.804960e+03 1.850950e+03 1.925540e+03 1.884990e+03 1.884770e+03 2.000530e+03 2.050340e+03 2.075930e+03 1.951920e+03 2.040970e+03 1.470490e+03 1.268260e+03 1.118230e+03 9.689760e+02 8.534850e+02 8.302310e+02 7.745880e+02 1.188860e+03 7.206220e+02 6.668270e+02 7.271820e+02 7.018170e+02 6.315540e+02 6.402260e+02 6.161130e+02 6.517790e+02 6.491020e+02 8.695770e+02 9.594190e+02 8.744670e+02 7.933910e+02
1.236350e+03 1.211210e+03 1.144250e+03 1.309660e+03 1.327780e+03 1.162270e+03 1.503330e+03 1.104480e+03 1.147120e+03 1.149000e+03 1.259890e+03 1.714480e+03 1.781630e+03 1.584360e+03 1.569160e+03 1.710640e+03 1.218700e+03 1.760500e+03 1.822760e+03 1.587120e+03 1.825730e+03 1.806980e+03 1.821180e+03 1.933810e+03 1.442360e+03 2.037240e+03 2.033160e+03 2.133730e+03 1.954010e+03 1.959160e+03 1.442450e+03 1.353640e+03 1.161970e+03 1.302180e+03 6.836500e+02 8.958590e+02 9.284780e+02 1.037020e+03 7.494720e+02 7.372550e+02 9.092770e+02 6.455040e+01 7.072040e+02 7.019850e+02 6.922580e+02 6.857550e+02 6.789480e+02 7.931470e+02 8.980320e+02 8.015980e+02 7.850770e+02
1.248670e+03 1.189100e+03 1.131900e+03 1.250550e+03 1.132240e+03 1.059200e+03 1.324170e+03 1.103940e+03 1.130120e+03 1.139680e+03 1.179560e+03 1.833210e+03 1.944830e+03 1.680360e+03 1.527990e+03 1.526890e+03 1.477340e+03 1.794990e+03 1.226550e+03 1.676550e+03 1.808050e+03 1.765040e+03 1.756190e+03 1.783800e+03 1.289430e+03 1.966490e+03 2.075600e+03 2.199420e+03 1.880750e+03 1.827800e+03 1.414600e+03 1.336520e+03 1.461380e+03 9.646640e+02 7.271020e+02 9.564900e+02 1.106330e+03 8.403490e+02 7.883410e+02 8.814770e+02 1.749920e+02 1.671180e+02 7.754140e+02 7.671630e+02 7.978570e+02 7.357750e+02 7.825260e+02 8.107750e+02 8.135460e+02 8.076610e+02 8.270130e+02
2.677800e+02 7.420630e+02 9.548980e+02 1.398520e+03 1.125040e+03 1.069190e+03 1.231810e+03 1.160740e+03 1.256150e+03 1.280960e+03 1.326860e+03 1.940740e+03 1.965420e+03 1.710930e+03 1.446880e+03 1.419390e+03 1.451320e+03 1.747240e+03 1.197420e+03 1.873100e+03 1.635660e+03 1.629120e+03 1.819780e+03 9.543810e+02 1.970760e+03 1.893670e+03 1.968000e+03 1.945940e+03 1.684730e+03 1.635690e+03 1.328240e+03 1.236700e+03 1.497240e+03 1.413790e+03 1.148740e+03 1.174100e+03 1.204450e+03 1.094570e+03 1.063970e+03 1.051840e+03 1.072650e+02 9.334490e+02 9.066000e+02 1.009460e+03 1.251910e+03 1.101940e+03 1.393330e+03 9.764020e+02 1.011260e+03 9.332000e+02 8.938300e+02
-9.476330e+02 1.946830e+02 1.249850e+03 1.392770e+03 1.187270e+03 1.104230e+03 1.135120e+03 1.263490e+03 1.426320e+03 1.445250e+03 1.847210e+03 1.460660e+03 2.132240e+03 1.729750e+03 1.381230e+03 1.303500e+03 1.363650e+03 1.714580e+03 1.854260e+03 1.667580e+03 1.425950e+03 1.478500e+03 1.640320e+03 9.019910e+02 2.138450e+03 1.794750e+03 1.716460e+03 1.564180e+03 1.477120e+03 1.367940e+03 1.224680e+03 1.133850e+03 1.420130e+03 1.605700e+03 1.709440e+03 1.468120e+03 1.281850e+03 1.405800e+03 1.325510e+03 1.198250e+03 1.068120e+03 1.060530e+03 1.074470e+03 1.327940e+03 1.816710e+03 1.361330e+03 1.881460e+03 1.223170e+03 1.201270e+03 1.103340e+03 9.873800e+02
1.320170e+03 1.560240e+03 2.127020e+03 1.597440e+03 1.342230e+03 1.248080e+03 1.236550e+03 1.357780e+03 1.572900e+03 1.738280e+03 1.952780e+03 2.058230e+03 2.373710e+03 1.869410e+03 1.419770e+03 1.226820e+03 1.297340e+03 1.487190e+03 1.609380e+03 1.277810e+03 1.203010e+03 1.392150e+03 1.732770e+03 1.986730e+03 2.093250e+03 1.810670e+03 1.655160e+03 1.497900e+03 1.410780e+03 1.319940e+03 1.220830e+03 1.261270e+03 1.501490e+03 1.849550e+03 1.869840e+03 1.703590e+03 1.646900e+03 1.613980e+03 1.543250e+03 1.600500e+03 1.584110e+03 1.656290e+03 1.601290e+03 1.665750e+03 1.258910e+03 5.587210e+02 1.819500e+03 1.366490e+03 1.352330e+03 1.262560e+03 1.222530e+03
3.847440e+03 3.059910e+03 2.341500e+03 1.797880e+03 1.488660e+03 1.418910e+03 1.349180e+03 1.476840e+03 1.823780e+03 2.116110e+03 2.243930e+03 2.425770e+03 2.445040e+03 1.988910e+03 1.432260e+03 1.162940e+03 1.099880e+03 1.227030e+03 1.100040e+03 9.671030e+02 1.006240e+03 1.317400e+03 2.215370e+03 2.364220e+03 2.108390e+03 1.786820e+03 1.601440e+03 1.484530e+03 1.358500e+03 1.304270e+03 1.290620e+03 1.388400e+03 1.791630e+03 1.993830e+03 1.922990e+03 1.957690e+03 2.025470e+03 1.808450e+03 1.854720e+03 1.886930e+03 1.835780e+03 2.147400e+03 2.054520e+03 1.967220e+03 6.349050e+02 -1.890760e+02 1.196900e+03 1.666100e+03 1.461280e+03 1.429180e+03 1.499940e+03
3.489160e+03 2.803720e+03 2.137050e+03 1.854520e+03 1.898090e+03 1.744740e+03 1.696200e+03 1.735150e+03 1.897980e+03 2.062220e+03 2.050920e+03 1.988470e+03 2.118600e+03 1.419830e+03 1.302270e+03 1.170190e+03 1.142280e+03 1.190460e+03 9.785780e+02 9.312620e+02 9.441940e+02 1.153940e+03 1.885640e+03 1.873810e+03 1.939840e+03 1.838860e+03 1.627630e+03 1.464490e+03 1.387500e+03 1.315990e+03 1.355340e+03 1.727060e+03 2.025970e+03 1.993830e+03 2.012810e+03 1.977360e+03 1.967450e+03 1.847510e+03 1.844120e+03 1.966160e+03 1.879760e+03 1.995510e+03 2.097120e+03 2.175480e+03 1.609020e+03 1.197340e+03 2.065010e+03 1.868670e+03 1.481400e+03 1.455400e+03 1.494130e+03
3.481060e+03 2.706610e+03 2.003280e+03 1.935470e+03 2.121820e+03 2.061270e+03 1.940040e+03 1.851650e+03 1.895350e+03 2.024520e+03 1.795390e+03 1.616240e+03 1.884170e+03 1.071530e+03 1.267270e+03 1.240820e+03 1.101210e+03 1.088480e+03 9.401530e+02 9.316840e+02 9.034380e+02 1.032570e+03 1.579740e+03 1.549490e+03 1.889160e+03 1.832470e+03 1.605230e+03 1.430060e+03 1.396690e+03 1.349130e+03 1.604290e+03 2.034610e+03 1.904530e+03 1.941910e+03 2.041390e+03 1.945110e+03 1.998650e+03 1.878500e+03 1.860870e+03 1.986080e+03 1.943510e+03 1.651530e+03 2.379640e+03 2.277250e+03 2.287660e+03 2.007580e+03 2.047030e+03 1.827810e+03 1.306490e+03 1.295830e+03 1.461260e+03
4.499700e+03 3.075930e+03 1.764970e+03 1.484060e+03 2.285300e+03 2.375310e+03 1.662820e+03 1.955150e+03 1.928920e+03 2.140420e+03 1.848590e+03 1.593810e+03 1.671370e+03 1.333220e+03 1.373670e+03 1.430050e+03 9.963640e+02 1.153140e+03 9.958530e+02 9.805250e+02 9.201180e+02 1.092960e+03 1.546960e+03 1.040160e+03 1.585840e+03 1.698560e+03 1.540690e+03 1.375400e+03 1.343200e+03 1.412390e+03 1.974110e+03 2.338730e+03 1.755560e+03 1.960490e+03 1.922090e+03 2.023900e+03 2.298300e+03 1.929690e+03 1.796450e+03 1.960920e+03 1.984080e+03 1.752020e+03 2.150390e+03 2.365250e+03 2.003540e+03 1.723450e+03 8.199390e+02 1.482960e+03 1.491540e+03 1.249590e+03 1.370590e+03
3.929150e+03 2.860580e+03 1.453100e+03 1.784660e+03 2.542740e+03 2.502570e+03 1.818030e+03 2.064620e+03 1.956520e+03 1.788470e+03 1.239660e+03 1.721020e+03 1.569320e+03 1.510160e+03 1.537850e+03 1.440510e+03 1.260150e+03 1.206380e+03 1.099840e+03 1.026580e+03 9.773870e+02 1.107120e+03 1.291340e+03 1.155160e+03 1.610660e+03 1.601350e+03 1.471750e+03 1.290470e+03 1.219540e+03 1.472560e+03 2.260500e+03 2.175790e+03 2.035480e+03 2.060510e+03 1.966060e+03 2.136550e+03 2.451050e+03 1.976350e+03 1.926600e+03 2.107260e+03 2.044830e+03 1.978000e+03 2.141890e+03 2.507430e+03 1.879360e+03 1.324780e+03 1.058790e+03 1.818830e+03 1.641080e+03 1.354850e+03 1.329270e+03
1.865810e+03 2.096010e+03 2.241970e+03 2.700820e+03 2.279210e+03 2.474140e+03 2.378160e+03 2.152160e+03 1.649370e+03 6.652130e+02 1.320400e+03 1.713920e+03 1.577020e+03 1.613800e+03 1.716150e+03 1.672950e+03 1.514500e+03 1.322010e+03 1.158770e+03 1.060340e+03 1.094650e+03 1.093500e+03 1.214450e+03 1.590630e+03 1.644780e+03 1.515310e+03 1.331980e+03 1.211120e+03 1.012260e+03 1.439400e+03 2.406000e+03 2.337530e+03 2.340780e+03 2.332080e+03 1.828070e+03 2.502540e+03 2.460530e+03 2.075890e+03 2.198560e+03 2.286460e+03 2.275250e+03 2.251550e+03 2.373450e+03 2.682730e+03 1.905420e+03 1.437770e+03 1.870260e+03 2.085140e+03 1.562260e+03 1.346890e+03 1.355330e+03
1.697040e+03 2.008640e+03 2.370090e+03 2.672180e+03 2.271670e+03 2.393040e+03 2.192140e+03 2.047920e+03 1.637070e+03 5.927330e+02 1.341310e+03 1.834960e+03 1.820680e+03 1.838290e+03 1.905340e+03 1.784770e+03 1.587790e+03 1.444020e+03 9.573140e+02 1.079510e+03 1.186080e+03 1.046170e+03 1.213370e+03 1.382170e+03 1.161760e+03 8.784450e+02 9.158810e+02 1.114270e+03 1.154990e+03 2.131960e+03 2.117580e+03 2.071390e+03 2.189720e+03 2.239250e+03 1.979480e+03 2.526240e+03 2.363940e+03 2.157860e+03 2.303210e+03 1.548750e+03 1.467060e+03 2.219930e+03 2.315890e+03 2.508010e+03 2.133910e+03 2.034190e+03 2.290560e+03 2.183540e+03 1.792920e+03 1.450150e+03 1.508450e+03
1.859170e+03 2.025090e+03 2.203730e+03 2.318620e+03 2.429240e+03 2.262210e+03 2.006150e+03 1.995490e+03 1.766230e+03 1.097980e+03 1.656640e+03 2.103540e+03 2.059490e+03 2.077450e+03 2.066970e+03 1.874260e+03 1.698720e+03 1.504410e+03 1.007630e+03 1.312960e+03 1.205560e+03 1.000480e+03 1.060680e+03 1.004350e+03 5.875220e+02 3.993850e+02 8.501390e+02 1.076570e+03 1.368950e+03 2.479340e+03 1.753910e+03 1.712390e+03 1.812140e+03 2.201890e+03 2.410060e+03 2.191740e+03 2.248310e+03 2.183980e+03 1.918560e+03 8.520720e+02 1.555950e+03 2.186980e+03 2.157040e+03 2.278860e+03 2.321830e+03 2.502090e+03 2.446390e+03 2.409870e+03 2.052590e+03 1.630350e+03 1.705290e+03
1.734580e+03 1.875540e+03 1.823430e+03 2.137470e+03 2.256060e+03 2.016260e+03 1.981120e+03 1.959190e+03 1.957570e+03 1.725110e+03 1.859920e+03 2.141710e+03 2.145730e+03 2.283970e+03 2.264730e+03 2.095620e+03 1.752440e+03 1.476180e+03 1.309750e+03 1.210900e+03 1.054730e+03 9.573020e+02 1.037530e+03 1.011770e+03 8.211020e+02 7.878950e+02 9.863000e+02 1.411390e+03 1.300110e+03 1.704560e+03 1.094910e+03 1.034160e+03 2.010030e+03 2.301080e+03 1.892550e+03 2.257630e+03 2.133150e+03 2.109510e+03 1.752090e+03 1.678610e+03 2.150630e+03 2.147980e+03 2.089600e+03 2.164330e+03 2.246110e+03 2.389440e+03 2.274060e+03 2.159790e+03 1.904560e+03 1.852120e+03 1.347740e+03
1.609990e+03 1.725990e+03 1.436470e+03 2.137450e+03 2.131610e+03 2.096980e+03 1.573960e+03 1.543840e+03 2.102430e+03 2.015390e+03 2.161150e+03 2.136640e+03 2.120450e+03 1.901810e+03 2.239810e+03 1.971350e+03 1.619490e+03 1.407480e+03 1.235730e+03 1.012190e+03 9.409320e+02 1.009010e+03 1.061500e+03 9.832760e+02 9.152440e+02 9.126270e+02 1.008160e+03 1.476740e+03 1.372550e+03 1.421130e+03 1.055710e+03 1.452210e+03 2.039750e+03 2.292210e+03 1.513330e+03 2.216250e+03 1.949180e+03 1.970190e+03 1.935630e+03 2.006970e+03 1.977570e+03 1.906770e+03 1.972660e+03 1.993470e+03 2.190870e+03 2.238600e+03 2.132670e+03 2.010340e+03 1.845690e+03 1.737570e+03 1.213000e+03
1.485400e+03 1.576440e+03 1.523820e+03 1.877810e+03 2.167300e+03 2.416300e+03 9.238980e+02 1.233690e+03 2.221260e+03 2.039060e+03 2.132340e+03 2.005770e+03 2.028030e+03 1.148740e+03 2.021810e+03 1.741600e+03 1.455510e+03 1.227130e+03 1.163520e+03 6.187680e+02 9.462090e+02 1.115360e+03 1.057590e+03 8.447430e+02 8.503030e+02 9.127790e+02 1.041500e+03 1.458110e+03 1.531520e+03 1.522260e+03 1.561130e+03 1.654310e+03 1.891730e+03 1.904410e+03 1.882960e+03 1.792620e+03 1.722510e+03 1.801400e+03 1.738710e+03 1.768200e+03 1.621750e+03 1.851780e+03 1.707390e+03 1.819260e+03 2.159350e+03 2.113360e+03 2.017180e+03 1.911010e+03 1.412330e+03 1.541850e+03 1.594270e+03
1.360810e+03 1.426890e+03 1.442420e+03 1.716040e+03 2.120890e+03 2.135350e+03 9.021600e+02 1.239620e+03 1.912970e+03 2.194120e+03 2.103360e+03 1.876460e+03 1.732230e+03 1.356890e+03 1.602200e+03 1.447160e+03 1.109190e+03 9.243650e+02 8.360710e+02 7.463140e+02 1.141250e+03 1.097570e+03 1.305920e+03 9.191780e+02 9.087210e+02 9.492230e+02 7.367450e+02 6.113950e+02 1.472640e+03 1.712640e+03 1.497900e+03 1.445030e+03 1.521540e+03 1.486590e+03 1.471260e+03 1.379600e+03 1.683650e+03 1.632110e+03 1.419230e+03 1.644400e+03 1.681910e+03 2.103980e+03 1.908470e+03 1.853690e+03 1.964360e+03 2.079770e+03 7.280640e+02 9.405900e+02 1.474620e+03 1.773650e+03 1.845090e+03
1.368410e+03 1.379030e+03 1.405800e+03 1.579260e+03 2.108440e+03 2.098910e+03 1.463260e+03 1.742530e+03 2.250090e+03 2.286670e+03 1.921440e+03 1.714210e+03 1.523770e+03 1.414670e+03 1.357180e+03 1.236860e+03 9.602110e+02 9.446630e+02 6.541330e+02 1.071340e+03 1.125750e+03 1.084100e+03 1.322830e+03 1.083830e+03 1.035810e+03 1.172080e+03 1.765520e+02 1.214380e+02 1.348370e+03 1.854080e+03 1.509170e+03 1.349710e+03 1.268830e+03 1.287130e+03 1.232550e+03 1.204000e+03 1.549850e+03 1.395130e+03 1.234000e+03 1.548140e+03 1.948440e+03 1.826870e+03 2.046680e+03 1.803990e+03 1.761910e+03 1.589620e+03 7.753060e+02 5.554520e+02 1.402160e+03 1.895500e+03 1.926100e+03
1.488330e+03 1.423280e+03 1.355070e+03 1.516670e+03 2.131670e+03 2.298820e+03 2.480170e+03 2.661320e+03 2.508650e+03 2.203540e+03 1.766100e+03 1.516570e+03 1.489790e+03 1.352740e+03 1.239430e+03 1.210660e+03 1.098820e+03 1.059080e+03 1.169120e+03 9.659230e+02 9.052740e+02 1.037170e+03 1.312710e+03 1.321660e+03 1.339540e+03 7.154910e+02 1.296940e+02 9.137500e+01 1.161770e+03 2.006420e+03 1.672680e+03 1.393040e+03 1.204560e+03 1.136690e+03 1.163020e+03 1.347520e+03 1.326900e+03 1.180940e+03 1.071710e+03 1.579810e+03 1.490990e+03 1.887170e+03 2.034360e+03 1.658170e+03 1.537100e+03 1.604130e+03 1.769560e+03 1.500190e+03 1.520100e+03 1.876760e+03 1.817630e+03
