Code/Outputs/Output_20260204_161825/2.9_30_1000_rms_map_shift_60km.grd
DSAA
165 185
-4920000.000000 4920000.000000
-5520000.000000 5520000.000000
0.330646 30.535431
[rows 161 to 183 of 185, columns 0 to 51 of 165]
2.180183e+01 1.955140e+01 1.658077e+01 1.319072e+01 9.739011e+00 6.599256e+00 4.136072e+00 2.656345e+00 -9.999000e+03 -9.999000e+03 -9.999000e+03 1.817541e+00 1.718551e+00 1.616889e+00 1.517130e+00 1.417973e+00 1.309468e+00 1.206947e+00 1.081115e+00 9.488796e-01 8.263847e-01 7.358157e-01 6.943740e-01 6.989004e-01 7.253375e-01 7.435567e-01 7.035220e-01 6.542301e-01 6.280586e-01 6.083082e-01 5.925496e-01 5.829686e-01 5.762051e-01 5.739669e-01 5.736284e-01 5.729615e-01 5.695708e-01 5.686158e-01 5.768346e-01 5.815465e-01 5.828887e-01 5.907503e-01 6.061488e-01 6.219077e-01 7.015703e-01 6.487686e-01 5.920864e-01 5.591763e-01 5.559772e-01 5.723996e-01 5.936229e-01 5.627221e-01
2.161856e+01 1.941235e+01 1.649596e+01 1.317127e+01 9.795763e+00 6.742558e+00 4.372155e+00 2.950965e+00 -9.999000e+03 -9.999000e+03 2.115391e+00 1.989223e+00 1.839772e+00 1.679379e+00 1.516250e+00 1.358435e+00 1.204649e+00 1.052989e+00 9.716312e-01 8.659842e-01 7.858638e-01 7.401216e-01 7.308150e-01 7.468740e-01 7.689613e-01 7.797508e-01 7.216960e-01 6.707387e-01 6.464421e-01 6.258666e-01 6.082475e-01 5.975301e-01 5.924037e-01 5.924982e-01 5.955536e-01 5.985873e-01 5.988506e-01 5.975634e-01 6.057951e-01 6.075580e-01 6.061974e-01 6.102223e-01 6.198751e-01 6.308466e-01 6.915795e-01 6.332880e-01 5.695137e-01 5.293641e-01 5.226563e-01 5.393097e-01 5.641067e-01 5.719234e-01
2.142023e+01 1.926054e+01 1.640188e+01 1.314649e+01 9.851418e+00 6.887989e+00 4.609463e+00 3.241746e+00 2.674875e+00 -9.999000e+03 2.341083e+00 2.182885e+00 1.991551e+00 1.778299e+00 1.556842e+00 1.339837e+00 1.136518e+00 9.497625e-01 8.660724e-01 7.952151e-01 7.546525e-01 7.462948e-01 7.559792e-01 7.728028e-01 7.873851e-01 7.884674e-01 7.331990e-01 6.804683e-01 6.554631e-01 6.332101e-01 6.141197e-01 6.025490e-01 5.989549e-01 6.028776e-01 6.109178e-01 6.187127e-01 6.234435e-01 6.215791e-01 6.287923e-01 6.267945e-01 6.225672e-01 6.233911e-01 6.280122e-01 6.344608e-01 6.674861e-01 6.067185e-01 5.402391e-01 4.966200e-01 4.889249e-01 5.080285e-01 5.378826e-01 5.677982e-01
2.120753e+01 1.909565e+01 1.629677e+01 1.311323e+01 9.900814e+00 7.027659e+00 4.837117e+00 3.518297e+00 2.948178e+00 -9.999000e+03 2.571668e+00 2.386884e+00 2.162265e+00 1.905811e+00 1.635455e+00 1.366389e+00 1.114689e+00 8.898416e-01 7.916934e-01 7.418115e-01 7.285332e-01 7.461522e-01 7.671837e-01 7.844117e-01 7.928958e-01 7.882383e-01 7.413327e-01 6.875324e-01 6.604974e-01 6.359630e-01 6.154750e-01 6.032945e-01 6.019697e-01 6.108990e-01 6.237253e-01 6.366478e-01 6.462071e-01 6.459237e-01 6.523864e-01 6.461941e-01 6.392325e-01 6.352810e-01 6.348474e-01 6.359107e-01 6.426387e-01 5.817888e-01 5.153243e-01 4.711179e-01 4.635735e-01 4.844953e-01 5.180675e-01 5.523677e-01
2.099099e+01 1.892380e+01 1.618078e+01 1.306352e+01 9.925390e+00 7.129364e+00 5.007525e+00 3.723376e+00 3.149448e+00 -9.999000e+03 2.748967e+00 2.546649e+00 2.300027e+00 2.014231e+00 1.709730e+00 1.406540e+00 1.121132e+00 8.672891e-01 7.606485e-01 7.214236e-01 7.266845e-01 7.615053e-01 7.899081e-01 8.078921e-01 8.118752e-01 8.015348e-01 7.517267e-01 6.942319e-01 6.648475e-01 6.377246e-01 6.152325e-01 6.029379e-01 6.045225e-01 6.180146e-01 6.345594e-01 6.520768e-01 6.649806e-01 6.663485e-01 6.703970e-01 6.590190e-01 6.491670e-01 6.403610e-01 6.343670e-01 6.300067e-01 6.283750e-01 5.715007e-01 5.095916e-01 4.685233e-01 4.613328e-01 4.815406e-01 5.151381e-01 5.498149e-01
2.077669e+01 1.875052e+01 1.605838e+01 1.300054e+01 9.927084e+00 7.194652e+00 5.124158e+00 3.865126e+00 3.287772e+00 3.049355e+00 2.880061e+00 2.668675e+00 2.409255e+00 2.106142e+00 1.781288e+00 1.459435e+00 1.154855e+00 8.870780e-01 7.790741e-01 7.477283e-01 7.617788e-01 8.055194e-01 8.367803e-01 8.533256e-01 8.526345e-01 8.353933e-01 7.713947e-01 7.081162e-01 6.748656e-01 6.445543e-01 6.213656e-01 6.105029e-01 6.158218e-01 6.337538e-01 6.528051e-01 6.730619e-01 6.859922e-01 6.845146e-01 6.835997e-01 6.660599e-01 6.509429e-01 6.356012e-01 6.221912e-01 6.109019e-01 6.268888e-01 5.774242e-01 5.233542e-01 4.882139e-01 4.814623e-01 4.984535e-01 5.285195e-01 5.609829e-01
2.057524e+01 1.858487e+01 1.593635e+01 1.292804e+01 9.905701e+00 7.218848e+00 5.178479e+00 3.933236e+00 3.350567e+00 3.114056e+00 2.948790e+00 2.736616e+00 2.473185e+00 2.163766e+00 1.831269e+00 1.504974e+00 1.196520e+00 9.326803e-01 8.333535e-01 8.115084e-01 8.319861e-01 8.813180e-01 9.124528e-01 9.254242e-01 9.190916e-01 8.933346e-01 8.120373e-01 7.408804e-01 7.028074e-01 6.677480e-01 6.438278e-01 6.362707e-01 6.445504e-01 6.649871e-01 6.850478e-01 7.049543e-01 7.141639e-01 7.021691e-01 6.943148e-01 6.694467e-01 6.479076e-01 6.241905e-01 6.019124e-01 5.826781e-01 5.646812e-01 5.945761e-01 5.483983e-01 5.185137e-01 5.110810e-01 5.236228e-01 5.483635e-01 5.774204e-01
2.039442e+01 1.843472e+01 1.582239e+01 1.285352e+01 9.869134e+00 7.211367e+00 5.182713e+00 3.944007e+00 3.355302e+00 3.122527e+00 2.965867e+00 2.758611e+00 2.496951e+00 2.187635e+00 1.856428e+00 1.535019e+00 1.234710e+00 9.867843e-01 9.029349e-01 8.902431e-01 9.167900e-01 9.719222e-01 1.000775e+00 1.007564e+00 9.969141e-01 9.614759e-01 8.600956e-01 7.802984e-01 7.380919e-01 6.990474e-01 6.754691e-01 6.710032e-01 6.806079e-01 7.024830e-01 7.236574e-01 7.415556e-01 7.463373e-01 7.216325e-01 7.058335e-01 6.729469e-01 6.453802e-01 6.134089e-01 5.825233e-01 5.558677e-01 5.318169e-01 5.183302e-01 5.780431e-01 5.521774e-01 5.436849e-01 5.510525e-01 5.696734e-01 5.942560e-01
2.023749e+01 1.830435e+01 1.572242e+01 1.278504e+01 9.828110e+00 7.186249e+00 5.155100e+00 3.915047e+00 3.326331e+00 3.096841e+00 2.950275e+00 2.748371e+00 2.491161e+00 2.184482e+00 1.859235e+00 1.547560e+00 1.259469e+00 1.030088e+00 9.625157e-01 9.588976e-01 9.896804e-01 1.046919e+00 1.071067e+00 1.066685e+00 1.048493e+00 1.007694e+00 8.874296e-01 8.001521e-01 7.565523e-01 7.170450e-01 6.971322e-01 6.958528e-01 7.088536e-01 7.318689e-01 7.544038e-01 7.715687e-01 7.746864e-01 7.437516e-01 7.205467e-01 6.811717e-01 6.482794e-01 6.095177e-01 5.715391e-01 5.383613e-01 5.078697e-01 4.940723e-01 4.890438e-01 5.727978e-01 5.639707e-01 5.675944e-01 5.814551e-01 6.014828e-01
2.010799e+01 1.819816e+01 1.564176e+01 1.272929e+01 9.791168e+00 7.154955e+00 5.110422e+00 3.846204e+00 3.275507e+00 3.053710e+00 2.911561e+00 2.709827e+00 2.461474e+00 2.161932e+00 1.843458e+00 1.542877e+00 1.268900e+00 1.058424e+00 1.006207e+00 1.011249e+00 1.043724e+00 1.095480e+00 1.113313e+00 1.098661e+00 1.069412e+00 1.021927e+00 8.879457e-01 7.964050e-01 7.530069e-01 7.171390e-01 7.042448e-01 7.086339e-01 7.249544e-01 7.515326e-01 7.765527e-01 7.947008e-01 7.997879e-01 7.684542e-01 7.398371e-01 6.952307e-01 6.576555e-01 6.138576e-01 5.704583e-01 5.314022e-01 4.950544e-01 4.790795e-01 4.713319e-01 4.871070e-01 5.605863e-01 5.634198e-01 5.751182e-01 5.924967e-01
2.001296e+01 1.812358e+01 1.558882e+01 1.269631e+01 9.770954e+00 7.133887e+00 5.069924e+00 3.773473e+00 3.190873e+00 2.984133e+00 2.838129e+00 2.644226e+00 2.409926e+00 2.131957e+00 1.819671e+00 1.529020e+00 1.272484e+00 1.084010e+00 1.046120e+00 1.058464e+00 1.091438e+00 1.135911e+00 1.145513e+00 1.120392e+00 1.080801e+00 1.023714e+00 8.832451e-01 7.948510e-01 7.557943e-01 7.308425e-01 7.290494e-01 7.403946e-01 7.563533e-01 7.836392e-01 8.091432e-01 8.261669e-01 8.321437e-01 7.991005e-01 7.662178e-01 7.170697e-01 6.753865e-01 6.270902e-01 5.787968e-01 5.340446e-01 4.925334e-01 4.710517e-01 4.571990e-01 4.700074e-01 5.080020e-01 5.459611e-01 5.586292e-01 5.760668e-01
1.993953e+01 1.806889e+01 1.555377e+01 1.267859e+01 9.762954e+00 7.122254e+00 5.037204e+00 3.707338e+00 3.100394e+00 2.889577e+00 2.746824e+00 2.556068e+00 2.328535e+00 2.075607e+00 1.773211e+00 1.490199e+00 1.246384e+00 1.074673e+00 1.047086e+00 1.063338e+00 1.095418e+00 1.130694e+00 1.130488e+00 1.093709e+00 1.042384e+00 9.770030e-01 8.462602e-01 7.900589e-01 7.616538e-01 7.541548e-01 7.674900e-01 7.870848e-01 8.043004e-01 8.328987e-01 8.566990e-01 8.713232e-01 8.748174e-01 8.392962e-01 8.024780e-01 7.497462e-01 7.039016e-01 6.514401e-01 5.985302e-01 5.486184e-01 5.006291e-01 4.689145e-01 4.451101e-01 4.508151e-01 4.900746e-01 5.158121e-01 5.339080e-01 5.544258e-01
1.989952e+01 1.804529e+01 1.554711e+01 1.268592e+01 9.776772e+00 7.130457e+00 5.024672e+00 3.662866e+00 3.030393e+00 2.810984e+00 2.666188e+00 2.474423e+00 2.248379e+00 2.002294e+00 1.715062e+00 1.442275e+00 1.203522e+00 1.029986e+00 1.006549e+00 1.021931e+00 1.052032e+00 1.083359e+00 1.075008e+00 1.026381e+00 9.629241e-01 9.020318e-01 8.228868e-01 7.965209e-01 7.847866e-01 7.966082e-01 8.245500e-01 8.511650e-01 8.751017e-01 9.050971e-01 9.227465e-01 9.311978e-01 9.274193e-01 8.870401e-01 8.435746e-01 7.866713e-01 7.358619e-01 6.795080e-01 6.229847e-01 5.696273e-01 5.163223e-01 4.750841e-01 4.410414e-01 4.367751e-01 4.671255e-01 4.931148e-01 5.174371e-01 5.425244e-01
1.988201e+01 1.804157e+01 1.555751e+01 1.270711e+01 9.801593e+00 7.148046e+00 5.022006e+00 3.630318e+00 2.972517e+00 2.741664e+00 2.591528e+00 2.396488e+00 2.170565e+00 1.929126e+00 1.663103e+00 1.402010e+00 1.168559e+00 9.954323e-01 9.756348e-01 9.887206e-01 1.015831e+00 1.042449e+00 1.027738e+00 9.737712e-01 9.082763e-01 8.550114e-01 8.215577e-01 8.140902e-01 8.200346e-01 8.455800e-01 8.765097e-01 9.107104e-01 9.432445e-01 9.669447e-01 9.795719e-01 9.778817e-01 9.566283e-01 9.128191e-01 8.609625e-01 8.031951e-01 7.462148e-01 6.879993e-01 6.330327e-01 5.819882e-01 5.290329e-01 4.831579e-01 4.428493e-01 4.312623e-01 4.589964e-01 4.903180e-01 5.216541e-01 5.516077e-01
1.988353e+01 1.805366e+01 1.558007e+01 1.273655e+01 9.831205e+00 7.168343e+00 5.022256e+00 3.602757e+00 2.920833e+00 2.677479e+00 2.520804e+00 2.322352e+00 2.097162e+00 1.861515e+00 1.631616e+00 1.366138e+00 1.140248e+00 9.807513e-01 9.657202e-01 9.787392e-01 1.001109e+00 1.018227e+00 9.987606e-01 9.435535e-01 8.845212e-01 8.376554e-01 8.186540e-01 8.288558e-01 8.479665e-01 8.800796e-01 9.172291e-01 9.594559e-01 9.889230e-01 1.004140e+00 1.005091e+00 9.911401e-01 9.590623e-01 9.068040e-01 8.476308e-01 7.841329e-01 7.235276e-01 6.648192e-01 6.105562e-01 5.642894e-01 5.203905e-01 4.882303e-01 4.517849e-01 4.409750e-01 4.710773e-01 5.084216e-01 5.476379e-01 5.816757e-01
1.986993e+01 1.805034e+01 1.558767e+01 1.275238e+01 9.849430e+00 7.181526e+00 5.023265e+00 3.587908e+00 2.894280e+00 2.647613e+00 2.493412e+00 2.303521e+00 2.094044e+00 1.881924e+00 -9.999000e+03 -9.999000e+03 1.252427e+00 1.131098e+00 1.119922e+00 1.124794e+00 1.130612e+00 1.127012e+00 1.095390e+00 1.034298e+00 9.729529e-01 9.257286e-01 9.104559e-01 9.239279e-01 9.427805e-01 9.710566e-01 1.003141e+00 1.040717e+00 1.077729e+00 1.085208e+00 1.075544e+00 1.051843e+00 1.011803e+00 9.563934e-01 8.976495e-01 8.397378e-01 7.892744e-01 7.457354e-01 7.113790e-01 6.872412e-01 5.624652e-01 5.324510e-01 5.100486e-01 5.072683e-01 5.357045e-01 5.700941e-01 6.127396e-01 6.413898e-01
1.979895e+01 1.800106e+01 1.556665e+01 1.276399e+01 9.898124e+00 7.275826e+00 5.179577e+00 3.823175e+00 3.198984e+00 2.993774e+00 2.875831e+00 2.734086e+00 2.584319e+00 2.440951e+00 2.316654e+00 2.221111e+00 2.124571e+00 2.059098e+00 2.039734e+00 2.019601e+00 1.995889e+00 1.954119e+00 1.903303e+00 1.842483e+00 1.784852e+00 1.738516e+00 1.710847e+00 1.702146e+00 1.701549e+00 1.713005e+00 1.726816e+00 1.743154e+00 1.756671e+00 1.754775e+00 1.741882e+00 1.724421e+00 1.700954e+00 1.673799e+00 1.646636e+00 1.623523e+00 1.606577e+00 1.594749e+00 1.588566e+00 1.586523e+00 1.587103e+00 1.592023e+00 1.598732e+00 1.607381e+00 1.619462e+00 1.630666e+00 1.616320e+00 1.611976e+00
1.969261e+01 1.794824e+01 1.558898e+01 1.288589e+01 1.015294e+01 7.713179e+00 5.861353e+00 4.770839e+00 4.330715e+00 4.208966e+00 4.147025e+00 4.069563e+00 3.987542e+00 3.909312e+00 3.840516e+00 3.784806e+00 3.741793e+00 3.708935e+00 3.680249e+00 3.648582e+00 3.608707e+00 3.558835e+00 3.501691e+00 3.443214e+00 3.390750e+00 3.350244e+00 3.323575e+00 3.309303e+00 3.304050e+00 3.304071e+00 3.306045e+00 3.308276e+00 3.310326e+00 3.311960e+00 3.312885e+00 3.312610e+00 3.310821e+00 3.307668e+00 3.303927e+00 3.300503e+00 3.297669e+00 3.295158e+00 3.293339e+00 3.293119e+00 3.294908e+00 3.298953e+00 3.304964e+00 3.312254e+00 3.319741e+00 3.327077e+00 3.334699e+00 3.343405e+00
1.961575e+01 1.798267e+01 1.578118e+01 1.329259e+01 1.084650e+01 8.777385e+00 7.346292e+00 6.608212e+00 6.355719e+00 6.303449e+00 6.280373e+00 6.243524e+00 6.198897e+00 6.151017e+00 6.102937e+00 6.056706e+00 6.012167e+00 5.968564e+00 5.923399e+00 5.874186e+00 5.819812e+00 5.761207e+00 5.701666e+00 5.646038e+00 5.599446e+00 5.565581e+00 5.545268e+00 5.537050e+00 5.538226e+00 5.545931e+00 5.557603e+00 5.571780e+00 5.587754e+00 5.604742e+00 5.622168e+00 5.638954e+00 5.653921e+00 5.665966e+00 5.674475e+00 5.679254e+00 5.680252e+00 5.677815e+00 5.673119e+00 5.667824e+00 5.663436e+00 5.661176e+00 5.661442e+00 5.664094e+00 5.668544e+00 5.674546e+00 5.682325e+00 5.692566e+00
1.965591e+01 1.820823e+01 1.626570e+01 1.412028e+01 1.210488e+01 1.052350e+01 9.542484e+00 9.104822e+00 8.989388e+00 8.984192e+00 8.985300e+00 8.971550e+00 8.945873e+00 8.911051e+00 8.869411e+00 8.822883e+00 8.772273e+00 8.718276e+00 8.660621e+00 8.599650e+00 8.536640e+00 8.473979e+00 8.414975e+00 8.363717e+00 8.323992e+00 8.298158e+00 8.286446e+00 8.287285e+00 8.298234e+00 8.316739e+00 8.340435e+00 8.367784e+00 8.397725e+00 8.429110e+00 8.461047e+00 8.491893e+00 8.519832e+00 8.542964e+00 8.560009e+00 8.570263e+00 8.573502e+00 8.570742e+00 8.563904e+00 8.555380e+00 8.547543e+00 8.542397e+00 8.540916e+00 8.543343e+00 8.549325e+00 8.558804e+00 8.571618e+00 8.588053e+00
1.985393e+01 1.866578e+01 1.707337e+01 1.536647e+01 1.385071e+01 1.275920e+01 1.216089e+01 1.194747e+01 1.192921e+01 1.195728e+01 1.197417e+01 1.197430e+01 1.195904e+01 1.193036e+01 1.189047e+01 1.184163e+01 1.178575e+01 1.172468e+01 1.165972e+01 1.159301e+01 1.152716e+01 1.146532e+01 1.141064e+01 1.136671e+01 1.133645e+01 1.132133e+01 1.132106e+01 1.133380e+01 1.135709e+01 1.138843e+01 1.142552e+01 1.146672e+01 1.151059e+01 1.155587e+01 1.160137e+01 1.164495e+01 1.168434e+01 1.171715e+01 1.174178e+01 1.175724e+01 1.176333e+01 1.176163e+01 1.175467e+01 1.174553e+01 1.173727e+01 1.173248e+01 1.173263e+01 1.173820e+01 1.174902e+01 1.176490e+01 1.178538e+01 1.181030e+01
2.019998e+01 1.932041e+01 1.812595e+01 1.688480e+01 1.585117e+01 1.518152e+01 1.488119e+01 1.483301e+01 1.488631e+01 1.493957e+01 1.496822e+01 1.497844e+01 1.497069e+01 1.494650e+01 1.490812e+01 1.485828e+01 1.479992e+01 1.473577e+01 1.466824e+01 1.460081e+01 1.453692e+01 1.448009e+01 1.443334e+01 1.439978e+01 1.438159e+01 1.437946e+01 1.439266e+01 1.441903e+01 1.445605e+01 1.450117e+01 1.455217e+01 1.460729e+01 1.466480e+01 1.472342e+01 1.478170e+01 1.483709e+01 1.488706e+01 1.492895e+01 1.496096e+01 1.498202e+01 1.499219e+01 1.499345e+01 1.498875e+01 1.498172e+01 1.497593e+01 1.497442e+01 1.497902e+01 1.499035e+01 1.500825e+01 1.503224e+01 1.506162e+01 1.509590e+01
2.059885e+01 2.003954e+01 1.923980e+01 1.843250e+01 1.781511e+01 1.748349e+01 1.740979e+01 1.748527e+01 1.759318e+01 1.766669e+01 1.770531e+01 1.772431e+01 1.772362e+01 1.770454e+01 1.766943e+01 1.762143e+01 1.756440e+01 1.750160e+01 1.743637e+01 1.737305e+01 1.731539e+01 1.726709e+01 1.723099e+01 1.720987e+01 1.720525e+01 1.721719e+01 1.724454e+01 1.728491e+01 1.733569e+01 1.739430e+01 1.745856e+01 1.752662e+01 1.759651e+01 1.766694e+01 1.773635e+01 1.780193e+01 1.786107e+01 1.791107e+01 1.795001e+01 1.797685e+01 1.799189e+01 1.799742e+01 1.799672e+01 1.799378e+01 1.799250e+01 1.799615e+01 1.800677e+01 1.802510e+01 1.805096e+01 1.808363e+01 1.812217e+01 1.816571e+01
