Code/Outputs/Output_20260204_161825/2.9_30_1000_rms_map_shift_60km.grd
DSAA
165 185
-4920000.000000 4920000.000000
-5520000.000000 5520000.000000
0.330646 30.535431
[rows 46 to 68 of 185, columns 52 to 103 of 165]
1.097363e+00 1.116724e+00 1.125456e+00 1.067865e+00 1.030006e+00 1.020704e+00 1.041634e+00 1.077768e+00 1.018192e+00 9.912208e-01 8.802170e-01 8.985396e-01 9.457466e-01 1.040959e+00 1.155533e+00 1.163689e+00 1.240833e+00 1.308654e+00 1.369242e+00 1.420645e+00 1.496050e+00 1.549573e+00 1.625876e+00 1.733898e+00 1.797415e+00 1.855126e+00 1.897425e+00 1.916744e+00 1.992309e+00 2.070237e+00 2.115245e+00 2.177355e+00 2.194637e+00 2.211129e+00 2.231004e+00 2.270609e+00 2.387690e+00 2.515934e+00 2.491413e+00 2.509419e+00 2.565319e+00 2.607841e+00 2.620105e+00 2.588758e+00 2.514647e+00 2.449145e+00 2.397957e+00 2.362391e+00 2.279828e+00 2.213554e+00 2.167909e+00 2.135693e+00
1.125025e+00 1.143776e+00 1.151136e+00 1.089027e+00 1.041793e+00 1.027056e+00 1.041008e+00 1.082195e+00 1.031211e+00 1.021598e+00 9.252769e-01 9.129922e-01 9.382236e-01 1.010903e+00 1.119269e+00 1.130914e+00 1.210503e+00 1.283148e+00 1.375811e+00 1.466266e+00 1.563842e+00 1.611447e+00 1.691525e+00 1.811105e+00 1.860293e+00 1.902153e+00 1.950836e+00 2.010046e+00 2.097329e+00 2.174372e+00 2.230602e+00 2.286533e+00 2.306757e+00 2.330047e+00 2.360941e+00 2.419384e+00 2.556605e+00 2.700901e+00 2.717495e+00 2.694625e+00 2.695525e+00 2.710072e+00 2.701309e+00 2.637201e+00 2.536367e+00 2.441081e+00 2.353126e+00 2.299387e+00 2.194392e+00 2.114505e+00 2.064496e+00 2.000135e+00
1.115496e+00 1.133353e+00 1.145025e+00 1.086642e+00 1.044708e+00 1.042291e+00 1.064914e+00 1.114955e+00 1.083038e+00 1.081053e+00 9.939377e-01 9.648483e-01 9.612103e-01 1.002853e+00 1.078912e+00 1.084702e+00 1.164369e+00 1.249097e+00 1.378287e+00 1.491407e+00 1.597924e+00 1.637024e+00 1.731322e+00 1.847636e+00 1.885601e+00 1.926291e+00 1.989994e+00 2.086131e+00 2.146720e+00 2.177526e+00 2.211145e+00 2.245426e+00 2.262368e+00 2.285730e+00 2.333705e+00 2.416139e+00 2.556910e+00 2.716447e+00 2.810105e+00 2.840439e+00 2.817168e+00 2.793454e+00 2.761407e+00 2.682804e+00 2.588178e+00 2.488559e+00 2.345233e+00 2.254395e+00 2.153225e+00 2.079103e+00 2.041460e+00 1.976212e+00
1.153216e+00 1.164152e+00 1.157648e+00 1.096680e+00 1.070774e+00 1.077944e+00 1.097263e+00 1.147418e+00 1.111394e+00 1.108485e+00 1.045549e+00 9.890363e-01 9.730708e-01 9.778208e-01 1.032805e+00 1.025851e+00 1.127724e+00 1.187873e+00 1.337761e+00 1.412479e+00 1.488733e+00 1.564405e+00 1.671782e+00 1.791739e+00 1.837212e+00 1.911779e+00 2.012192e+00 2.133203e+00 2.140271e+00 2.136025e+00 2.144381e+00 2.157285e+00 2.174180e+00 2.199088e+00 2.273060e+00 2.375076e+00 2.498552e+00 2.651711e+00 2.821903e+00 2.934044e+00 2.932823e+00 2.883805e+00 2.818134e+00 2.721515e+00 2.646318e+00 2.587121e+00 2.441050e+00 2.348004e+00 2.247710e+00 2.171093e+00 2.136580e+00 2.099521e+00
1.117570e+00 1.125658e+00 1.121013e+00 1.101172e+00 1.104887e+00 1.125407e+00 1.144620e+00 1.172220e+00 1.134079e+00 1.130085e+00 1.083673e+00 1.028227e+00 1.023454e+00 1.017318e+00 1.036847e+00 9.837608e-01 1.073231e+00 1.135482e+00 1.266452e+00 1.328674e+00 1.416383e+00 1.507395e+00 1.640465e+00 1.775340e+00 1.867930e+00 2.023976e+00 2.167123e+00 2.215207e+00 2.204455e+00 2.196221e+00 2.197218e+00 2.169146e+00 2.169723e+00 2.166493e+00 2.198929e+00 2.253972e+00 2.338975e+00 2.460077e+00 2.643017e+00 2.764271e+00 2.815289e+00 2.805602e+00 2.745797e+00 2.651455e+00 2.589279e+00 2.577662e+00 2.505663e+00 2.418368e+00 2.320814e+00 2.244189e+00 2.199456e+00 2.152214e+00
1.105993e+00 1.112389e+00 1.118078e+00 1.115481e+00 1.110331e+00 1.139914e+00 1.169058e+00 1.177269e+00 1.146943e+00 1.137711e+00 1.107271e+00 1.091172e+00 1.080203e+00 1.086757e+00 1.085662e+00 1.050941e+00 1.138465e+00 1.197311e+00 1.294540e+00 1.335587e+00 1.428144e+00 1.519325e+00 1.653408e+00 1.790720e+00 1.938854e+00 2.131887e+00 2.258250e+00 2.284380e+00 2.288013e+00 2.289262e+00 2.283956e+00 2.242862e+00 2.227203e+00 2.183015e+00 2.152937e+00 2.141098e+00 2.163455e+00 2.230624e+00 2.380494e+00 2.476089e+00 2.524768e+00 2.525434e+00 2.510916e+00 2.506812e+00 2.526553e+00 2.558493e+00 2.517196e+00 2.465292e+00 2.379959e+00 2.311192e+00 2.245808e+00 2.170874e+00
1.125987e+00 1.114907e+00 1.121611e+00 1.119027e+00 1.118749e+00 1.142533e+00 1.168159e+00 1.166849e+00 1.139735e+00 1.128055e+00 1.132132e+00 1.145355e+00 1.126928e+00 1.120141e+00 1.097430e+00 1.076397e+00 1.157989e+00 1.225399e+00 1.321414e+00 1.367747e+00 1.481139e+00 1.582421e+00 1.709004e+00 1.846134e+00 2.033954e+00 2.233809e+00 2.356123e+00 2.392929e+00 2.408445e+00 2.425881e+00 2.423954e+00 2.388566e+00 2.357808e+00 2.268521e+00 2.167565e+00 2.081437e+00 2.031564e+00 2.041191e+00 2.153360e+00 2.214716e+00 2.243772e+00 2.241600e+00 2.234441e+00 2.256486e+00 2.316333e+00 2.389698e+00 2.401510e+00 2.359271e+00 2.293838e+00 2.245973e+00 2.192068e+00 2.132043e+00
1.107721e+00 1.095473e+00 1.119165e+00 1.131301e+00 1.140584e+00 1.151677e+00 1.164634e+00 1.149341e+00 1.114419e+00 1.100640e+00 1.129727e+00 1.162653e+00 1.138685e+00 1.136405e+00 1.131967e+00 1.132017e+00 1.246368e+00 1.290586e+00 1.401629e+00 1.477770e+00 1.621202e+00 1.735766e+00 1.857597e+00 2.005699e+00 2.230732e+00 2.416340e+00 2.526638e+00 2.559094e+00 2.576230e+00 2.606863e+00 2.617391e+00 2.594241e+00 2.564275e+00 2.448355e+00 2.298639e+00 2.147196e+00 2.034274e+00 1.984732e+00 2.045097e+00 2.058799e+00 2.054755e+00 2.040301e+00 2.028615e+00 2.056479e+00 2.123237e+00 2.188421e+00 2.206067e+00 2.160439e+00 2.105447e+00 2.077466e+00 2.043131e+00 2.008054e+00
1.050482e+00 1.076368e+00 1.132232e+00 1.171563e+00 1.169687e+00 1.159223e+00 1.169888e+00 1.160393e+00 1.121794e+00 1.112871e+00 1.159754e+00 1.190300e+00 1.173051e+00 1.193169e+00 1.201558e+00 1.198176e+00 1.333171e+00 1.358962e+00 1.466344e+00 1.565358e+00 1.758018e+00 1.900104e+00 2.045213e+00 2.212794e+00 2.450679e+00 2.615464e+00 2.711158e+00 2.741455e+00 2.757332e+00 2.793872e+00 2.808042e+00 2.789384e+00 2.762874e+00 2.640312e+00 2.467474e+00 2.284331e+00 2.138290e+00 2.052496e+00 2.056842e+00 2.026575e+00 1.984003e+00 1.950967e+00 1.932408e+00 1.962810e+00 2.030565e+00 2.076232e+00 2.084004e+00 2.034604e+00 1.981102e+00 1.966274e+00 1.951921e+00 1.935009e+00
9.742335e-01 1.031357e+00 1.120454e+00 1.186316e+00 1.150308e+00 1.108694e+00 1.122683e+00 1.172656e+00 1.175119e+00 1.187146e+00 1.230541e+00 1.209142e+00 1.211157e+00 1.269195e+00 1.316049e+00 1.320436e+00 1.443230e+00 1.478311e+00 1.581510e+00 1.682332e+00 1.883343e+00 2.032039e+00 2.225865e+00 2.421906e+00 2.653835e+00 2.791571e+00 2.875946e+00 2.896816e+00 2.903787e+00 2.939439e+00 2.944712e+00 2.920248e+00 2.902607e+00 2.787445e+00 2.618860e+00 2.433566e+00 2.281575e+00 2.185098e+00 2.155725e+00 2.087540e+00 2.005958e+00 1.951780e+00 1.928254e+00 1.969564e+00 2.048836e+00 2.088285e+00 2.084411e+00 2.029491e+00 1.974337e+00 1.960767e+00 1.953204e+00 1.950129e+00
9.495808e-01 1.018913e+00 1.126447e+00 1.181791e+00 1.105244e+00 1.046933e+00 1.056394e+00 1.117280e+00 1.193776e+00 1.223731e+00 1.195303e+00 1.178347e+00 1.199377e+00 1.294378e+00 1.402253e+00 1.460636e+00 1.578389e+00 1.618466e+00 1.727810e+00 1.816493e+00 2.001151e+00 2.141719e+00 2.337901e+00 2.548590e+00 2.765707e+00 2.873180e+00 2.945821e+00 2.957380e+00 2.958628e+00 2.988932e+00 2.976402e+00 2.935514e+00 2.923325e+00 2.824378e+00 2.675914e+00 2.512786e+00 2.384027e+00 2.305824e+00 2.279496e+00 2.186618e+00 2.067710e+00 1.986595e+00 1.959545e+00 2.023884e+00 2.131619e+00 2.185684e+00 2.184294e+00 2.127159e+00 2.068983e+00 2.052493e+00 2.047691e+00 2.050212e+00
9.926881e-01 1.061096e+00 1.161735e+00 1.165082e+00 1.067444e+00 9.934077e-01 9.940996e-01 1.056694e+00 1.138239e+00 1.161385e+00 1.123203e+00 1.102263e+00 1.133673e+00 1.257210e+00 1.428531e+00 1.671607e+00 1.681302e+00 1.712909e+00 1.817293e+00 1.900750e+00 2.069522e+00 2.193945e+00 2.361190e+00 2.567759e+00 2.742710e+00 2.828623e+00 2.891757e+00 2.898597e+00 2.898473e+00 2.922252e+00 2.890737e+00 2.827770e+00 2.798745e+00 2.704874e+00 2.573285e+00 2.428268e+00 2.326112e+00 2.288985e+00 2.308370e+00 2.215682e+00 2.060717e+00 1.945823e+00 1.918544e+00 2.025374e+00 2.183352e+00 2.275929e+00 2.296178e+00 2.250751e+00 2.199205e+00 2.184579e+00 2.182219e+00 2.183827e+00
1.088231e+00 1.164819e+00 1.248117e+00 1.173688e+00 1.055011e+00 9.664019e-01 9.570385e-01 1.016252e+00 1.101072e+00 1.125303e+00 1.083278e+00 1.061561e+00 1.098518e+00 1.244879e+00 1.456002e+00 1.740793e+00 1.765518e+00 1.795647e+00 1.895172e+00 1.966793e+00 2.120699e+00 2.217339e+00 2.363669e+00 2.557594e+00 2.680804e+00 2.734349e+00 2.779002e+00 2.769579e+00 2.769555e+00 2.796055e+00 2.767660e+00 2.693108e+00 2.625885e+00 2.518798e+00 2.381326e+00 2.249209e+00 2.175207e+00 2.126726e+00 2.122740e+00 2.051533e+00 1.914123e+00 1.802949e+00 1.803498e+00 1.961239e+00 2.170613e+00 2.315708e+00 2.370831e+00 2.349289e+00 2.317729e+00 2.310651e+00 2.312555e+00 2.309970e+00
1.227515e+00 1.323925e+00 1.295790e+00 1.201712e+00 1.077968e+00 9.874879e-01 9.755619e-01 1.032085e+00 1.120612e+00 1.147660e+00 1.110941e+00 1.087252e+00 1.125897e+00 1.285071e+00 1.517999e+00 1.832639e+00 1.907263e+00 1.953024e+00 2.048912e+00 2.087677e+00 2.199362e+00 2.253644e+00 2.396734e+00 2.561641e+00 2.625999e+00 2.647134e+00 2.662939e+00 2.639673e+00 2.648230e+00 2.697941e+00 2.699921e+00 2.629656e+00 2.521768e+00 2.393274e+00 2.253467e+00 2.165679e+00 2.128951e+00 2.054069e+00 1.980942e+00 1.915921e+00 1.811488e+00 1.755587e+00 1.796924e+00 1.964292e+00 2.177445e+00 2.347079e+00 2.442009e+00 2.460749e+00 2.461348e+00 2.467086e+00 2.478109e+00 2.469837e+00
1.324280e+00 1.357943e+00 1.318102e+00 1.227813e+00 1.111800e+00 1.026743e+00 1.011421e+00 1.059307e+00 1.142776e+00 1.176584e+00 1.151850e+00 1.137544e+00 1.185262e+00 1.364159e+00 1.617730e+00 1.963939e+00 2.082693e+00 2.145944e+00 2.223459e+00 2.226416e+00 2.285016e+00 2.330254e+00 2.485503e+00 2.611075e+00 2.611465e+00 2.586555e+00 2.568769e+00 2.526818e+00 2.539262e+00 2.616557e+00 2.667728e+00 2.616745e+00 2.494034e+00 2.364432e+00 2.255737e+00 2.226093e+00 2.236129e+00 2.149244e+00 1.973443e+00 1.910588e+00 1.839756e+00 1.829103e+00 1.893571e+00 2.061357e+00 2.253762e+00 2.420320e+00 2.521951e+00 2.584780e+00 2.627239e+00 2.652261e+00 2.670807e+00 2.659432e+00
1.308240e+00 1.317485e+00 1.296113e+00 1.241418e+00 1.162186e+00 1.094632e+00 1.076525e+00 1.110577e+00 1.184051e+00 1.221015e+00 1.212523e+00 1.218020e+00 1.290504e+00 1.495046e+00 1.770722e+00 2.136729e+00 2.236021e+00 2.283978e+00 2.328704e+00 2.290626e+00 2.318695e+00 2.398599e+00 2.579649e+00 2.658100e+00 2.598133e+00 2.528110e+00 2.478482e+00 2.416959e+00 2.421168e+00 2.522826e+00 2.629248e+00 2.615234e+00 2.507220e+00 2.404308e+00 2.347535e+00 2.362447e+00 2.394550e+00 2.286750e+00 2.011145e+00 1.856900e+00 1.814894e+00 1.861956e+00 1.943323e+00 2.113640e+00 2.287215e+00 2.455118e+00 2.558304e+00 2.639682e+00 2.731318e+00 2.790711e+00 2.821735e+00 2.812175e+00
1.191837e+00 1.226252e+00 1.252908e+00 1.261951e+00 1.237233e+00 1.206409e+00 1.188390e+00 1.202334e+00 1.262682e+00 1.298889e+00 1.305811e+00 1.339345e+00 1.441025e+00 1.669136e+00 1.963017e+00 2.316130e+00 2.332895e+00 2.352016e+00 2.367011e+00 2.283099e+00 2.284080e+00 2.410506e+00 2.620610e+00 2.662905e+00 2.551591e+00 2.447070e+00 2.369011e+00 2.285421e+00 2.275952e+00 2.389190e+00 2.530060e+00 2.566729e+00 2.475895e+00 2.412762e+00 2.404284e+00 2.446044e+00 2.487224e+00 2.365098e+00 2.013418e+00 1.770721e+00 1.693632e+00 1.739469e+00 1.800216e+00 1.977408e+00 2.157772e+00 2.355758e+00 2.482448e+00 2.567930e+00 2.690858e+00 2.777857e+00 2.841225e+00 2.856926e+00
1.060947e+00 1.145531e+00 1.230970e+00 1.295092e+00 1.314381e+00 1.304967e+00 1.281604e+00 1.275236e+00 1.327748e+00 1.367774e+00 1.396818e+00 1.459057e+00 1.585801e+00 1.831888e+00 2.137858e+00 2.476826e+00 2.392012e+00 2.400908e+00 2.397992e+00 2.277164e+00 2.280254e+00 2.427426e+00 2.640730e+00 2.664584e+00 2.520055e+00 2.393346e+00 2.288427e+00 2.175145e+00 2.142175e+00 2.247075e+00 2.379472e+00 2.414523e+00 2.330672e+00 2.296156e+00 2.311118e+00 2.357110e+00 2.413413e+00 2.331109e+00 2.005212e+00 1.786813e+00 1.663632e+00 1.638820e+00 1.643460e+00 1.796561e+00 1.974938e+00 2.179113e+00 2.301726e+00 2.401558e+00 2.551424e+00 2.653053e+00 2.728701e+00 2.789040e+00
1.001896e+00 1.120243e+00 1.238126e+00 1.322411e+00 1.349848e+00 1.329865e+00 1.284630e+00 1.270948e+00 1.325428e+00 1.379752e+00 1.435478e+00 1.524865e+00 1.673255e+00 1.933152e+00 2.251315e+00 2.588082e+00 2.462219e+00 2.470666e+00 2.456612e+00 2.328250e+00 2.364424e+00 2.517023e+00 2.684672e+00 2.689255e+00 2.546747e+00 2.402038e+00 2.276168e+00 2.145164e+00 2.099665e+00 2.182834e+00 2.280069e+00 2.267775e+00 2.187288e+00 2.159255e+00 2.158466e+00 2.165248e+00 2.206078e+00 2.153503e+00 1.892428e+00 1.726607e+00 1.602609e+00 1.515671e+00 1.461153e+00 1.572886e+00 1.732480e+00 1.941118e+00 2.083039e+00 2.228671e+00 2.400408e+00 2.507756e+00 2.594254e+00 2.670517e+00
1.021613e+00 1.137516e+00 1.256801e+00 1.327542e+00 1.334392e+00 1.292552e+00 1.234759e+00 1.219047e+00 1.273462e+00 1.339399e+00 1.420876e+00 1.539068e+00 1.710228e+00 1.984851e+00 2.316395e+00 2.655132e+00 2.534765e+00 2.565286e+00 2.542439e+00 2.414151e+00 2.424347e+00 2.567598e+00 2.731725e+00 2.734871e+00 2.596315e+00 2.438083e+00 2.285983e+00 2.148372e+00 2.108314e+00 2.193756e+00 2.280389e+00 2.243762e+00 2.156702e+00 2.121863e+00 2.097856e+00 2.074979e+00 2.081667e+00 2.029664e+00 1.825846e+00 1.678765e+00 1.552726e+00 1.456028e+00 1.408474e+00 1.477489e+00 1.582370e+00 1.758061e+00 1.876583e+00 2.043399e+00 2.253168e+00 2.368336e+00 2.462971e+00 2.527346e+00
1.087551e+00 1.195145e+00 1.297092e+00 1.344426e+00 1.329659e+00 1.274120e+00 1.204974e+00 1.186924e+00 1.239655e+00 1.320935e+00 1.429288e+00 1.574282e+00 1.767821e+00 2.056761e+00 2.397068e+00 2.481289e+00 2.610689e+00 2.645276e+00 2.632678e+00 2.511235e+00 2.520351e+00 2.655001e+00 2.814476e+00 2.795857e+00 2.642171e+00 2.454246e+00 2.274893e+00 2.145099e+00 2.119743e+00 2.216361e+00 2.294368e+00 2.252818e+00 2.164189e+00 2.106554e+00 2.071083e+00 2.007397e+00 1.980107e+00 1.925136e+00 1.704667e+00 1.540061e+00 1.413680e+00 1.353989e+00 1.333673e+00 1.393827e+00 1.469591e+00 1.584750e+00 1.701796e+00 1.861717e+00 2.081510e+00 2.207480e+00 2.321702e+00 2.389475e+00
1.185322e+00 1.269301e+00 1.350692e+00 1.380338e+00 1.369780e+00 1.309444e+00 1.232759e+00 1.214551e+00 1.262403e+00 1.360353e+00 1.497167e+00 1.674739e+00 1.892371e+00 2.190130e+00 2.530341e+00 2.555489e+00 2.692366e+00 2.724907e+00 2.730463e+00 2.627263e+00 2.629006e+00 2.729835e+00 2.868242e+00 2.854317e+00 2.669482e+00 2.470873e+00 2.293926e+00 2.185588e+00 2.180987e+00 2.283458e+00 2.355531e+00 2.313977e+00 2.199904e+00 2.120415e+00 2.080083e+00 2.008491e+00 1.974082e+00 1.902638e+00 1.651241e+00 1.469360e+00 1.338882e+00 1.289549e+00 1.271303e+00 1.337309e+00 1.404640e+00 1.463842e+00 1.565043e+00 1.702992e+00 1.881827e+00 1.986905e+00 2.122179e+00 2.198091e+00
1.297605e+00 1.390142e+00 1.470365e+00 1.499119e+00 1.488508e+00 1.435837e+00 1.367966e+00 1.356832e+00 1.412404e+00 1.528743e+00 1.695325e+00 1.903771e+00 2.135483e+00 2.427140e+00 2.731133e+00 2.590363e+00 2.754779e+00 2.788373e+00 2.806415e+00 2.718342e+00 2.709313e+00 2.770638e+00 2.892792e+00 2.873631e+00 2.655914e+00 2.450655e+00 2.284245e+00 2.195254e+00 2.214654e+00 2.322873e+00 2.392894e+00 2.356153e+00 2.216830e+00 2.114761e+00 2.068371e+00 1.997215e+00 1.963292e+00 1.887367e+00 1.613493e+00 1.447400e+00 1.336685e+00 1.290181e+00 1.274769e+00 1.345418e+00 1.417132e+00 1.452909e+00 1.507729e+00 1.589172e+00 1.713434e+00 1.806718e+00 1.943029e+00 2.033737e+00
