Code/Outputs/Output_20260204_161825/2.9_30_1000_rms_map_shift_60km.grd
DSAA
165 185
-4920000.000000 4920000.000000
-5520000.000000 5520000.000000
0.330646 30.535431
[rows 0 to 22 of 185, columns 52 to 103 of 165]
3.036965e+01 3.025180e+01 3.014993e+01 3.006629e+01 2.997352e+01 2.990198e+01 2.982812e+01 2.980706e+01 2.981150e+01 2.980649e+01 2.978059e+01 2.972348e+01 2.968927e+01 2.967501e+01 2.969824e+01 2.972896e+01 2.977159e+01 2.980856e+01 2.988105e+01 2.991704e+01 2.995413e+01 2.996585e+01 2.998423e+01 3.003808e+01 3.006216e+01 3.006088e+01 3.007157e+01 3.008543e+01 3.007287e+01 3.005559e+01 3.003564e+01 3.003481e+01 3.006832e+01 3.009687e+01 3.009771e+01 3.003961e+01 2.997055e+01 2.993273e+01 2.989127e+01 2.981294e+01 2.980026e+01 2.988771e+01 2.995938e+01 2.995240e+01 3.000671e+01 3.006286e+01 3.002456e+01 2.999012e+01 2.993153e+01 2.990542e+01 2.987968e+01 2.994009e+01
2.788804e+01 2.777144e+01 2.766314e+01 2.758406e+01 2.749112e+01 2.741990e+01 2.734313e+01 2.732683e+01 2.733824e+01 2.733539e+01 2.730966e+01 2.725658e+01 2.722607e+01 2.720930e+01 2.722979e+01 2.725729e+01 2.729911e+01 2.733738e+01 2.740331e+01 2.743522e+01 2.746951e+01 2.747940e+01 2.749391e+01 2.754238e+01 2.755485e+01 2.754442e+01 2.754621e+01 2.756318e+01 2.755270e+01 2.754146e+01 2.752505e+01 2.752166e+01 2.754660e+01 2.756468e+01 2.756168e+01 2.751190e+01 2.745430e+01 2.742316e+01 2.738305e+01 2.730600e+01 2.728514e+01 2.735166e+01 2.740374e+01 2.738290e+01 2.741834e+01 2.745608e+01 2.740904e+01 2.737456e+01 2.732674e+01 2.730757e+01 2.728596e+01 2.733692e+01
2.440120e+01 2.429451e+01 2.419370e+01 2.412554e+01 2.404341e+01 2.398205e+01 2.391486e+01 2.391076e+01 2.394730e+01 2.397124e+01 2.396566e+01 2.392008e+01 2.388616e+01 2.386231e+01 2.387530e+01 2.389883e+01 2.393769e+01 2.397443e+01 2.403214e+01 2.405662e+01 2.408334e+01 2.408894e+01 2.409840e+01 2.413995e+01 2.413542e+01 2.410520e+01 2.408813e+01 2.409992e+01 2.409265e+01 2.408849e+01 2.407724e+01 2.407216e+01 2.409087e+01 2.410515e+01 2.410455e+01 2.406564e+01 2.402139e+01 2.399870e+01 2.395847e+01 2.388723e+01 2.385877e+01 2.390367e+01 2.393609e+01 2.389935e+01 2.391554e+01 2.393402e+01 2.387585e+01 2.383935e+01 2.379930e+01 2.377962e+01 2.375374e+01 2.379182e+01
2.026354e+01 2.017075e+01 2.008175e+01 2.002573e+01 1.995535e+01 1.990320e+01 1.984508e+01 1.985348e+01 1.991575e+01 1.996782e+01 1.998345e+01 1.994943e+01 1.991155e+01 1.987546e+01 1.988051e+01 1.990095e+01 1.993521e+01 1.996765e+01 2.001966e+01 2.003455e+01 2.005291e+01 2.005484e+01 2.005958e+01 2.009594e+01 2.007695e+01 2.002785e+01 1.999248e+01 1.999288e+01 1.998287e+01 1.998780e+01 1.998196e+01 1.997574e+01 1.999117e+01 2.000475e+01 2.000756e+01 1.998258e+01 1.995292e+01 1.994021e+01 1.989965e+01 1.982786e+01 1.978584e+01 1.980885e+01 1.982016e+01 1.976494e+01 1.975947e+01 1.975601e+01 1.968282e+01 1.964191e+01 1.960648e+01 1.958285e+01 1.954724e+01 1.956966e+01
1.586395e+01 1.578511e+01 1.570650e+01 1.566098e+01 1.559644e+01 1.554662e+01 1.549124e+01 1.550275e+01 1.557535e+01 1.563927e+01 1.566470e+01 1.564908e+01 1.560900e+01 1.556110e+01 1.556091e+01 1.557966e+01 1.560896e+01 1.563541e+01 1.568754e+01 1.569306e+01 1.570507e+01 1.570699e+01 1.570787e+01 1.574452e+01 1.571914e+01 1.566092e+01 1.561639e+01 1.559944e+01 1.558092e+01 1.559318e+01 1.559170e+01 1.558556e+01 1.560035e+01 1.561535e+01 1.561817e+01 1.560754e+01 1.559427e+01 1.559152e+01 1.555120e+01 1.546753e+01 1.540915e+01 1.541334e+01 1.540390e+01 1.533083e+01 1.530470e+01 1.527919e+01 1.518956e+01 1.514261e+01 1.511001e+01 1.508230e+01 1.503510e+01 1.504127e+01
1.157991e+01 1.151382e+01 1.144645e+01 1.141129e+01 1.134631e+01 1.129365e+01 1.123879e+01 1.123372e+01 1.129309e+01 1.134982e+01 1.138816e+01 1.140908e+01 1.136975e+01 1.131973e+01 1.131971e+01 1.133576e+01 1.135853e+01 1.137936e+01 1.143081e+01 1.142765e+01 1.143494e+01 1.144151e+01 1.143924e+01 1.148337e+01 1.145558e+01 1.139350e+01 1.133957e+01 1.129006e+01 1.126295e+01 1.127643e+01 1.127484e+01 1.127147e+01 1.129169e+01 1.131073e+01 1.131298e+01 1.131518e+01 1.131996e+01 1.132334e+01 1.128264e+01 1.118795e+01 1.112251e+01 1.111731e+01 1.109451e+01 1.101155e+01 1.097862e+01 1.094248e+01 1.084560e+01 1.079223e+01 1.076192e+01 1.073200e+01 1.067497e+01 1.066600e+01
7.778547e+00 7.733597e+00 7.684263e+00 7.660564e+00 7.594294e+00 7.539958e+00 7.484385e+00 7.446286e+00 7.481955e+00 7.520187e+00 7.564681e+00 7.606973e+00 7.577952e+00 7.541470e+00 7.546103e+00 7.558064e+00 7.561123e+00 7.561988e+00 7.595845e+00 7.583527e+00 7.587443e+00 7.599124e+00 7.594313e+00 7.649524e+00 7.619046e+00 7.553310e+00 7.495333e+00 7.423872e+00 7.380273e+00 7.386895e+00 7.382216e+00 7.383030e+00 7.414452e+00 7.444397e+00 7.454076e+00 7.468815e+00 7.488290e+00 7.491392e+00 7.451177e+00 7.354673e+00 7.291272e+00 7.289912e+00 7.262389e+00 7.179817e+00 7.156026e+00 7.122998e+00 7.034853e+00 6.976695e+00 6.944910e+00 6.911332e+00 6.844111e+00 6.819802e+00
4.790613e+00 4.794585e+00 4.786271e+00 4.782276e+00 4.720298e+00 4.669316e+00 4.607806e+00 4.541324e+00 4.550415e+00 4.568738e+00 4.620502e+00 4.665078e+00 4.638811e+00 4.624438e+00 4.633885e+00 4.636286e+00 4.585936e+00 4.533884e+00 4.514145e+00 4.478859e+00 4.476097e+00 4.487529e+00 4.482310e+00 4.543624e+00 4.509883e+00 4.438985e+00 4.374603e+00 4.279458e+00 4.226911e+00 4.223926e+00 4.216652e+00 4.222282e+00 4.271616e+00 4.318725e+00 4.341603e+00 4.374201e+00 4.407098e+00 4.407492e+00 4.376393e+00 4.294746e+00 4.244847e+00 4.264380e+00 4.246622e+00 4.179090e+00 4.187591e+00 4.176631e+00 4.126196e+00 4.077779e+00 4.038844e+00 3.991962e+00 3.910313e+00 3.871210e+00
2.510050e+00 2.513151e+00 2.491871e+00 2.486346e+00 2.464491e+00 2.455246e+00 2.442534e+00 2.425266e+00 2.435440e+00 2.464884e+00 2.519373e+00 2.601056e+00 2.653622e+00 2.664945e+00 2.654328e+00 2.637834e+00 2.588451e+00 2.538668e+00 2.487666e+00 2.451976e+00 2.422650e+00 2.402104e+00 2.379598e+00 2.386831e+00 2.338239e+00 2.246984e+00 2.157737e+00 2.049401e+00 1.997033e+00 1.990763e+00 1.986038e+00 1.984859e+00 2.007223e+00 2.006447e+00 1.990232e+00 1.985642e+00 1.996903e+00 2.012123e+00 2.015756e+00 2.009515e+00 1.997647e+00 1.990392e+00 1.981572e+00 1.962985e+00 1.953696e+00 1.940013e+00 1.938444e+00 1.933587e+00 1.931866e+00 1.926278e+00 1.916325e+00 1.909294e+00
1.297306e+00 1.314208e+00 1.314595e+00 1.320331e+00 1.310133e+00 1.318118e+00 1.311854e+00 1.307496e+00 1.316368e+00 1.357438e+00 1.417845e+00 1.499927e+00 1.555404e+00 1.553911e+00 1.531734e+00 1.509811e+00 1.428167e+00 1.347649e+00 1.237147e+00 1.196072e+00 1.176892e+00 1.185010e+00 1.229361e+00 1.250978e+00 1.232855e+00 1.139908e+00 1.027740e+00 8.886692e-01 8.377228e-01 8.325273e-01 8.409302e-01 8.313676e-01 8.295358e-01 8.327290e-01 8.049902e-01 7.803450e-01 7.688522e-01 7.842425e-01 8.028735e-01 7.664249e-01 7.633870e-01 7.792157e-01 8.000427e-01 7.923607e-01 8.126935e-01 8.265126e-01 8.393557e-01 8.378766e-01 8.377555e-01 8.346473e-01 8.286507e-01 8.313239e-01
1.130987e+00 1.137162e+00 1.133735e+00 1.132660e+00 1.119743e+00 1.128843e+00 1.119003e+00 1.113957e+00 1.120473e+00 1.162023e+00 1.217432e+00 1.293146e+00 1.338877e+00 1.327203e+00 1.300540e+00 1.277247e+00 1.186528e+00 1.097192e+00 9.685786e-01 9.400329e-01 9.388765e-01 9.740057e-01 1.047630e+00 1.100297e+00 1.100636e+00 1.015288e+00 9.114963e-01 7.805380e-01 7.425679e-01 7.406472e-01 7.538929e-01 7.367137e-01 7.287936e-01 7.519368e-01 7.417954e-01 7.118459e-01 6.879730e-01 6.957489e-01 7.092873e-01 6.339909e-01 6.332224e-01 6.590145e-01 6.948560e-01 6.914353e-01 7.378744e-01 7.711404e-01 7.756744e-01 7.649723e-01 7.640108e-01 7.625850e-01 7.642304e-01 7.528747e-01
1.152148e+00 1.150314e+00 1.134870e+00 1.125738e+00 1.106160e+00 1.110806e+00 1.096036e+00 1.090567e+00 1.091293e+00 1.131198e+00 1.188064e+00 1.270616e+00 1.308085e+00 1.286343e+00 1.256634e+00 1.230486e+00 1.138748e+00 1.053042e+00 9.321184e-01 9.156062e-01 9.247946e-01 9.688549e-01 1.045305e+00 1.106164e+00 1.106227e+00 1.019118e+00 9.212089e-01 8.019458e-01 7.721974e-01 7.698181e-01 7.813926e-01 7.622572e-01 7.381058e-01 7.754378e-01 7.501989e-01 7.378415e-01 7.266524e-01 7.292895e-01 7.330676e-01 6.585954e-01 6.665614e-01 6.961718e-01 7.335424e-01 7.427468e-01 7.846337e-01 8.191772e-01 8.296504e-01 8.128050e-01 7.988951e-01 7.800841e-01 7.776332e-01 7.616117e-01
1.150230e+00 1.139750e+00 1.115536e+00 1.103795e+00 1.084552e+00 1.089810e+00 1.078128e+00 1.074992e+00 1.073993e+00 1.107051e+00 1.159111e+00 1.229356e+00 1.252127e+00 1.225921e+00 1.195831e+00 1.166637e+00 1.077808e+00 9.987580e-01 8.933641e-01 8.898255e-01 9.054037e-01 9.574239e-01 1.039074e+00 1.107555e+00 1.106168e+00 1.020469e+00 9.264711e-01 8.126051e-01 7.847971e-01 7.811658e-01 7.907164e-01 7.733383e-01 7.420331e-01 7.818161e-01 7.602319e-01 7.460120e-01 7.382211e-01 7.442735e-01 7.496609e-01 6.780910e-01 6.889506e-01 7.234024e-01 7.657109e-01 7.979777e-01 8.331408e-01 8.776087e-01 8.845372e-01 8.864614e-01 8.855330e-01 8.631944e-01 8.429357e-01 8.353804e-01
1.124234e+00 1.101370e+00 1.069058e+00 1.057676e+00 1.042424e+00 1.050256e+00 1.044602e+00 1.044940e+00 1.043724e+00 1.066064e+00 1.109438e+00 1.167099e+00 1.181279e+00 1.156715e+00 1.127118e+00 1.096842e+00 1.019164e+00 9.501223e-01 8.625545e-01 8.717110e-01 8.923058e-01 9.484034e-01 1.037800e+00 1.110705e+00 1.107001e+00 1.021063e+00 9.261940e-01 8.073334e-01 7.763454e-01 7.701746e-01 7.779159e-01 7.664057e-01 7.412080e-01 7.718931e-01 7.671942e-01 7.728008e-01 7.530997e-01 7.724752e-01 7.771917e-01 6.814766e-01 6.864708e-01 7.260194e-01 7.833926e-01 8.335801e-01 8.618729e-01 9.245518e-01 9.165871e-01 9.728855e-01 1.040171e+00 1.061019e+00 1.042844e+00 1.035983e+00
1.075563e+00 1.043701e+00 1.009939e+00 9.971299e-01 9.799927e-01 9.843248e-01 9.815317e-01 9.866780e-01 9.865871e-01 1.002195e+00 1.037381e+00 1.091402e+00 1.106953e+00 1.086683e+00 1.059826e+00 1.033127e+00 9.696826e-01 9.166974e-01 8.458307e-01 8.671822e-01 8.929090e-01 9.509278e-01 1.046533e+00 1.121761e+00 1.116954e+00 1.028660e+00 9.323044e-01 8.111338e-01 7.739000e-01 7.618566e-01 7.665666e-01 7.636952e-01 7.514456e-01 7.780988e-01 7.702699e-01 7.903768e-01 7.710347e-01 8.006691e-01 8.029227e-01 7.011523e-01 6.986900e-01 7.438502e-01 8.048731e-01 8.707308e-01 8.864409e-01 9.600985e-01 9.371864e-01 1.023006e+00 1.125668e+00 1.193930e+00 1.196436e+00 1.195359e+00
1.012576e+00 9.863214e-01 9.651633e-01 9.467459e-01 9.178142e-01 9.126870e-01 9.110650e-01 9.163854e-01 9.219167e-01 9.386733e-01 9.712203e-01 1.029203e+00 1.051506e+00 1.035474e+00 1.016097e+00 9.983225e-01 9.497190e-01 9.139591e-01 8.613482e-01 8.949263e-01 9.255534e-01 9.834207e-01 1.080075e+00 1.151367e+00 1.142921e+00 1.048315e+00 9.486558e-01 8.234373e-01 7.753258e-01 7.574306e-01 7.580232e-01 7.618139e-01 7.724950e-01 8.020524e-01 8.108242e-01 8.290072e-01 8.105960e-01 8.397363e-01 8.410916e-01 7.446799e-01 7.376710e-01 7.898262e-01 8.562200e-01 9.314761e-01 9.539328e-01 1.025134e+00 9.966384e-01 1.069346e+00 1.145466e+00 1.211176e+00 1.233006e+00 1.246165e+00
9.555932e-01 9.505673e-01 9.467013e-01 9.111559e-01 8.554426e-01 8.341444e-01 8.352267e-01 8.424087e-01 8.485275e-01 8.599802e-01 8.958739e-01 9.661356e-01 9.996493e-01 9.880013e-01 9.798979e-01 9.773865e-01 9.357172e-01 9.249604e-01 8.858664e-01 9.321915e-01 9.699422e-01 1.028807e+00 1.123262e+00 1.186894e+00 1.174990e+00 1.077029e+00 9.792483e-01 8.529226e-01 7.970889e-01 7.768810e-01 7.721110e-01 7.779633e-01 7.898935e-01 8.114475e-01 8.152537e-01 8.312898e-01 8.088709e-01 8.345537e-01 8.274516e-01 7.225615e-01 7.093626e-01 7.566934e-01 8.231397e-01 9.035289e-01 9.345643e-01 1.005108e+00 9.778429e-01 1.040581e+00 1.106875e+00 1.175805e+00 1.213583e+00 1.243262e+00
9.841282e-01 9.828115e-01 9.659409e-01 9.028187e-01 8.236336e-01 7.868258e-01 7.894901e-01 8.130965e-01 8.248384e-01 8.206797e-01 8.554391e-01 9.381475e-01 9.850585e-01 9.766755e-01 9.687451e-01 9.708795e-01 9.266650e-01 9.351755e-01 9.027436e-01 9.535900e-01 9.907660e-01 1.043766e+00 1.133057e+00 1.197154e+00 1.190697e+00 1.101185e+00 1.011140e+00 8.929756e-01 8.363527e-01 8.210118e-01 8.117256e-01 8.184553e-01 8.141569e-01 8.312136e-01 8.270672e-01 8.346442e-01 8.059484e-01 8.230627e-01 7.999842e-01 6.906037e-01 6.671190e-01 7.023300e-01 7.651913e-01 8.464998e-01 8.821955e-01 9.523835e-01 9.321559e-01 9.863190e-01 1.046195e+00 1.120222e+00 1.175448e+00 1.217662e+00
9.591834e-01 9.587083e-01 9.393532e-01 8.981537e-01 8.283325e-01 7.783086e-01 7.676215e-01 7.775492e-01 8.008162e-01 8.074938e-01 8.374814e-01 9.168454e-01 9.726967e-01 9.686201e-01 9.520958e-01 9.497526e-01 9.025570e-01 9.151379e-01 8.811760e-01 9.287222e-01 9.587137e-01 9.991314e-01 1.084052e+00 1.155904e+00 1.164878e+00 1.100206e+00 1.024170e+00 9.018421e-01 8.429073e-01 8.300868e-01 8.151091e-01 8.192287e-01 8.075132e-01 8.269179e-01 8.212150e-01 8.229464e-01 7.909700e-01 7.977315e-01 7.552152e-01 6.493162e-01 6.106652e-01 6.243882e-01 6.813612e-01 7.637549e-01 8.040175e-01 8.774003e-01 8.641415e-01 9.162408e-01 9.659561e-01 1.036926e+00 1.106985e+00 1.158063e+00
9.366412e-01 9.304784e-01 9.112484e-01 8.711443e-01 8.040519e-01 7.651150e-01 7.362634e-01 7.245088e-01 7.564303e-01 7.881783e-01 8.250924e-01 8.839050e-01 9.353710e-01 9.351757e-01 9.147619e-01 9.059648e-01 8.566102e-01 8.641978e-01 8.326882e-01 8.732138e-01 8.973896e-01 9.240120e-01 1.008616e+00 1.085136e+00 1.103378e+00 1.064333e+00 1.006408e+00 8.807814e-01 8.122561e-01 7.972328e-01 7.780729e-01 7.782253e-01 7.673916e-01 7.920676e-01 7.807223e-01 7.820944e-01 7.537558e-01 7.587160e-01 7.041376e-01 6.095936e-01 5.582527e-01 5.521542e-01 6.041872e-01 6.889967e-01 7.346583e-01 8.120288e-01 8.053938e-01 8.563361e-01 8.890877e-01 9.582868e-01 1.034698e+00 1.089242e+00
9.575950e-01 9.495204e-01 9.380823e-01 9.053475e-01 8.328969e-01 7.906418e-01 7.533627e-01 7.127705e-01 7.291988e-01 7.683338e-01 8.140956e-01 8.585935e-01 8.964276e-01 9.042385e-01 8.823865e-01 8.658346e-01 8.038100e-01 8.030793e-01 7.797464e-01 8.215396e-01 8.447789e-01 8.605940e-01 9.430606e-01 1.024071e+00 1.039540e+00 1.009847e+00 9.678965e-01 8.560039e-01 7.752825e-01 7.554509e-01 7.308426e-01 7.239466e-01 7.092047e-01 7.310472e-01 7.154340e-01 7.215407e-01 7.048867e-01 7.174652e-01 6.641789e-01 5.814069e-01 5.252291e-01 5.102936e-01 5.542461e-01 6.394878e-01 6.911917e-01 7.711270e-01 7.715827e-01 8.202172e-01 8.409667e-01 9.043077e-01 9.796288e-01 1.033230e+00
9.704515e-01 9.794661e-01 9.736308e-01 9.443820e-01 8.754375e-01 8.333583e-01 7.980773e-01 7.430217e-01 7.451839e-01 7.853895e-01 8.413215e-01 8.732665e-01 8.862641e-01 9.037450e-01 8.863813e-01 8.654996e-01 7.795536e-01 7.572404e-01 7.357445e-01 7.937807e-01 8.169236e-01 8.202298e-01 8.911127e-01 9.639270e-01 9.702433e-01 9.377549e-01 9.061888e-01 8.211206e-01 7.326398e-01 7.004238e-01 6.689416e-01 6.535345e-01 6.414927e-01 6.617227e-01 6.445908e-01 6.571964e-01 6.592720e-01 6.867304e-01 6.529424e-01 5.855749e-01 5.354360e-01 5.053449e-01 5.348990e-01 6.163175e-01 6.724081e-01 7.533587e-01 7.600209e-01 8.047574e-01 8.149770e-01 8.646548e-01 9.321840e-01 9.809305e-01
9.563439e-01 9.493767e-01 9.215618e-01 8.834141e-01 8.226553e-01 7.816057e-01 7.572178e-01 7.074997e-01 7.096871e-01 7.548941e-01 8.127340e-01 8.378166e-01 8.514113e-01 8.796022e-01 8.573396e-01 8.090033e-01 7.495506e-01 7.347951e-01 7.274781e-01 8.109085e-01 8.494794e-01 8.455451e-01 8.978539e-01 9.486392e-01 9.352779e-01 8.965301e-01 8.591517e-01 7.886748e-01 7.218064e-01 6.875598e-01 6.553416e-01 6.350297e-01 6.332049e-01 6.512179e-01 6.398846e-01 6.581819e-01 6.712220e-01 7.079219e-01 7.095765e-01 6.491808e-01 6.085690e-01 5.349169e-01 5.412338e-01 6.100846e-01 6.662498e-01 7.474740e-01 7.601374e-01 7.981662e-01 8.009720e-01 8.306885e-01 8.854809e-01 9.275358e-01
