Code/Outputs/Output_20260204_161825/2.9_30_1000_topography.grd
DSAA
181 201
-5400000.000000 5400000.000000
-6000000.000000 6000000.000000
-6404.390000 20389.200000
[rows 46 to 68 of 201, columns 0 to 50 of 181]
1.189380e+03 1.324660e+03 1.438650e+03 1.703310e+03 2.007400e+03 2.119770e+03 2.159620e+03 2.425740e+03 2.378900e+03 2.124150e+03 1.855310e+03 1.527280e+03 1.407930e+03 1.356890e+03 1.280880e+03 1.252110e+03 1.153240e+03 1.168390e+03 1.162640e+03 9.188950e+02 9.443780e+02 1.190540e+03 1.296820e+03 1.306590e+03 1.141300e+03 1.290470e+03 1.276580e+03 1.385430e+03 1.789400e+03 1.848220e+03 1.981480e+03 1.253990e+03 1.186280e+03 1.302800e+03 1.581480e+03 1.312460e+03 1.311010e+03 1.690090e+03 1.042690e+03 1.451220e+03 1.616470e+03 2.023540e+03 1.758350e+03 1.526870e+03 1.479070e+03 1.526070e+03 1.624680e+03 1.369210e+03 1.811440e+03 1.778250e+03 1.886790e+03
9.075000e+02 1.126260e+03 1.373920e+03 1.846860e+03 1.948170e+03 2.057100e+03 1.747440e+03 2.294870e+03 2.193200e+03 2.094770e+03 1.850900e+03 1.583150e+03 1.492200e+03 1.637920e+03 1.336490e+03 1.296850e+03 1.219410e+03 1.258620e+03 1.122620e+03 9.391480e+02 9.878280e+02 1.149080e+03 1.353730e+03 1.292430e+03 1.450020e+03 1.874890e+03 1.552410e+03 1.555700e+03 1.551240e+03 1.462200e+03 1.639600e+03 1.036060e+03 1.123070e+03 1.556640e+03 1.637840e+03 1.295570e+03 1.405790e+03 1.896120e+03 1.370810e+03 1.658760e+03 1.929480e+03 1.830980e+03 1.586410e+03 1.479850e+03 1.460230e+03 1.468750e+03 1.350560e+03 1.769130e+03 1.586670e+03 1.873990e+03 2.017580e+03
6.378180e+02 8.566020e+02 1.253390e+03 1.790700e+03 1.873960e+03 1.989990e+03 1.406690e+03 2.084820e+03 2.022930e+03 2.013140e+03 1.771080e+03 1.810200e+03 1.731260e+03 2.049970e+03 1.451880e+03 1.360140e+03 1.316160e+03 1.305810e+03 1.151410e+03 1.023960e+03 1.035420e+03 1.062420e+03 1.368230e+03 1.460980e+03 1.747920e+03 1.575310e+03 1.347470e+03 6.658340e+02 8.269380e+02 8.811850e+02 1.145280e+03 8.487860e+02 1.370810e+03 1.849990e+03 1.613830e+03 1.305520e+03 1.604670e+03 1.881350e+03 1.860190e+03 1.909340e+03 1.864030e+03 1.725810e+03 1.652870e+03 1.518270e+03 1.491680e+03 1.590390e+03 1.435440e+03 1.998530e+03 1.708840e+03 1.859700e+03 2.162450e+03
3.681360e+02 5.869460e+02 7.918050e+02 1.092860e+03 1.329280e+03 1.507600e+03 1.518620e+03 1.623590e+03 1.823150e+03 1.626320e+03 1.641120e+03 2.150360e+03 2.140720e+03 2.179230e+03 1.837500e+03 1.546560e+03 1.568850e+03 1.432170e+03 1.247750e+03 1.167290e+03 1.090310e+03 1.226340e+03 1.335170e+03 1.181030e+03 2.138250e+03 1.446750e+03 1.027090e+03 5.843010e+02 4.976400e+02 5.533320e+02 3.007420e+02 3.176720e+02 7.262470e+02 1.245920e+03 1.599970e+03 1.661440e+03 1.930360e+03 2.087160e+03 2.081690e+03 2.129260e+03 2.031600e+03 1.967440e+03 1.967960e+03 1.622990e+03 1.678720e+03 1.653780e+03 1.888710e+03 2.098850e+03 1.980560e+03 2.061750e+03 2.196270e+03
3.090350e+02 4.943960e+02 6.737500e+02 8.383400e+02 8.079880e+02 1.097760e+03 1.246780e+03 1.487840e+03 1.764270e+03 1.564900e+03 2.067760e+03 2.356090e+03 2.417290e+03 2.333420e+03 2.017440e+03 1.911990e+03 1.852220e+03 1.529570e+03 1.428170e+03 1.228500e+03 1.570720e+03 1.435120e+03 1.730990e+03 2.063120e+03 1.835710e+03 1.387960e+03 9.032210e+02 5.415060e+02 4.736730e+02 2.622770e+02 7.425370e+01 1.391350e+02 6.580310e+02 1.316050e+03 1.286900e+03 1.483450e+03 2.335900e+03 2.160150e+03 2.001480e+03 2.110560e+03 2.283330e+03 2.454310e+03 2.491460e+03 2.166790e+03 1.965830e+03 1.950220e+03 1.977140e+03 2.227160e+03 2.186290e+03 2.310540e+03 2.273910e+03
2.856780e+02 4.705590e+02 6.349790e+02 7.564990e+02 5.800940e+02 9.470290e+02 1.210210e+03 1.553110e+03 1.955840e+03 1.962980e+03 2.230060e+03 2.489440e+03 2.423140e+03 2.183220e+03 2.104070e+03 2.114030e+03 1.934710e+03 1.747980e+03 1.724900e+03 1.361300e+03 1.998630e+03 1.738680e+03 2.036030e+03 2.174680e+03 1.780720e+03 1.487560e+03 1.730880e+03 1.037400e+03 5.170250e+02 1.662070e+02 1.596960e+01 1.463640e+02 9.305670e+02 1.241080e+03 1.075930e+03 1.296590e+03 2.391530e+03 1.912540e+03 2.105900e+03 2.281050e+03 2.537060e+03 2.608410e+03 2.487630e+03 2.680950e+03 2.315220e+03 1.798860e+03 2.342640e+03 2.381840e+03 2.417060e+03 2.213690e+03 2.403040e+03
2.321990e+02 4.731650e+02 6.600370e+02 7.793010e+02 7.955570e+02 1.076780e+03 1.449440e+03 1.826750e+03 1.792330e+03 1.596520e+03 2.336150e+03 2.213830e+03 2.127040e+03 1.700580e+03 2.008110e+03 2.130360e+03 2.068300e+03 2.051450e+03 1.958230e+03 1.908660e+03 1.894150e+03 2.092210e+03 2.217520e+03 2.204630e+03 1.903420e+03 2.159520e+03 3.041730e+03 1.235270e+03 5.610960e+02 2.099620e+02 1.844580e+02 4.588570e+02 9.898970e+02 1.272280e+03 1.086320e+03 1.374630e+03 1.971680e+03 1.627710e+03 2.336950e+03 2.256800e+03 2.014070e+03 1.857630e+03 2.695640e+03 2.873860e+03 2.653220e+03 1.659750e+03 2.692370e+03 2.603040e+03 2.133750e+03 2.519890e+03 2.612970e+03
1.787210e+02 4.757720e+02 7.490740e+02 9.399150e+02 5.584010e+02 1.294750e+03 1.820140e+03 1.770520e+03 1.621120e+03 1.902760e+03 2.145370e+03 2.289910e+03 1.981790e+03 1.860990e+03 1.932900e+03 1.973310e+03 1.842190e+03 1.771380e+03 1.793930e+03 1.991380e+03 1.605540e+03 2.228060e+03 1.590880e+03 1.525790e+03 1.823620e+03 2.054800e+03 2.360460e+03 1.333100e+03 6.554980e+02 4.770500e+02 7.708670e+02 1.517740e+03 1.902710e+03 1.606760e+03 1.257670e+03 1.436790e+03 1.894930e+03 2.129650e+03 2.202050e+03 1.748060e+03 2.009520e+03 2.717480e+03 2.187240e+03 2.337670e+03 2.207310e+03 2.795250e+03 2.010980e+03 2.623880e+03 2.847580e+03 2.613710e+03 3.114570e+03
9.740050e+02 9.535370e+02 8.921730e+02 9.759260e+02 9.889290e+02 1.318560e+03 1.740200e+03 1.723110e+03 1.779820e+03 2.142500e+03 2.041940e+03 2.182020e+03 1.902450e+03 2.082990e+03 2.046230e+03 1.882950e+03 1.806450e+03 1.753800e+03 1.839560e+03 2.261840e+03 2.072430e+03 2.306670e+03 1.456600e+03 1.459030e+03 1.876440e+03 1.761040e+03 1.794020e+03 1.807890e+03 1.816470e+03 1.576450e+03 1.467770e+03 1.740560e+03 1.537050e+03 1.582550e+03 8.355520e+02 1.360510e+03 1.879100e+03 2.478840e+03 1.784740e+03 1.661290e+03 2.023970e+03 2.264310e+03 2.146830e+03 2.518050e+03 2.543820e+03 2.199190e+03 2.160940e+03 2.547410e+03 2.995700e+03 3.037950e+03 3.047550e+03
1.089990e+03 1.041630e+03 8.988480e+02 8.267340e+02 1.058220e+03 1.303930e+03 1.765260e+03 1.786750e+03 1.926890e+03 2.085960e+03 2.174770e+03 2.201340e+03 2.203860e+03 2.424060e+03 1.835140e+03 1.840320e+03 1.801620e+03 1.846710e+03 1.925720e+03 2.105740e+03 2.017280e+03 1.984790e+03 1.459450e+03 1.720510e+03 1.821060e+03 1.377060e+03 1.797030e+03 2.160000e+03 2.023370e+03 1.835910e+03 1.755650e+03 1.315900e+03 1.218450e+03 1.228780e+03 5.181160e+02 1.353250e+03 1.943140e+03 2.414980e+03 1.946120e+03 1.645640e+03 1.636390e+03 2.196960e+03 2.458010e+03 2.578250e+03 2.575270e+03 2.017680e+03 2.343820e+03 2.307000e+03 2.755300e+03 3.003770e+03 2.677070e+03
3.686480e+02 6.522110e+02 7.963480e+02 8.482070e+02 1.026850e+03 1.408310e+03 1.922600e+03 1.825260e+03 1.885930e+03 1.430080e+03 1.936850e+03 2.339090e+03 2.678050e+03 2.690750e+03 1.722360e+03 1.734380e+03 1.847040e+03 1.780810e+03 1.699310e+03 1.134240e+03 1.589900e+03 1.501200e+03 1.563180e+03 1.780890e+03 1.512080e+03 1.481140e+03 2.816530e+03 1.471760e+03 1.279310e+03 1.369920e+03 1.455410e+03 1.334680e+03 1.171400e+03 1.185060e+03 1.173130e+03 1.426580e+03 1.982210e+03 2.415430e+03 2.204790e+03 1.848350e+03 2.449470e+03 2.192750e+03 2.336000e+03 2.312790e+03 2.382950e+03 2.301110e+03 2.374000e+03 2.356510e+03 1.483280e+03 1.941920e+03 2.178400e+03
-3.071610e+02 2.876840e+02 8.564610e+02 1.060990e+03 1.159750e+03 1.743980e+03 2.174310e+03 1.845340e+03 1.634550e+03 1.589030e+03 1.798390e+03 2.220580e+03 2.861300e+03 2.538420e+03 2.112210e+03 1.352890e+03 1.539590e+03 1.301530e+03 1.379350e+03 1.617790e+03 1.614800e+03 1.515340e+03 1.473590e+03 1.205060e+03 1.118600e+03 2.250940e+03 3.039980e+03 1.404270e+03 1.169930e+03 1.420100e+03 1.450060e+03 1.420820e+03 1.123800e+03 9.833330e+02 1.241020e+03 7.459870e+02 1.800960e+03 2.717790e+03 2.625790e+03 2.846820e+03 2.787550e+03 2.296170e+03 2.450520e+03 1.106780e+03 2.441990e+03 2.308310e+03 2.525370e+03 2.193390e+03 1.253230e+03 1.631920e+03 1.939410e+03
5.650930e+02 7.694900e+02 9.848980e+02 1.312990e+03 9.693870e+02 2.942690e+03 2.308750e+03 1.783100e+03 1.501550e+03 1.507260e+03 1.671500e+03 1.117120e+03 9.197370e+02 2.044390e+03 1.715490e+03 1.627910e+03 1.282920e+03 1.147790e+03 1.354720e+03 1.398070e+03 1.065370e+03 1.462560e+03 1.883610e+03 1.542070e+03 8.022460e+02 1.597120e+03 1.965330e+03 9.743670e+02 1.329820e+03 1.433300e+03 1.450370e+03 1.412670e+03 1.261890e+03 1.006610e+03 9.919460e+02 8.754290e+02 1.720130e+03 2.802740e+03 2.212240e+03 1.842650e+03 2.376960e+03 2.404970e+03 2.196740e+03 2.545570e+03 2.743850e+03 2.198570e+03 2.175880e+03 1.972190e+03 1.637610e+03 1.862570e+03 1.951130e+03
8.731370e+02 9.982610e+02 1.207690e+03 1.370170e+03 2.001670e+03 2.220810e+03 2.327530e+03 1.497290e+03 1.315250e+03 1.504510e+03 1.639730e+03 1.579940e+03 1.313530e+03 1.812630e+03 1.884630e+03 1.487280e+03 1.098340e+03 1.014330e+03 1.096420e+03 1.285430e+03 1.005050e+03 1.507990e+03 1.233610e+03 7.962510e+02 6.432550e+02 9.589290e+02 8.916210e+02 7.567560e+02 1.373590e+03 1.456730e+03 1.269180e+03 1.311420e+03 1.316120e+03 1.090440e+03 1.162930e+03 1.003740e+03 1.792910e+03 1.023160e+03 3.906750e+02 7.921610e+02 8.191930e+02 2.184690e+03 2.452550e+03 2.322430e+03 2.222500e+03 2.035960e+03 2.190640e+03 1.581840e+03 2.085060e+03 2.051170e+03 1.913090e+03
1.054050e+03 1.170020e+03 1.393400e+03 1.436950e+03 2.458410e+03 1.980870e+03 1.871750e+03 1.704480e+03 1.437780e+03 1.442790e+03 1.646990e+03 1.893480e+03 1.612840e+03 1.632470e+03 1.616640e+03 1.135280e+03 1.006710e+03 5.980900e+02 1.333190e+03 1.119630e+03 7.828890e+02 1.393710e+03 8.037460e+02 7.803910e+02 6.571880e+02 5.135640e+02 3.933900e+02 6.203290e+02 1.262370e+03 1.460740e+03 1.343680e+03 1.369740e+03 1.360580e+03 1.144320e+03 9.665090e+02 9.499010e+02 1.076650e+03 -3.608810e+02 2.844320e+00 -4.421520e+02 7.302580e+01 1.157720e+03 2.018190e+03 2.133440e+03 1.904030e+03 1.957470e+03 1.854400e+03 2.552140e+03 2.557620e+03 2.248000e+03 2.203490e+03
8.439850e+02 1.058450e+03 1.352780e+03 1.480260e+03 2.160880e+03 2.123630e+03 1.578950e+03 1.633350e+03 1.272610e+03 1.241900e+03 1.548650e+03 1.749370e+03 1.468070e+03 1.452240e+03 1.357780e+03 9.481620e+02 8.277280e+02 8.120350e+02 1.151050e+03 1.006800e+03 6.713510e+02 6.970550e+02 7.932960e+02 7.889650e+02 7.557040e+02 5.030540e+02 5.818610e+02 7.372620e+02 1.047960e+03 1.500120e+03 1.339430e+03 1.329200e+03 1.307360e+03 1.108030e+03 8.005070e+02 9.262280e+02 1.863640e+02 -7.516470e+02 -4.315380e+02 -8.771630e+02 -2.645960e+02 7.693760e+02 2.437790e+03 2.200790e+03 1.858630e+03 1.868590e+03 1.947600e+03 2.338760e+03 2.600870e+03 2.198080e+03 2.316550e+03
1.554610e+02 6.001530e+02 1.223070e+03 1.474690e+03 1.778880e+03 1.762620e+03 1.274720e+03 1.171180e+03 1.041930e+03 1.026720e+03 1.195950e+03 1.481470e+03 1.425500e+03 1.290740e+03 1.304830e+03 8.713540e+02 7.165990e+02 6.670880e+02 7.221660e+02 7.540830e+02 1.041810e+03 -1.792910e+02 7.974430e+02 7.268190e+02 9.614250e+02 1.301850e+03 1.217190e+03 7.970370e+02 7.109020e+02 1.511260e+03 1.218700e+03 1.191680e+03 1.204720e+03 9.860480e+02 1.127850e+03 1.374360e+03 3.770820e+02 -7.146170e+02 -9.554540e+02 -7.061810e+02 -2.858400e+02 1.806930e+03 2.269480e+03 2.311720e+03 1.851870e+03 1.721730e+03 1.516390e+03 1.874490e+03 1.891150e+03 2.013640e+03 2.067690e+03
-3.472760e+02 2.540700e+02 8.066070e+02 7.859650e+02 1.160280e+03 1.087360e+03 8.408980e+02 8.942280e+02 9.082780e+02 9.457950e+02 1.134860e+03 1.338070e+03 1.178860e+03 1.109210e+03 1.102690e+03 7.634050e+02 5.939470e+02 5.920840e+02 4.527650e+02 4.595190e+02 1.376000e+03 1.745590e+01 6.676770e+02 7.071150e+02 1.321450e+03 1.576820e+03 9.277660e+02 4.401940e+02 2.794410e+02 1.451570e+03 1.169340e+03 9.651840e+02 1.147640e+03 8.795520e+02 1.819570e+03 2.382780e+03 2.038980e+03 3.409090e+02 3.029390e+00 4.000870e+01 9.786600e+02 1.836910e+03 2.210010e+03 2.598760e+03 1.648480e+03 1.391980e+03 1.091340e+03 1.862210e+03 1.310080e+03 1.331250e+03 1.832650e+03
1.627620e+02 5.196750e+02 7.366550e+02 7.862650e+02 8.781880e+02 7.953940e+02 8.280940e+02 8.053310e+02 8.235290e+02 9.396770e+02 1.026440e+03 6.404990e+02 1.114170e+03 7.985480e+02 5.546980e+02 6.947360e+02 5.764710e+02 5.540370e+02 1.431050e+02 1.351410e+02 4.399600e+02 7.073200e+02 3.524670e+02 4.381680e+02 8.428810e+02 1.323000e+03 6.177270e+02 -1.670680e+02 -7.722820e+01 6.064800e+02 7.426620e+02 7.156730e+02 1.103420e+03 1.331910e+03 2.087040e+03 2.396030e+03 2.744100e+03 2.526170e+03 1.150090e+03 2.923820e+03 3.115130e+03 2.764710e+03 2.521530e+03 2.304530e+03 1.378310e+03 1.062460e+03 1.258280e+03 2.224470e+03 2.060890e+03 1.086880e+03 1.098990e+03
6.728000e+02 7.852800e+02 6.316620e+02 6.185520e+02 7.488120e+02 8.170710e+02 7.516080e+02 7.141220e+02 5.518360e+02 1.016990e+03 1.194870e+03 1.006720e+03 1.396690e+03 4.616510e+02 2.671110e+02 1.710560e+02 2.522450e+02 1.544270e+02 -7.087100e+01 4.267040e+01 3.800860e+02 7.190610e+02 4.842470e+02 5.728480e+02 1.088900e+03 1.281330e+03 2.938740e+02 -3.684580e+02 -1.649090e+02 3.652330e+02 7.471210e+02 8.181990e+02 1.463190e+03 2.038530e+03 2.307250e+03 2.407560e+03 2.838940e+03 3.168680e+03 3.466260e+03 2.964520e+03 2.515050e+03 2.914760e+03 1.946200e+03 1.627530e+03 1.049950e+03 1.022630e+03 1.073260e+03 1.217290e+03 1.073010e+03 1.083060e+03 1.080170e+03
1.182840e+03 1.050880e+03 7.847170e+02 6.990880e+02 6.807690e+02 8.412020e+02 1.626930e+03 1.226650e+03 1.043530e+03 9.334630e+02 9.323190e+02 1.011210e+03 7.170830e+02 1.165170e+02 7.668100e+00 9.929270e+01 1.526170e+02 6.718930e+01 2.842420e+01 2.479380e+02 4.991970e+02 2.540190e+02 1.512030e+02 5.403370e+02 1.271310e+03 9.794690e+02 2.885870e+02 7.375920e+01 3.314800e+02 6.773450e+02 1.374390e+03 1.136030e+03 1.726040e+03 2.233180e+03 2.488380e+03 2.726420e+03 2.798600e+03 3.322800e+03 3.261370e+03 2.425220e+03 2.049310e+03 2.573170e+03 1.650660e+03 1.475740e+03 1.205700e+03 1.026100e+03 1.025060e+03 1.032630e+03 1.076110e+03 1.077020e+03 1.127050e+03
1.543770e+03 1.298450e+03 9.732150e+02 2.136780e+02 5.008330e+02 6.795390e+02 1.067720e+03 5.479460e+02 8.567570e+02 8.475040e+02 1.300550e+03 1.035080e+03 2.142040e+02 -1.469200e+02 -5.776360e+01 2.135000e+02 2.683670e+02 7.103940e+02 7.448640e+02 6.070770e+02 4.491900e+02 -2.306690e+02 -1.963570e+02 3.737320e+02 9.005590e+02 1.775950e+03 1.129370e+03 6.507670e+02 1.266680e+03 1.486600e+03 1.731640e+03 1.538620e+03 2.102720e+03 1.799770e+03 1.932690e+03 2.991030e+03 2.978320e+03 3.259510e+03 2.938030e+03 2.478650e+03 2.225200e+03 2.044890e+03 1.493870e+03 1.320510e+03 1.213830e+03 1.189340e+03 1.360180e+03 1.081090e+03 1.091710e+03 1.320870e+03 2.611660e+03
1.874750e+03 1.542400e+03 1.430310e+03 2.459250e+02 6.386840e+02 6.849710e+02 8.008170e+02 7.804420e+02 1.097040e+03 1.081030e+03 1.722340e+03 6.889190e+02 1.487200e+02 -7.526610e+01 2.292970e+02 2.553110e+02 1.020060e+03 1.185650e+03 1.167940e+03 1.577800e+03 7.670670e+02 -1.852170e+02 -3.219610e+02 1.322820e+02 1.849770e+03 1.910420e+03 1.267020e+03 1.028490e+03 1.220840e+03 1.885820e+03 1.855880e+03 1.951020e+03 2.089140e+03 1.763310e+03 2.524120e+03 2.724690e+03 3.079990e+03 3.074990e+03 2.916870e+03 2.598500e+03 2.133940e+03 1.744410e+03 1.434080e+03 1.209890e+03 1.224480e+03 1.370580e+03 1.451340e+03 1.241390e+03 1.171300e+03 1.361790e+03 1.885540e+03
