Code/Outputs/Output_20260204_161825/2.9_30_1000_topography.grd
DSAA
181 201
-5400000.000000 5400000.000000
-6000000.000000 6000000.000000
-6404.390000 20389.200000
[rows 138 to 160 of 201, columns 102 to 152 of 181]
1.707010e+03 1.924010e+03 1.125760e+03 8.073070e+02 7.820930e+02 5.952340e+02 7.794420e+02 9.655510e+02 1.177950e+03 1.383430e+03 1.082950e+03 1.302520e+03 1.258910e+03 1.071130e+03 9.051850e+02 6.797650e+02 2.121090e+02 -2.882630e+02 -5.955620e+02 -7.513700e+02 -9.625360e+02 -9.570880e+02 -8.440810e+02 -1.033470e+03 -1.582150e+03 -1.702120e+03 -1.774220e+03 -1.803640e+03 -1.769790e+03 -2.402410e+03 -3.048670e+03 -3.307100e+03 -3.563760e+03 -3.646610e+03 -3.573600e+03 -3.690440e+03 -3.720290e+03 -3.754430e+03 -3.829860e+03 -3.841660e+03 -3.905160e+03 -3.974710e+03 -4.056150e+03 -4.092070e+03 -4.154130e+03 -4.179140e+03 -4.200420e+03 -4.259060e+03 -4.316680e+03 -4.373450e+03 -4.375320e+03
1.350580e+03 1.580540e+03 1.148130e+03 8.636580e+02 8.514720e+02 8.633480e+02 9.174820e+02 9.563250e+02 1.105870e+03 1.237170e+03 1.075280e+03 1.449080e+03 1.030970e+03 6.873290e+02 7.992620e+02 7.044920e+02 2.842580e+02 -9.422860e+01 -5.522810e+02 -8.004510e+02 -5.953920e+02 -7.108700e+02 -7.864770e+02 -8.186620e+02 -1.297790e+03 -1.581150e+03 -1.731060e+03 -1.799120e+03 -1.785520e+03 -2.358900e+03 -3.008410e+03 -3.229960e+03 -3.576340e+03 -3.677510e+03 -3.620220e+03 -3.732140e+03 -3.760960e+03 -3.724100e+03 -3.803540e+03 -3.847640e+03 -3.937900e+03 -4.000180e+03 -4.047780e+03 -4.114630e+03 -4.158990e+03 -4.199940e+03 -4.282920e+03 -4.303020e+03 -4.344430e+03 -4.419620e+03 -4.388610e+03
1.519590e+03 1.212110e+03 1.174650e+03 9.303950e+02 9.156200e+02 9.385260e+02 9.573350e+02 9.563430e+02 9.837000e+02 9.903380e+02 1.086830e+03 1.364860e+03 8.067810e+02 5.836250e+02 6.228760e+02 6.194190e+02 3.161660e+02 1.305610e+01 -5.888420e+02 -7.588780e+02 -9.360950e+02 -7.677550e+02 -1.001330e+03 -1.041830e+03 -1.256860e+03 -1.450650e+03 -1.651680e+03 -1.639910e+03 -1.747220e+03 -2.124340e+03 -2.962480e+03 -3.016940e+03 -3.545040e+03 -3.702870e+03 -3.658040e+03 -3.782560e+03 -3.779130e+03 -3.762860e+03 -3.853770e+03 -3.908070e+03 -3.969480e+03 -4.039670e+03 -4.074570e+03 -4.162420e+03 -4.188480e+03 -4.264030e+03 -4.328860e+03 -4.321550e+03 -4.399250e+03 -4.406080e+03 -4.484170e+03
1.289880e+03 9.275490e+02 1.374560e+03 9.723090e+02 9.531790e+02 9.903640e+02 9.897540e+02 8.361780e+02 7.647850e+02 8.972670e+02 1.152020e+03 1.288470e+03 6.958100e+02 4.771750e+02 5.539930e+02 5.610040e+02 2.750880e+02 1.486230e+02 -3.597460e+02 -6.048680e+02 -1.143150e+03 -9.251050e+02 -1.216350e+03 -1.343020e+03 -1.265440e+03 -1.371280e+03 -1.580670e+03 -1.522760e+03 -1.661190e+03 -2.167390e+03 -2.702970e+03 -3.164860e+03 -3.558570e+03 -3.714510e+03 -3.698660e+03 -3.828490e+03 -3.830930e+03 -3.870640e+03 -3.910120e+03 -3.950530e+03 -3.973650e+03 -4.086170e+03 -4.134770e+03 -4.224530e+03 -4.236790e+03 -4.311870e+03 -4.382370e+03 -4.377640e+03 -4.421290e+03 -4.393810e+03 -4.552360e+03
5.887720e+02 1.199290e+03 1.478890e+03 9.120500e+02 9.660320e+02 1.204220e+03 1.125190e+03 9.780070e+02 8.721940e+02 9.654000e+02 1.379900e+03 1.393620e+03 6.395280e+02 1.556360e+02 3.509610e+02 4.299730e+02 4.628330e+02 1.412420e+02 -9.147610e+01 -5.014850e+02 -7.205450e+02 -1.118720e+03 -1.457460e+03 -1.489540e+03 -1.486830e+03 -1.374460e+03 -1.517790e+03 -1.673370e+03 -1.867990e+03 -2.319800e+03 -2.861310e+03 -3.243550e+03 -3.515650e+03 -3.714340e+03 -3.812240e+03 -3.871660e+03 -3.878290e+03 -3.912580e+03 -3.944080e+03 -3.986230e+03 -4.038320e+03 -4.097920e+03 -4.213360e+03 -4.275040e+03 -4.276930e+03 -4.364690e+03 -4.402970e+03 -4.429430e+03 -4.477380e+03 -4.484100e+03 -4.512570e+03
7.640940e+01 7.853320e+02 1.652610e+03 4.938940e+02 7.920070e+02 1.037640e+03 1.752700e+03 1.834090e+03 1.549650e+03 1.244090e+03 1.070610e+03 7.305040e+02 6.834310e+02 3.199200e+02 5.145590e+02 6.116720e+02 3.966330e+02 -2.378870e+02 -7.347930e+02 -6.441690e+02 -6.928130e+02 -1.109970e+03 -1.527280e+03 -1.666730e+03 -1.682300e+03 -1.622050e+03 -1.686930e+03 -1.991350e+03 -2.255130e+03 -2.475890e+03 -2.744450e+03 -3.179350e+03 -3.555700e+03 -3.746790e+03 -3.841830e+03 -3.897100e+03 -3.890310e+03 -3.925700e+03 -3.991130e+03 -4.044430e+03 -4.051320e+03 -4.164540e+03 -4.285110e+03 -4.316040e+03 -4.303240e+03 -4.410880e+03 -4.447160e+03 -4.481350e+03 -4.513660e+03 -4.504720e+03 -4.522610e+03
-6.519880e+02 -3.738140e+02 1.214640e+03 9.454790e+02 6.053500e+02 1.322700e+03 1.506730e+03 1.398170e+03 1.267050e+03 7.442670e+02 3.882150e+02 4.591630e+02 2.808380e+02 1.980160e+02 4.280990e+02 9.313350e+01 -9.827700e+01 -9.414220e+02 -6.909530e+02 -7.639020e+02 -9.156010e+02 -1.122200e+03 -1.443890e+03 -1.651300e+03 -1.787610e+03 -1.847410e+03 -2.116290e+03 -2.273770e+03 -2.548690e+03 -2.818000e+03 -2.935710e+03 -3.232870e+03 -3.519500e+03 -3.765850e+03 -3.834300e+03 -3.845570e+03 -3.943270e+03 -3.999850e+03 -4.049840e+03 -4.097170e+03 -4.118780e+03 -4.155870e+03 -4.232820e+03 -4.315770e+03 -4.401470e+03 -4.437410e+03 -4.444770e+03 -4.495970e+03 -4.505360e+03 -4.588810e+03 -4.572140e+03
-9.433720e+02 -8.933360e+02 1.077920e+03 4.321660e+02 1.280410e+03 1.248940e+03 1.024140e+03 1.427930e+03 1.226590e+03 4.176870e+02 -6.199030e+01 1.938480e+02 1.340170e+02 9.563000e+01 -1.728770e+02 -3.834430e+02 -6.670710e+02 -1.393150e+03 -1.080360e+03 -5.664030e+02 -1.016500e+03 -1.135010e+03 -1.417140e+03 -1.630690e+03 -1.876680e+03 -1.976770e+03 -2.314450e+03 -2.538440e+03 -2.775720e+03 -2.964210e+03 -3.208870e+03 -3.490360e+03 -3.649100e+03 -3.825600e+03 -3.866170e+03 -3.894960e+03 -3.985330e+03 -4.030740e+03 -4.112660e+03 -4.131260e+03 -4.157200e+03 -4.213240e+03 -4.258450e+03 -4.376520e+03 -4.439530e+03 -4.417030e+03 -4.444810e+03 -4.525160e+03 -4.532790e+03 -4.654900e+03 -4.573860e+03
-9.520110e+02 -9.367330e+02 4.493170e+02 3.118970e+01 1.374440e+03 1.043680e+03 7.810700e+02 9.411000e+02 8.484620e+02 -5.945880e+00 -5.617460e+02 -2.865710e+02 -1.612740e+02 -3.085340e+02 -5.718140e+02 -7.377930e+02 -1.267280e+03 -1.539550e+03 -1.505540e+03 -1.340560e+03 -1.003910e+03 -1.138730e+03 -1.425450e+03 -1.667160e+03 -1.889910e+03 -2.088410e+03 -2.401370e+03 -2.758030e+03 -2.932030e+03 -3.161080e+03 -3.405340e+03 -3.623790e+03 -3.787980e+03 -3.834350e+03 -3.919250e+03 -3.942670e+03 -4.021630e+03 -4.083460e+03 -4.139070e+03 -4.154810e+03 -4.199740e+03 -4.297360e+03 -4.320860e+03 -4.447720e+03 -4.467080e+03 -4.431830e+03 -4.479730e+03 -4.542810e+03 -4.572280e+03 -4.596270e+03 -4.599430e+03
-8.478100e+02 -7.458650e+02 -2.219300e+02 1.975010e+01 7.701470e+02 8.388310e+02 9.465160e+01 1.029980e+02 -6.126380e+01 -6.489400e+02 -1.552000e+03 -9.490420e+02 -7.197080e+02 -7.409960e+02 -1.036040e+03 -1.214280e+03 -1.594480e+03 -1.061510e+03 -2.240510e+03 -2.755010e+03 -1.322960e+03 -1.201860e+03 -1.410280e+03 -1.700220e+03 -1.947700e+03 -2.212290e+03 -2.486720e+03 -2.904150e+03 -3.076100e+03 -3.297460e+03 -3.537680e+03 -3.668550e+03 -3.868490e+03 -3.835040e+03 -3.967930e+03 -3.977740e+03 -4.054490e+03 -4.116010e+03 -4.188550e+03 -4.223370e+03 -4.240570e+03 -4.355580e+03 -4.380900e+03 -4.501900e+03 -4.482450e+03 -4.482560e+03 -4.509700e+03 -4.536160e+03 -4.576660e+03 -4.484140e+03 -4.651750e+03
-6.238800e+02 -3.236940e+02 -2.837980e+02 -4.430500e+02 -3.258380e+02 4.231030e+02 -2.120040e+02 -4.987230e+02 -1.124710e+03 -2.475550e+03 -2.466080e+03 -1.424890e+03 -1.315800e+03 -1.384170e+03 -2.027230e+03 -1.443020e+03 -1.748030e+03 -1.487890e+03 -1.609630e+03 -1.751130e+03 -3.081960e+03 -1.568110e+03 -1.439440e+03 -1.915940e+03 -2.136790e+03 -2.419310e+03 -2.940310e+03 -2.955570e+03 -3.071540e+03 -3.335180e+03 -3.556310e+03 -3.761870e+03 -3.829540e+03 -3.913620e+03 -3.978680e+03 -4.017960e+03 -4.082950e+03 -4.160790e+03 -4.204680e+03 -4.222540e+03 -4.279490e+03 -4.357890e+03 -4.397020e+03 -4.469720e+03 -4.452290e+03 -4.454780e+03 -4.546990e+03 -4.505590e+03 -4.563490e+03 -4.565500e+03 -4.688590e+03
-6.749280e+02 -5.422130e+02 -7.288020e+02 -1.151010e+03 -1.414180e+03 1.643780e+02 -1.311840e+03 -2.220420e+03 -2.592570e+03 -2.736200e+03 -2.973460e+03 -2.676500e+03 -2.567460e+03 -1.991330e+03 -2.262450e+03 -1.384930e+03 -1.592810e+03 -1.538180e+03 -1.641820e+03 -1.743360e+03 -1.957690e+03 -2.050910e+03 -2.306570e+03 -1.976460e+03 -2.262430e+03 -2.654160e+03 -2.923350e+03 -3.527880e+03 -3.304660e+03 -3.495200e+03 -3.660870e+03 -3.763130e+03 -3.908800e+03 -3.961710e+03 -3.967140e+03 -4.099670e+03 -4.116140e+03 -4.239650e+03 -4.222500e+03 -4.271730e+03 -4.357140e+03 -4.392030e+03 -4.397810e+03 -4.487240e+03 -4.447590e+03 -4.546710e+03 -4.599320e+03 -4.555170e+03 -4.634130e+03 -4.625160e+03 -4.654070e+03
-1.008100e+03 -1.034460e+03 -1.358000e+03 -1.806540e+03 -1.955800e+03 -1.054550e+03 -2.200660e+03 -2.960220e+03 -3.100030e+03 -3.162960e+03 -3.146750e+03 -3.296810e+03 -3.137950e+03 -2.774690e+03 -2.655290e+03 -1.845770e+03 -1.567650e+03 -1.663600e+03 -1.766060e+03 -1.731100e+03 -1.730940e+03 -2.178430e+03 -2.730270e+03 -2.380590e+03 -2.712820e+03 -2.872920e+03 -2.987540e+03 -3.616750e+03 -3.494560e+03 -3.668900e+03 -3.728100e+03 -4.002670e+03 -3.907530e+03 -3.987290e+03 -4.014530e+03 -4.097550e+03 -4.141940e+03 -4.236290e+03 -4.273650e+03 -4.346650e+03 -4.399270e+03 -4.437140e+03 -4.429580e+03 -4.501780e+03 -4.530100e+03 -4.604110e+03 -4.600020e+03 -4.614120e+03 -4.698180e+03 -4.686370e+03 -4.678930e+03
-1.243780e+03 -1.487830e+03 -1.884560e+03 -2.307340e+03 -2.418250e+03 -2.733920e+03 -2.866600e+03 -3.013110e+03 -3.128580e+03 -3.192050e+03 -3.250020e+03 -3.353960e+03 -3.441330e+03 -3.455660e+03 -3.277790e+03 -3.078620e+03 -2.327210e+03 -1.786710e+03 -1.897100e+03 -1.780890e+03 -1.892270e+03 -1.906110e+03 -2.297340e+03 -3.038890e+03 -3.067190e+03 -2.982610e+03 -3.199150e+03 -3.414150e+03 -3.604680e+03 -3.822980e+03 -3.965140e+03 -3.922530e+03 -3.956180e+03 -4.023070e+03 -4.097310e+03 -4.079720e+03 -4.150150e+03 -4.276210e+03 -4.335430e+03 -4.364420e+03 -4.408510e+03 -4.486180e+03 -4.488000e+03 -4.531760e+03 -4.591920e+03 -4.623200e+03 -4.610920e+03 -4.696090e+03 -4.729590e+03 -4.739520e+03 -4.727230e+03
-1.462040e+03 -1.673490e+03 -2.055630e+03 -2.471270e+03 -2.660170e+03 -2.788850e+03 -2.913220e+03 -3.016760e+03 -3.102390e+03 -3.190560e+03 -3.308720e+03 -3.356120e+03 -3.405950e+03 -3.448700e+03 -3.481520e+03 -3.372030e+03 -2.691810e+03 -2.045780e+03 -1.782280e+03 -1.909440e+03 -2.139370e+03 -2.291940e+03 -2.699310e+03 -3.365560e+03 -3.309080e+03 -3.179010e+03 -3.435290e+03 -3.561470e+03 -3.779380e+03 -3.938740e+03 -3.988440e+03 -3.966330e+03 -3.990150e+03 -4.083700e+03 -4.151470e+03 -4.172870e+03 -4.228390e+03 -4.326620e+03 -4.383130e+03 -4.404790e+03 -4.448160e+03 -4.496290e+03 -4.556600e+03 -4.593870e+03 -4.641540e+03 -4.638130e+03 -4.689950e+03 -4.730810e+03 -4.715340e+03 -4.716410e+03 -4.723620e+03
-1.673140e+03 -1.817090e+03 -2.120850e+03 -2.472860e+03 -2.678450e+03 -2.815450e+03 -2.925660e+03 -3.051520e+03 -3.149140e+03 -3.257060e+03 -3.335130e+03 -3.372840e+03 -3.412930e+03 -3.441020e+03 -3.503590e+03 -3.403750e+03 -2.957570e+03 -2.320940e+03 -1.796480e+03 -2.745270e+03 -1.832460e+03 -2.467540e+03 -2.854340e+03 -3.627250e+03 -3.391310e+03 -3.410300e+03 -3.608540e+03 -3.743170e+03 -3.904420e+03 -3.971730e+03 -3.998410e+03 -4.000820e+03 -4.045010e+03 -4.131660e+03 -4.173030e+03 -4.232820e+03 -4.324490e+03 -4.387270e+03 -4.438140e+03 -4.432400e+03 -4.477070e+03 -4.553830e+03 -4.596350e+03 -4.643690e+03 -4.663430e+03 -4.666570e+03 -4.746470e+03 -4.709820e+03 -4.742410e+03 -4.745790e+03 -4.752190e+03
-1.802300e+03 -2.006810e+03 -2.254840e+03 -2.482180e+03 -2.703080e+03 -2.864990e+03 -2.978890e+03 -3.110560e+03 -3.229080e+03 -3.304710e+03 -3.347940e+03 -3.386690e+03 -3.426050e+03 -3.470210e+03 -3.530040e+03 -3.583780e+03 -3.125870e+03 -2.659210e+03 -1.957010e+03 -3.152300e+03 -1.798970e+03 -2.538000e+03 -3.087930e+03 -3.532760e+03 -3.542910e+03 -3.657260e+03 -3.778540e+03 -3.897530e+03 -3.999960e+03 -4.035470e+03 -4.036840e+03 -4.077270e+03 -4.111560e+03 -4.196420e+03 -4.213420e+03 -4.298630e+03 -4.393320e+03 -4.437390e+03 -4.463250e+03 -4.475880e+03 -4.512890e+03 -4.599350e+03 -4.637520e+03 -4.669800e+03 -4.695770e+03 -4.703160e+03 -4.722740e+03 -4.737360e+03 -4.772270e+03 -4.777590e+03 -4.787390e+03
-1.988370e+03 -2.182370e+03 -2.402230e+03 -2.542280e+03 -2.748680e+03 -2.956180e+03 -3.078330e+03 -3.177040e+03 -3.245770e+03 -3.310740e+03 -3.356290e+03 -3.392220e+03 -3.423290e+03 -3.521140e+03 -3.569610e+03 -3.602630e+03 -3.613540e+03 -2.985290e+03 -2.379800e+03 -2.622420e+03 -2.198280e+03 -2.667190e+03 -3.131810e+03 -3.503860e+03 -3.752950e+03 -3.945090e+03 -3.978320e+03 -4.001150e+03 -4.087690e+03 -4.127640e+03 -4.083420e+03 -4.159040e+03 -4.211030e+03 -4.244780e+03 -4.297700e+03 -4.389210e+03 -4.450660e+03 -4.483770e+03 -4.506150e+03 -4.538900e+03 -4.566080e+03 -4.624220e+03 -4.689340e+03 -4.682600e+03 -4.720290e+03 -4.717790e+03 -4.752940e+03 -4.753410e+03 -4.777790e+03 -4.805220e+03 -4.828060e+03
-2.098470e+03 -2.312750e+03 -2.525050e+03 -2.732490e+03 -2.937130e+03 -3.058410e+03 -3.154720e+03 -3.234920e+03 -3.293790e+03 -3.339080e+03 -3.391700e+03 -3.428470e+03 -3.468340e+03 -3.542970e+03 -3.568410e+03 -3.608540e+03 -3.659470e+03 -3.599680e+03 -3.309150e+03 -3.339710e+03 -3.275040e+03 -3.546910e+03 -3.732740e+03 -3.780880e+03 -3.833250e+03 -4.023430e+03 -4.080150e+03 -4.103110e+03 -4.148610e+03 -4.150440e+03 -4.231530e+03 -4.299200e+03 -4.322500e+03 -4.347340e+03 -4.394490e+03 -4.443310e+03 -4.496250e+03 -4.524310e+03 -4.535300e+03 -4.560230e+03 -4.610520e+03 -4.684730e+03 -4.731490e+03 -4.751730e+03 -4.761600e+03 -4.738290e+03 -4.757960e+03 -4.803980e+03 -4.794240e+03 -4.836890e+03 -4.848260e+03
-2.231530e+03 -2.435470e+03 -2.984880e+03 -2.966780e+03 -3.093070e+03 -3.150950e+03 -3.240330e+03 -3.300970e+03 -3.338330e+03 -3.371240e+03 -3.356780e+03 -3.467580e+03 -3.502590e+03 -3.561880e+03 -3.590530e+03 -3.647370e+03 -3.698300e+03 -3.742220e+03 -3.773310e+03 -3.764960e+03 -3.895980e+03 -3.930770e+03 -3.938710e+03 -3.984240e+03 -4.035870e+03 -4.108970e+03 -4.153070e+03 -4.205000e+03 -4.223770e+03 -4.249880e+03 -4.332930e+03 -4.393110e+03 -4.403310e+03 -4.433070e+03 -4.466400e+03 -4.496050e+03 -4.544600e+03 -4.578040e+03 -4.573830e+03 -4.600440e+03 -4.667520e+03 -4.725060e+03 -4.763720e+03 -4.796010e+03 -4.785060e+03 -4.757750e+03 -4.817520e+03 -4.824350e+03 -4.812690e+03 -4.875120e+03 -4.863290e+03
-2.359920e+03 -3.248330e+03 -3.795760e+03 -3.148590e+03 -3.227490e+03 -3.253640e+03 -3.338810e+03 -3.354200e+03 -3.374330e+03 -3.284950e+03 -3.223060e+03 -3.518300e+03 -3.518890e+03 -3.573410e+03 -3.619640e+03 -3.692760e+03 -3.765020e+03 -3.804140e+03 -3.838520e+03 -3.855160e+03 -3.951850e+03 -4.006870e+03 -4.062830e+03 -4.120250e+03 -4.161860e+03 -4.157710e+03 -4.199180e+03 -4.314000e+03 -4.327190e+03 -4.369110e+03 -4.384810e+03 -4.424320e+03 -4.454540e+03 -4.489720e+03 -4.509220e+03 -4.549690e+03 -4.598620e+03 -4.629570e+03 -4.636470e+03 -4.654320e+03 -4.700460e+03 -4.734940e+03 -4.785460e+03 -4.822740e+03 -4.816590e+03 -4.821270e+03 -4.821400e+03 -4.857850e+03 -4.864070e+03 -4.910030e+03 -4.880730e+03
-2.488220e+03 -2.704250e+03 -3.270920e+03 -3.148570e+03 -3.238000e+03 -3.276400e+03 -3.335850e+03 -3.376610e+03 -3.392350e+03 -3.350800e+03 -3.378350e+03 -3.480010e+03 -3.545150e+03 -3.598540e+03 -3.662830e+03 -3.745600e+03 -3.808000e+03 -3.842980e+03 -4.011750e+03 -3.857650e+03 -3.989900e+03 -4.038450e+03 -4.114180e+03 -4.177150e+03 -4.223630e+03 -4.242010e+03 -4.291500e+03 -4.366390e+03 -4.385780e+03 -4.408880e+03 -4.441200e+03 -4.470630e+03 -4.496220e+03 -4.532560e+03 -4.528590e+03 -4.582380e+03 -4.643460e+03 -4.664490e+03 -4.680350e+03 -4.711120e+03 -4.752590e+03 -4.773730e+03 -4.802910e+03 -4.834880e+03 -4.846850e+03 -4.845220e+03 -4.848390e+03 -4.889180e+03 -4.869760e+03 -4.920900e+03 -4.920760e+03
-2.587080e+03 -2.751610e+03 -2.977810e+03 -3.123690e+03 -3.246990e+03 -3.299230e+03 -3.353840e+03 -3.389140e+03 -3.394500e+03 -3.441210e+03 -3.491070e+03 -3.487690e+03 -3.573820e+03 -3.634240e+03 -3.701020e+03 -3.777540e+03 -3.833140e+03 -3.874120e+03 -4.088360e+03 -3.905290e+03 -4.039750e+03 -4.080110e+03 -4.162420e+03 -4.225390e+03 -4.276070e+03 -4.325620e+03 -4.372190e+03 -4.414670e+03 -4.430130e+03 -4.459800e+03 -4.487600e+03 -4.518050e+03 -4.533460e+03 -4.570640e+03 -4.570190e+03 -4.619860e+03 -4.675140e+03 -4.694360e+03 -4.714790e+03 -4.746390e+03 -4.778970e+03 -4.805670e+03 -4.820850e+03 -4.842130e+03 -4.854330e+03 -4.873050e+03 -4.899450e+03 -4.890180e+03 -4.892330e+03 -4.935770e+03 -4.938190e+03
