Code/Outputs/Output_20260204_161825/2.9_30_1000_rms_map_shift_60km.grd
DSAA
165 185
-4920000.000000 4920000.000000
-5520000.000000 5520000.000000
0.330646 30.535431
[rows 0 to 22 of 185, columns 104 to 155 of 165]
3.001277e+01 3.006094e+01 3.010987e+01 3.015261e+01 3.017992e+01 3.011068e+01 3.007240e+01 3.008153e+01 3.004597e+01 3.001216e+01 3.008121e+01 3.011513e+01 3.014713e+01 3.015892e+01 3.017591e+01 3.019263e+01 3.020572e+01 3.021852e+01 3.022013e+01 3.021212e+01 3.019748e+01 3.019897e+01 3.016974e+01 3.010576e+01 3.006092e+01 3.002906e+01 3.000741e+01 2.998955e+01 2.996097e+01 2.993758e+01 2.990262e+01 2.986486e+01 2.983281e+01 2.980046e+01 2.978378e+01 2.974359e+01 2.966793e+01 2.959826e+01 2.956594e+01 2.956855e+01 2.953817e+01 2.950626e+01 2.946256e+01 2.942292e+01 2.941646e+01 2.940878e+01 2.939671e+01 2.940964e+01 2.938631e+01 2.934365e+01 2.928864e+01 2.926260e+01
2.739709e+01 2.743604e+01 2.748419e+01 2.753480e+01 2.757900e+01 2.753370e+01 2.751352e+01 2.753342e+01 2.751337e+01 2.750012e+01 2.757782e+01 2.761477e+01 2.764401e+01 2.765909e+01 2.767625e+01 2.768956e+01 2.769811e+01 2.770408e+01 2.770053e+01 2.768542e+01 2.765826e+01 2.765247e+01 2.762119e+01 2.756470e+01 2.752454e+01 2.748909e+01 2.746387e+01 2.744064e+01 2.740988e+01 2.738283e+01 2.734741e+01 2.731808e+01 2.729521e+01 2.727745e+01 2.726975e+01 2.724205e+01 2.718412e+01 2.712099e+01 2.708940e+01 2.708912e+01 2.705558e+01 2.702767e+01 2.698947e+01 2.695737e+01 2.695238e+01 2.694937e+01 2.694006e+01 2.694698e+01 2.692053e+01 2.687151e+01 2.681570e+01 2.678532e+01
2.383889e+01 2.386717e+01 2.391482e+01 2.396771e+01 2.402296e+01 2.400384e+01 2.400090e+01 2.403413e+01 2.403048e+01 2.403741e+01 2.412515e+01 2.416587e+01 2.419221e+01 2.421155e+01 2.422790e+01 2.423767e+01 2.424244e+01 2.424405e+01 2.423701e+01 2.421784e+01 2.418407e+01 2.416993e+01 2.413786e+01 2.408902e+01 2.405282e+01 2.401565e+01 2.398912e+01 2.396328e+01 2.393203e+01 2.390171e+01 2.386944e+01 2.384771e+01 2.383476e+01 2.383160e+01 2.383216e+01 2.381663e+01 2.377470e+01 2.371974e+01 2.369126e+01 2.369328e+01 2.365843e+01 2.363517e+01 2.360224e+01 2.357590e+01 2.357082e+01 2.357055e+01 2.356292e+01 2.356951e+01 2.354215e+01 2.348729e+01 2.343489e+01 2.340225e+01
1.960259e+01 1.961863e+01 1.966517e+01 1.972505e+01 1.979884e+01 1.980615e+01 1.982196e+01 1.987237e+01 1.988713e+01 1.991514e+01 2.001522e+01 2.006084e+01 2.008393e+01 2.010716e+01 2.012212e+01 2.012968e+01 2.013164e+01 2.013406e+01 2.013068e+01 2.011530e+01 2.007919e+01 2.006157e+01 2.003363e+01 1.999069e+01 1.995924e+01 1.992221e+01 1.989648e+01 1.986976e+01 1.983876e+01 1.980541e+01 1.977710e+01 1.976002e+01 1.975675e+01 1.976356e+01 1.976768e+01 1.975662e+01 1.972475e+01 1.967636e+01 1.964745e+01 1.965340e+01 1.961904e+01 1.960242e+01 1.957703e+01 1.955651e+01 1.955173e+01 1.955493e+01 1.955117e+01 1.956413e+01 1.953790e+01 1.947879e+01 1.942909e+01 1.939818e+01
1.505841e+01 1.506111e+01 1.510536e+01 1.518287e+01 1.527851e+01 1.530851e+01 1.534360e+01 1.541094e+01 1.544216e+01 1.548906e+01 1.560103e+01 1.565211e+01 1.567159e+01 1.569749e+01 1.571109e+01 1.571474e+01 1.571455e+01 1.572516e+01 1.573845e+01 1.573933e+01 1.571358e+01 1.570372e+01 1.568564e+01 1.564885e+01 1.562488e+01 1.559036e+01 1.556703e+01 1.553985e+01 1.551046e+01 1.547283e+01 1.544752e+01 1.543549e+01 1.544114e+01 1.544955e+01 1.544557e+01 1.542554e+01 1.539092e+01 1.534265e+01 1.530721e+01 1.531160e+01 1.528145e+01 1.527389e+01 1.526090e+01 1.524882e+01 1.524522e+01 1.525480e+01 1.526085e+01 1.528227e+01 1.525798e+01 1.519556e+01 1.514701e+01 1.511937e+01
1.066557e+01 1.065558e+01 1.069674e+01 1.078642e+01 1.089303e+01 1.093522e+01 1.098146e+01 1.105753e+01 1.109130e+01 1.114399e+01 1.125803e+01 1.131441e+01 1.132931e+01 1.135702e+01 1.136621e+01 1.136299e+01 1.135709e+01 1.138087e+01 1.142197e+01 1.145128e+01 1.145174e+01 1.146114e+01 1.145754e+01 1.143493e+01 1.142258e+01 1.139453e+01 1.137484e+01 1.134666e+01 1.131797e+01 1.127490e+01 1.125534e+01 1.125142e+01 1.127176e+01 1.127619e+01 1.125149e+01 1.121088e+01 1.115979e+01 1.110478e+01 1.106248e+01 1.106085e+01 1.104264e+01 1.104565e+01 1.104785e+01 1.104730e+01 1.104758e+01 1.106265e+01 1.107913e+01 1.110570e+01 1.108054e+01 1.101351e+01 1.096724e+01 1.094227e+01
6.799694e+00 6.778673e+00 6.814860e+00 6.903535e+00 7.011084e+00 7.049627e+00 7.095966e+00 7.171990e+00 7.193979e+00 7.238183e+00 7.341061e+00 7.402148e+00 7.413992e+00 7.442408e+00 7.445043e+00 7.439391e+00 7.430258e+00 7.475389e+00 7.553485e+00 7.619376e+00 7.653756e+00 7.664507e+00 7.648886e+00 7.636097e+00 7.635677e+00 7.623349e+00 7.622209e+00 7.600263e+00 7.576626e+00 7.542923e+00 7.525275e+00 7.530124e+00 7.574057e+00 7.578887e+00 7.522094e+00 7.452318e+00 7.377856e+00 7.312936e+00 7.264306e+00 7.261856e+00 7.267862e+00 7.282169e+00 7.297315e+00 7.309820e+00 7.315431e+00 7.329580e+00 7.350417e+00 7.380306e+00 7.350554e+00 7.278081e+00 7.235241e+00 7.209514e+00
3.827436e+00 3.792568e+00 3.812371e+00 3.879011e+00 3.976474e+00 3.988686e+00 4.019358e+00 4.087420e+00 4.080196e+00 4.100417e+00 4.170902e+00 4.225513e+00 4.233212e+00 4.260831e+00 4.265646e+00 4.260107e+00 4.261996e+00 4.349474e+00 4.412712e+00 4.409937e+00 4.382370e+00 4.363170e+00 4.347947e+00 4.347257e+00 4.353761e+00 4.349222e+00 4.357657e+00 4.351571e+00 4.345026e+00 4.334946e+00 4.331124e+00 4.346095e+00 4.387546e+00 4.403491e+00 4.401425e+00 4.378190e+00 4.328199e+00 4.266547e+00 4.212575e+00 4.223795e+00 4.270024e+00 4.298401e+00 4.327669e+00 4.351269e+00 4.359445e+00 4.365942e+00 4.385309e+00 4.416318e+00 4.378582e+00 4.308167e+00 4.266831e+00 4.239868e+00
1.899618e+00 1.894911e+00 1.905208e+00 1.920636e+00 1.951193e+00 1.964178e+00 1.973827e+00 1.991831e+00 2.013597e+00 2.031675e+00 2.037596e+00 2.038681e+00 2.032167e+00 2.042776e+00 2.045220e+00 2.033406e+00 2.015266e+00 1.991753e+00 1.983446e+00 1.976455e+00 1.961387e+00 1.953370e+00 1.947904e+00 1.945663e+00 1.950691e+00 1.951446e+00 1.959503e+00 1.960991e+00 1.963021e+00 1.961715e+00 1.961884e+00 1.968182e+00 1.984398e+00 1.990126e+00 1.990538e+00 1.986306e+00 1.998392e+00 2.030268e+00 2.037550e+00 2.039782e+00 2.039588e+00 2.044553e+00 2.057736e+00 2.069080e+00 2.078544e+00 2.092919e+00 2.111897e+00 2.126441e+00 2.127623e+00 2.127093e+00 2.139990e+00 2.151312e+00
8.331628e-01 8.303909e-01 8.227400e-01 8.152265e-01 8.169211e-01 8.042355e-01 7.925733e-01 7.757725e-01 7.523021e-01 7.352308e-01 6.987445e-01 6.749218e-01 6.602300e-01 6.556204e-01 6.517854e-01 6.365092e-01 6.243952e-01 6.070113e-01 5.906004e-01 5.900882e-01 5.968618e-01 6.053732e-01 6.084477e-01 6.054430e-01 6.069242e-01 6.201012e-01 6.439397e-01 6.607059e-01 6.706358e-01 6.698358e-01 6.549905e-01 6.386044e-01 6.197491e-01 6.129794e-01 6.143135e-01 6.176922e-01 6.395233e-01 6.622669e-01 6.711129e-01 6.862826e-01 7.048699e-01 7.047904e-01 7.144163e-01 7.092241e-01 7.045496e-01 7.122200e-01 7.351339e-01 7.462331e-01 7.342849e-01 7.374823e-01 7.635029e-01 7.923262e-01
7.465421e-01 7.574610e-01 7.777173e-01 8.078944e-01 8.071558e-01 7.485005e-01 7.036389e-01 6.914550e-01 6.594818e-01 6.152160e-01 5.534153e-01 5.185711e-01 4.981613e-01 4.823141e-01 4.751031e-01 4.562379e-01 4.441059e-01 4.139179e-01 3.782257e-01 3.823420e-01 4.061715e-01 4.245636e-01 4.417543e-01 4.408334e-01 4.355008e-01 4.614383e-01 4.989356e-01 5.271336e-01 5.425964e-01 5.416631e-01 5.159859e-01 4.817798e-01 4.356115e-01 4.179165e-01 4.232701e-01 4.364195e-01 4.673232e-01 5.035885e-01 5.141819e-01 5.280471e-01 5.575583e-01 5.515554e-01 5.498866e-01 5.255142e-01 5.046559e-01 4.993343e-01 5.205982e-01 5.342675e-01 5.048459e-01 4.972493e-01 5.201861e-01 5.497866e-01
7.452412e-01 7.504485e-01 7.644873e-01 7.938998e-01 8.297419e-01 7.639146e-01 7.458623e-01 7.599988e-01 7.569140e-01 7.110221e-01 6.518212e-01 6.197870e-01 5.958706e-01 5.710847e-01 5.466674e-01 5.114892e-01 4.917301e-01 4.564208e-01 4.152462e-01 4.061382e-01 4.223980e-01 4.398901e-01 4.609452e-01 4.625024e-01 4.564218e-01 4.893332e-01 5.309918e-01 5.612154e-01 5.779879e-01 5.780423e-01 5.522421e-01 5.167338e-01 4.711273e-01 4.561137e-01 4.661006e-01 4.855021e-01 5.198448e-01 5.626865e-01 5.740103e-01 5.836363e-01 6.125500e-01 6.024181e-01 5.951945e-01 5.676577e-01 5.438180e-01 5.332470e-01 5.491140e-01 5.610591e-01 5.232273e-01 5.150457e-01 5.340026e-01 5.598036e-01
8.173108e-01 8.186628e-01 8.292675e-01 8.505613e-01 8.905580e-01 8.513679e-01 8.562222e-01 8.861451e-01 9.250703e-01 8.756071e-01 8.283821e-01 7.788014e-01 7.248901e-01 6.634870e-01 6.181774e-01 5.754844e-01 5.480478e-01 5.000602e-01 4.577111e-01 4.406062e-01 4.536297e-01 4.708114e-01 4.909185e-01 4.920912e-01 4.807974e-01 5.158274e-01 5.588124e-01 5.890775e-01 6.066047e-01 6.075297e-01 5.817571e-01 5.435906e-01 4.978553e-01 4.853598e-01 5.011717e-01 5.244059e-01 5.588518e-01 6.097359e-01 6.260665e-01 6.351051e-01 6.647583e-01 6.527141e-01 6.415779e-01 6.133595e-01 5.876649e-01 5.739722e-01 5.862997e-01 5.939615e-01 5.513323e-01 5.415377e-01 5.571673e-01 5.809829e-01
1.028948e+00 1.027151e+00 1.034285e+00 1.059212e+00 1.071336e+00 1.048576e+00 1.047500e+00 1.078348e+00 1.138494e+00 1.073481e+00 1.038647e+00 9.410374e-01 8.342345e-01 7.434853e-01 6.879970e-01 6.375256e-01 5.966776e-01 5.353094e-01 4.796895e-01 4.581188e-01 4.697353e-01 4.838963e-01 5.065336e-01 5.119870e-01 4.995001e-01 5.356385e-01 5.801484e-01 6.117379e-01 6.309580e-01 6.336163e-01 6.119380e-01 5.726257e-01 5.301985e-01 5.168352e-01 5.341221e-01 5.574402e-01 5.888863e-01 6.484919e-01 6.745110e-01 6.841438e-01 7.132116e-01 7.002626e-01 6.829290e-01 6.519336e-01 6.221441e-01 6.045412e-01 6.129366e-01 6.131303e-01 5.653230e-01 5.506816e-01 5.648341e-01 5.907249e-01
1.201139e+00 1.200633e+00 1.206756e+00 1.234682e+00 1.234409e+00 1.216405e+00 1.219193e+00 1.247914e+00 1.307007e+00 1.236169e+00 1.192020e+00 1.068771e+00 9.387748e-01 8.262839e-01 7.606172e-01 6.997157e-01 6.437040e-01 5.744451e-01 5.099083e-01 4.795205e-01 4.837865e-01 4.947090e-01 5.206883e-01 5.331862e-01 5.250255e-01 5.642498e-01 6.116800e-01 6.473421e-01 6.691604e-01 6.744292e-01 6.572855e-01 6.158414e-01 5.716418e-01 5.528138e-01 5.591535e-01 5.780617e-01 6.046160e-01 6.726535e-01 7.072881e-01 7.184549e-01 7.481539e-01 7.387850e-01 7.237426e-01 6.947918e-01 6.633340e-01 6.427387e-01 6.460431e-01 6.324211e-01 5.780851e-01 5.561359e-01 5.668530e-01 5.922401e-01
1.266725e+00 1.274517e+00 1.288823e+00 1.322119e+00 1.323532e+00 1.304577e+00 1.316613e+00 1.346693e+00 1.400545e+00 1.331778e+00 1.280039e+00 1.155858e+00 1.024581e+00 9.081264e-01 8.306345e-01 7.562224e-01 6.892430e-01 6.209873e-01 5.591361e-01 5.240731e-01 5.230437e-01 5.349449e-01 5.622033e-01 5.799259e-01 5.774773e-01 6.194455e-01 6.690534e-01 7.103065e-01 7.368626e-01 7.435250e-01 7.267110e-01 6.849650e-01 6.424650e-01 6.167905e-01 5.985236e-01 5.998026e-01 6.278286e-01 7.001997e-01 7.401271e-01 7.573702e-01 7.924375e-01 7.934369e-01 7.901186e-01 7.662404e-01 7.358112e-01 7.152492e-01 7.078559e-01 6.781573e-01 6.146541e-01 5.846550e-01 5.888037e-01 6.060413e-01
1.279226e+00 1.298685e+00 1.320734e+00 1.352915e+00 1.353492e+00 1.340835e+00 1.363050e+00 1.397830e+00 1.449653e+00 1.385785e+00 1.330193e+00 1.210147e+00 1.083320e+00 9.666605e-01 8.819624e-01 7.995556e-01 7.262348e-01 6.601811e-01 5.994100e-01 5.626944e-01 5.701307e-01 5.855194e-01 6.137153e-01 6.292907e-01 6.254438e-01 6.674433e-01 7.135351e-01 7.577319e-01 7.911614e-01 8.068441e-01 7.927863e-01 7.589403e-01 7.287457e-01 7.002472e-01 6.697675e-01 6.420565e-01 6.556377e-01 7.252599e-01 7.659501e-01 7.812330e-01 8.136957e-01 8.129523e-01 8.159980e-01 7.928346e-01 7.587707e-01 7.353455e-01 7.258267e-01 7.011340e-01 6.392063e-01 6.071669e-01 6.047127e-01 6.103173e-01
1.265191e+00 1.295629e+00 1.319962e+00 1.344918e+00 1.346406e+00 1.344521e+00 1.377868e+00 1.415438e+00 1.460342e+00 1.400644e+00 1.342801e+00 1.229859e+00 1.111384e+00 1.001770e+00 9.141963e-01 8.309794e-01 7.573106e-01 6.949493e-01 6.298829e-01 5.945737e-01 6.146186e-01 6.342388e-01 6.657650e-01 6.741444e-01 6.665926e-01 7.056073e-01 7.418618e-01 7.894362e-01 8.376032e-01 8.647273e-01 8.660552e-01 8.522400e-01 8.426285e-01 8.171571e-01 7.829731e-01 7.124359e-01 6.831597e-01 7.645310e-01 8.093530e-01 8.154638e-01 8.393820e-01 8.270676e-01 8.357650e-01 8.107644e-01 7.656244e-01 7.355380e-01 7.334749e-01 7.238561e-01 6.714612e-01 6.401103e-01 6.331850e-01 6.298094e-01
1.214235e+00 1.252285e+00 1.275851e+00 1.294836e+00 1.297587e+00 1.308693e+00 1.353753e+00 1.392482e+00 1.428516e+00 1.374351e+00 1.320809e+00 1.216812e+00 1.107491e+00 1.004420e+00 9.220561e-01 8.469619e-01 7.799544e-01 7.196591e-01 6.505984e-01 6.271016e-01 6.535799e-01 6.703661e-01 6.993530e-01 7.020672e-01 6.956829e-01 7.260744e-01 7.549519e-01 8.010399e-01 8.544582e-01 8.837930e-01 8.907057e-01 8.834089e-01 8.918992e-01 8.732946e-01 8.335599e-01 7.263215e-01 6.847625e-01 7.808994e-01 8.435320e-01 8.512218e-01 8.739286e-01 8.530593e-01 8.676238e-01 8.415846e-01 7.883264e-01 7.569397e-01 7.602134e-01 7.605122e-01 7.177705e-01 6.821815e-01 6.701206e-01 6.645333e-01
1.150185e+00 1.190137e+00 1.210762e+00 1.220399e+00 1.224309e+00 1.246897e+00 1.301404e+00 1.337914e+00 1.365852e+00 1.317152e+00 1.271132e+00 1.174794e+00 1.074594e+00 9.820666e-01 9.099316e-01 8.496747e-01 7.941793e-01 7.368233e-01 6.713893e-01 6.600208e-01 6.842364e-01 6.965295e-01 7.204992e-01 7.206134e-01 7.181185e-01 7.358983e-01 7.585921e-01 8.021895e-01 8.508484e-01 8.752939e-01 8.863764e-01 8.838273e-01 9.042525e-01 8.836041e-01 8.371264e-01 7.177078e-01 6.894355e-01 7.927947e-01 8.736337e-01 8.916203e-01 9.166359e-01 8.945054e-01 9.106041e-01 8.840970e-01 8.316055e-01 8.040514e-01 8.118493e-01 8.165894e-01 7.790609e-01 7.305108e-01 7.099324e-01 7.036135e-01
1.095871e+00 1.135959e+00 1.152505e+00 1.154194e+00 1.158163e+00 1.186668e+00 1.246054e+00 1.276488e+00 1.296364e+00 1.251224e+00 1.208778e+00 1.116682e+00 1.024750e+00 9.440635e-01 8.905190e-01 8.514777e-01 8.082418e-01 7.535297e-01 6.959342e-01 6.866841e-01 6.991644e-01 7.021372e-01 7.150714e-01 7.115088e-01 7.185389e-01 7.339986e-01 7.578581e-01 8.021382e-01 8.437353e-01 8.667127e-01 8.883632e-01 8.951907e-01 9.169906e-01 8.960032e-01 8.622577e-01 7.565682e-01 7.459689e-01 8.518603e-01 9.386156e-01 9.651965e-01 9.756994e-01 9.600076e-01 9.737018e-01 9.506842e-01 9.087994e-01 8.865949e-01 8.845213e-01 8.861499e-01 8.460376e-01 7.866675e-01 7.568465e-01 7.447469e-01
1.044231e+00 1.086607e+00 1.100199e+00 1.100945e+00 1.104960e+00 1.137884e+00 1.202556e+00 1.226702e+00 1.239887e+00 1.196720e+00 1.152944e+00 1.059298e+00 9.724285e-01 9.043706e-01 8.733367e-01 8.644041e-01 8.338920e-01 7.827748e-01 7.343014e-01 7.297983e-01 7.286174e-01 7.146354e-01 7.063679e-01 6.972309e-01 7.309702e-01 7.449012e-01 7.689620e-01 8.061905e-01 8.377973e-01 8.692306e-01 8.988278e-01 9.162125e-01 9.335490e-01 9.151331e-01 9.132293e-01 8.262296e-01 8.462045e-01 9.479235e-01 1.024702e+00 1.052181e+00 1.039739e+00 1.041205e+00 1.058238e+00 1.043244e+00 1.013203e+00 9.823552e-01 9.622774e-01 9.590976e-01 9.176909e-01 8.512732e-01 8.110394e-01 7.890253e-01
9.946395e-01 1.042333e+00 1.058480e+00 1.066419e+00 1.076259e+00 1.115350e+00 1.183830e+00 1.197541e+00 1.207167e+00 1.174908e+00 1.128748e+00 1.032945e+00 9.528739e-01 8.976502e-01 8.885825e-01 9.253040e-01 9.175522e-01 8.773747e-01 8.334927e-01 8.373144e-01 8.360260e-01 8.259271e-01 7.962196e-01 8.208077e-01 8.765095e-01 8.650557e-01 8.725001e-01 8.825144e-01 8.967719e-01 9.286391e-01 9.421956e-01 9.648516e-01 9.790577e-01 9.638232e-01 1.007582e+00 9.354918e-01 9.803600e-01 1.038814e+00 1.113694e+00 1.111024e+00 1.102145e+00 1.122701e+00 1.147262e+00 1.130989e+00 1.100288e+00 1.062279e+00 1.040297e+00 1.039094e+00 1.000168e+00 9.332236e-01 8.853594e-01 8.528601e-01
