Code/Results/Ref_30/2160/MW_30_2160_200/2.9_30_2160_rms_map_shift_80km.grd
DSAA
145 165
-4320000.0 4320000.0
-4920000.0 4920000.0
784.0270701259315 29144.239543101045
[rows 120 to 149 of 165, columns 0 to 66 of 145]
18002.5 15609.3 12837.8 9899.19 7054.43 4591.69 2815.24 1918.75 1748.35 1745.55 1719.9 1699.74 1686.53 1688.44 1711.72 1762.07 1841.47 1975.96 2090.14 2231.47 2433.24 2612 2816 3010.07 3211.57 3311.57 3457.73 3572.3 3645.1 3694.3 3712.82 3713.17 3712.1 3721.87 3734.45 3744.48 3757.6 3792.91 3876.36 4025.39 4232.68 4468.23 4691.25 4873.7 5013.67 5134.76 5243.03 5342.01 5425.22 5460.05 5372.11 5216.21 5017.83 4824.08 4658.89 4504.18 4327.68 4126.51 3913.41 3725.63 3568.91 3447.83 3373.86 3344.91 3329.45 3329.2 3338.51
17990.4 15598 12827.8 9890.12 7045.36 4580.8 2800.36 1910.21 1737.95 1733.89 1708.65 1686.89 1672.4 1673.47 1695.48 1743.87 1821.61 1949.4 2103.8 2279.51 2469.52 2595.82 2769.48 2913.57 3042.11 3123.27 3196.8 3235.97 3247.56 3250.74 3244.85 3242.74 3240.85 3242.83 3247.24 3264.89 3311.49 3399.59 3527.07 3687.83 3871.36 4064.89 4253.49 4419.28 4572.23 4729.52 4871.7 4992.4 5083.49 5133.06 5325.55 5163.45 4954.51 4750.71 4576.24 4416.74 4243.05 4051.48 3862.98 3702.45 3567.85 3463.89 3400.39 3379.33 3373.57 3384.36 3402.37
17979.4 15587.6 12818.5 9881.79 7037.22 4571.7 2789.13 1909.13 1733.34 1727.28 1702.38 1679.53 1665.04 1666.3 1687.19 1730.58 1795.65 1893.25 2034.58 2209.14 2402.72 2592.9 2759.46 2885.9 3000.16 3085.33 3144.55 3160.1 3158.41 3152.72 3142.88 3139.68 3135.63 3137.33 3144.01 3168.1 3223.25 3319.74 3452.94 3614.69 3793.79 3980.09 4161.81 4323 4477.64 4640.51 4785.99 4911.4 5005.32 5052.1 5295.11 5121.87 4906.5 4697.23 4516.94 4352.86 4180.66 4000.48 3827.63 3687.53 3571.63 3483.27 3430.99 3419.49 3423.81 3444.78 3470.87
17969.1 15578.4 12810.6 9875.09 7031.36 4566.33 2784.42 1917.08 1735.75 1728.22 1703.26 1679.82 1666.02 1669.24 1688.71 1722.66 1772.44 1857.63 1990.89 2163.8 2356.37 2540.16 2698.92 2821.12 2930.2 3010.92 3111.4 3152.35 3151.56 3146.35 3135.65 3131.29 3125.97 3128.37 3136.16 3162.34 3217.98 3312.38 3441.35 3597.86 3771.45 3951.36 4126.46 4281.61 4430.97 4590.61 4734.37 4860.22 4954.72 4997.42 5260.74 5081.23 4861.94 4648.8 4463.91 4295.78 4124.06 3953.53 3798.05 3673.81 3573.32 3498.76 3457.93 3456.78 3471 3500.4 3532.32
17961 15571.7 12805.7 9871.77 7029.67 4566.71 2788.41 1933.49 1744.28 1737.1 1711.86 1688.48 1674.58 1679.85 1698.78 1726.5 1772.67 1853.49 1981.74 2148.39 2328.54 2494.25 2640.49 2752.81 2853.09 2925.97 3019.26 3104.17 3111.89 3107.18 3096.01 3091.18 3084.14 3086.52 3095.67 3124.29 3182.86 3278.53 3406.62 3560.97 3731.67 3907.46 4077.21 4226.75 4371.05 4527.09 4668.63 4793.78 4887.89 4927.14 5211.19 5023.59 4797.36 4577.27 4385.69 4213.84 4044.23 3882.15 3739.97 3631.23 3547.88 3488.24 3460.88 3468.92 3491.05 3526.21 3561.16
17954.1 15566.9 12803.2 9871.54 7031.78 4571.89 2798.82 1951.77 1755.29 1750.77 1724.62 1701.02 1684.91 1690.59 1711.16 1736.84 1783.44 1865.84 1988.21 2137.17 2294.73 2438.78 2568.89 2666.29 2752.14 2812.59 2892.9 2970.49 3001.27 3001.07 2990.84 2982.56 2973.75 2976.69 2988.31 3020.33 3083.6 3184.01 3316.07 3473.66 3647.19 3824.59 3994.19 4142.07 4285.01 4439.43 4579.41 4702.96 4797.04 4835.99 5136.98 4939.54 4704.09 4474.54 4275.08 4100.49 3935.14 3783.05 3655 3562.18 3497.62 3454.4 3441.73 3458.51 3485.95 3523.71 3559.38
17948.4 15563.4 12802.4 9873.38 7036.23 4579.76 2812.43 1970.2 1769.91 1766.67 1738.2 1713.26 1695.21 1697.88 1717.98 1739.16 1781.79 1864.67 1970.81 2071.13 2187.21 2307.28 2437.96 2526.97 2595.3 2637.05 2698.14 2750.2 2771.96 2775.5 2765.18 2752.14 2744.08 2748.12 2764.13 2802.44 2873.47 2983.19 3125.66 3294.53 3479.58 3666.86 3843.86 3996.43 4142.59 4297.24 4436.81 4561.18 4655.46 4696.15 5035.72 4829.85 4584.62 4344.74 4137.2 3960.89 3802.26 3661.97 3548.9 3472.38 3426.3 3400.62 3400.64 3424.72 3455.07 3492.73 3527.1
17942.5 15559.9 12801.8 9875.36 7040.65 4587 2824.1 1985.38 1784.21 1781.49 1749.53 1722.33 1701.69 1699.66 1714.84 1727.91 1760.54 1833.18 1897.14 1951.39 2032.06 2130.79 2238.64 2317.67 2381.03 2405.41 2439.44 2462.96 2469.03 2467.93 2453.29 2436.38 2428.26 2433.3 2454.64 2501.79 2584.81 2709.31 2868.66 3055.44 3257.59 3459.51 3648.14 3809.25 3961.7 4118.82 4259.6 4385.32 4479.67 4521.57 4927.35 4714.9 4460.44 4210.08 3994.29 3817.38 3667.15 3540.14 3443.72 3383.8 3353.62 3342.38 3352.26 3381.05 3411.71 3446.83 3478.33
17935.7 15555.5 12800.1 9875.97 7042.87 4590.4 2829.08 1993.13 1791.84 1789.74 1754.14 1723.9 1700.62 1695.13 1705.89 1713.18 1735.33 1790.1 1820.19 1844.27 1897.78 1973.4 2049.21 2105.84 2150 2163.86 2184.55 2192.63 2189.31 2183.59 2163.99 2145 2136.55 2143.22 2170.19 2226.89 2322.96 2463.76 2641.1 2846.51 3065.31 3281.29 3480.93 3649.91 3809.59 3970.49 4112.3 4237.35 4330.13 4370.51 4834.34 4617.99 4356.36 4096.78 3874.63 3698.32 3557.5 3445.43 3366.12 3320.46 3302.09 3299.49 3314.48 3344.46 3372.21 3402.88 3431.45
17928.6 15550.7 12797.5 9875.2 7042.51 4589.18 2826.73 1992.97 1792.67 1790.82 1752.51 1718.68 1692.82 1684.75 1693.43 1698.35 1714.95 1760.05 1773.43 1778.62 1807.22 1857.02 1908.13 1950.19 1980.32 1985.62 2002.08 2004.19 1998.58 1991.29 1968.63 1948.25 1940.69 1950.24 1982.24 2046.08 2151.72 2304.37 2494.66 2713.36 2944.47 3171.03 3378.75 3552.77 3717.21 3881.64 4023.95 4147.36 4236.99 4276.41 4770.73 4555.74 4291.72 4027.19 3801.51 3627.36 3496.43 3398.77 3332.94 3296.39 3283.85 3283.99 3298.9 3325.68 3347.34 3372.26 3398.48
17922.7 15546.6 12795.3 9873.91 7040.17 4583.82 2817.89 1986.55 1790.28 1788.05 1747.36 1710.48 1681.51 1671.38 1678.96 1682.69 1695.61 1734.83 1743.63 1739.14 1751.07 1781.51 1815.9 1849.02 1875.42 1877.62 1893.52 1893.92 1888.35 1880.85 1856.23 1835.51 1829.59 1841.86 1876.61 1943.93 2054.93 2214.92 2412.93 2639.21 2877.5 3110.27 3322.26 3498.69 3665.23 3831.53 3974.71 4097.97 4185.87 4224.78 4741.22 4536.45 4278.86 4017.13 3792.54 3620.98 3496.19 3407.04 3348.07 3314.16 3301.27 3299.44 3310 3330.03 3343.4 3362.06 3386.25
17918.9 15544.4 12794.4 9873.03 7037.08 4575.9 2803.94 1974.29 1783.5 1780.36 1738.21 1699.88 1669.33 1658.2 1666.01 1670.53 1682.52 1718.9 1725.83 1718.05 1723.03 1746.31 1774.18 1802.91 1828.65 1831.34 1847.49 1847.06 1843.2 1833.9 1809.22 1789.18 1784.75 1798.01 1832.44 1899.66 2011.8 2174.12 2374.55 2603.31 2844.29 3079.14 3291.62 3468.08 3634.73 3801.87 3945.88 4069.7 4157.54 4196.39 4733.6 4552.84 4312.8 4063.62 3846.28 3678.04 3554.86 3466.43 3406.74 3369.76 3351.89 3344.23 3346.99 3357.52 3361.63 3373.32 3395.01
17917.3 15544.2 12795.3 9873.77 7035.08 4567.97 2788.1 1956.34 1767.11 1762.44 1719.21 1680.62 1651.52 1641.99 1651.25 1657.42 1669.29 1705.54 1711.32 1702.17 1706.58 1729.92 1757.72 1786 1812.07 1815.7 1831.54 1831.28 1827.36 1815.94 1792.21 1772.92 1768.82 1781.09 1812.89 1877.65 1987.73 2148.62 2347.78 2575.82 2816.59 3050.64 3261.09 3435.69 3601.18 3768.61 3913.73 4039.01 4127.46 4167.62 4709.46 4570.39 4360.64 4134.14 3931.34 3770.58 3649.46 3559.33 3495.2 3451.72 3425.89 3409.91 3402.65 3402.58 3397.7 3402.5 3421.19
17918.8 15546.9 12798.8 9877.15 7035.95 4563.03 2774.52 1940.5 1746.46 1740.8 1696.58 1658.14 1630.82 1623.39 1634.08 1639.77 1646.24 1678.07 1686.33 1674.32 1677.35 1701.19 1730.07 1759.35 1786.25 1790.42 1806.01 1805.32 1800.21 1787.54 1764.81 1746.35 1741.59 1751.56 1780.44 1842.45 1950.06 2109.3 2307.46 2534.21 2772.92 3003.47 3208.69 3379.41 3544.2 3712.63 3859.57 3986.56 4076.24 4117.37 4129.06 4550.58 4379.32 4184.67 4004.31 3857.76 3743.63 3654.45 3586.49 3536.02 3501.22 3476.48 3459.41 3450.21 3438.92 3438.53 3454.8
17924.5 15553.3 12805.9 9884.21 7041.28 4563.78 2766.79 1923.28 1730.44 1725.04 1680.75 1643.04 1617.31 1611.3 1622.54 1626.49 1625.75 1640.45 1649.7 1636.07 1635.14 1655.46 1682.93 1711.38 1738.27 1742.74 1758.64 1756.86 1747.89 1732.18 1710.18 1692.11 1685.64 1692.55 1718.49 1777.81 1883.45 2041.76 2240.84 2467.93 2703.76 2928.16 3125.06 3290.35 3454.85 3625.29 3775.22 3904.54 3995.62 4037.52 4561.69 4484.64 4347.43 4186.12 4032.39 3904.82 3802.56 3718.54 3649.76 3594.76 3553.16 3522.47 3499 3484.91 3471.7 3470.74 3486.95
17931.8 15561.1 12814.2 9893.16 7050.08 4569.89 2765.56 1911.8 1722.39 1718.13 1674.78 1638.34 1614.08 1609.06 1620.81 1623.25 1616.95 1615.83 1611.98 1596.57 1587.7 1599.65 1622.33 1648.2 1672.9 1674.64 1688.26 1690.28 1680.18 1659.3 1636.77 1617.66 1608.56 1610.73 1632.26 1688.09 1791.14 1948.73 2148.91 2375.88 2606.57 2821.67 3008.53 3166.67 3328.66 3500.23 3653.57 3787.17 3881.68 3925.08 3939.54 4363.29 4257.18 4127.07 4000.51 3892.95 3804.24 3728.24 3661.73 3605.85 3561.59 3529.49 3504.69 3489.95 3479.07 3481.7 3500.3
17936.4 15566.2 12820.3 9900.81 7059.4 4578.63 2768.15 1902.4 1718.78 1715.05 1672.25 1636.84 1614.02 1609.89 1622.38 1624.18 1615.33 1604.46 1592.46 1574.59 1557.59 1561.55 1577.6 1600.11 1623.07 1621.07 1627.21 1619.3 1607.17 1582.14 1557.87 1536.55 1522.45 1517.47 1532.28 1585.35 1686.76 1843.18 2040.33 2261.45 2481.9 2683.28 2856.16 3002.92 3157.12 3326.16 3481.06 3618.71 3717.75 3764.9 4211.18 3803.55 4099.04 3998.46 3898.02 3811.01 3737.24 3671.04 3609.38 3556.18 3513.98 3485.54 3465.08 3455.8 3452.86 3462.38 3485.24
17934.5 15565.4 12821.4 9905.22 7067.39 4587.2 2769.27 1885.95 1709.48 1703.16 1657.53 1621.65 1600.63 1597.21 1610.23 1612.72 1603.83 1588.54 1569.1 1552.63 1535.48 1536.24 1550.03 1572.26 1597.72 1596.24 1592.75 1572.63 1553.83 1527.31 1501.39 1478.13 1459.96 1449.78 1459.68 1509.52 1606.37 1756.29 1943.63 2149.4 2351.64 2530.92 2683.06 2814.81 2958.44 3121.36 3273.02 3409.26 3509.78 3559.53 3954.92 3936.86 3881.12 3807.41 3732.3 3666.36 3608.22 3553.77 3499.62 3452.36 3416.02 3394.28 3382.19 3381.36 3387.61 3404.79 3432.15
17925.5 15558.5 12818 9906.88 7074.18 4594.85 2766.04 1857.59 1674.48 1658.21 1606.68 1573.28 1559.48 1546.18 1559.38 1563.72 1627.58 1621.26 1606.16 1596.71 1478.76 1478.75 1491.87 1511.82 1528.4 1529.67 1511.44 1487.54 1463.85 1439.16 1413.01 1388.87 1369.69 1358.79 1367.24 1412.99 1500.85 1637.6 1809.17 1994.87 2174.49 2330 2461.24 2580.02 2714.77 2867.96 3011.95 3141.69 3237.9 3288.01 3307.33 3632.83 3598.26 3550.51 3501.02 3458.64 3419.79 3381.77 3340.55 3305.05 3279.97 3268.57 3266.53 3274.14 3288.6 3312.35 3343.77
17913.8 15550.7 12815.9 9912.36 7087.11 4610.35 2770.59 1832.31 1619.43 1591.44 1532.24 1488.44 1473.16 1479.07 1501.13 1522.86 1532.05 1524.52 1504.13 1482.04 1391.42 1382.07 1387.41 1398.64 1406.2 1405.06 1381.38 1355.82 1331.76 1309.9 1285.17 1262.76 1245.66 1236.86 1244.17 1283.31 1356.33 1473.41 1622.58 1786 1942.52 2078.34 2197.16 2308.02 2432.27 2567.64 2696.68 2816.33 2902.17 2949.1 2969.37 2989.98 3004.01 3013.17 3018.08 3020.55 3177.59 3158.5 3133.74 3113.61 3102.46 3102.95 3110.83 3125.99 3146.96 3175.42 3209.18
17905.4 15548 12821.3 9928.1 7113.64 4643.96 2799.51 1834.91 1575.68 1534.88 1467.19 1413.86 1380.31 1367.5 1408.04 1425.73 1433.35 1425.27 1403.25 1375.36 1354.58 1294.52 1293.99 1300.47 1304.74 1300.78 1275.6 1250.75 1228.86 1210.02 1188.67 1170.3 1157.23 1150.81 1154.98 1182.73 1235.92 1326.8 1445.32 1579.25 1709.53 1825.71 1933.83 2038.9 2150.75 2262.48 2368.24 2470.37 2542.57 2584.66 2604.54 2624.56 2636.75 2645.32 2651.26 2655.95 2658.54 2664.56 2668.95 2685.12 2714.22 2751.65 2892.74 2914.97 2941.02 2972.46 3006.29
17904 15554.4 12838.3 9958.59 7159.19 4703.35 2865.28 1884.52 1570.74 1513.57 1436.91 1371.83 1324.13 1299.69 1299.37 1349.41 1352.78 1343.38 1321.48 1292.89 1269.55 1259.9 1266.54 1247.07 1251.75 1247.09 1223.03 1199.85 1179.95 1163.5 1145.21 1130.02 1118.65 1111.74 1111.55 1127.62 1160.78 1223.25 1309.01 1409.52 1510.04 1602.13 1695.53 1794.28 1895.06 1985 2067.16 2150.98 2212.83 2252.15 2270.62 2289.02 2298.95 2307.65 2315.35 2322.03 2326.55 2335.4 2342.77 2361.04 2391.09 2428.51 2466.39 2501.16 2539.44 2581.3 2620.44
17909.9 15569.7 12866.5 10003.3 7223.31 4788.16 2967.58 1968.62 1615.07 1538.76 1450.88 1371.62 1307.16 1267.05 1254.01 1303.96 1299.51 1286.3 1263.19 1234.5 1210.94 1200.43 1208.25 1225.42 1225.13 1221.66 1200.24 1179.15 1160.83 1145.56 1128.06 1113.65 1101.79 1093.35 1089.96 1099.01 1118.75 1158.72 1216.06 1284.34 1351.61 1415.87 1490.32 1581.29 1674.59 1750.95 1816.95 1889.14 1945.54 1983.51 1999.29 2014.37 2021.89 2030.25 2039.2 2046.91 2052.25 2062.51 2071.64 2090.83 2120.2 2157.04 2195.25 2231.74 2269.68 2311.04 2349.16
17920.4 15590.7 12901.6 10056.7 7298.55 4887.69 3089.71 2074.84 1691.26 1595.08 1494.56 1400.71 1319.61 1262.85 1235.8 1219 1270.49 1249.88 1222.1 1190.65 1165.46 1153.67 1160.49 1179.31 1204.87 1206.4 1188.58 1170.18 1153.51 1138.96 1121.59 1107.48 1096.45 1088.59 1084.99 1090.74 1102.58 1127.86 1161.74 1203.07 1242.29 1282.83 1338.59 1413.24 1495.28 1562.14 1620.29 1685.85 1737.48 1771.13 1781.97 1793.83 1799.83 1807.2 1815.94 1823.59 1829.04 1840.78 1850.94 1871.02 1899.94 1937.11 1977.44 2017.09 2056.93 2096.75 2131.71
17932.7 15614 12939.8 10114.3 7379.5 4994.59 3220.89 2192.85 1784.26 1668.91 1555.07 1446.26 1348.63 1274.91 1233.13 1204.95 1186.63 1226.03 1189.74 1151.48 1120.88 1104.68 1108.12 1124.41 1149.33 1182.78 1175.23 1160 1145.86 1132.94 1116.79 1104.5 1096.55 1092.05 1091.09 1096.46 1103.69 1119.44 1139.79 1165.23 1191.38 1222.11 1269.97 1331.41 1395.27 1446.6 1493.25 1548.34 1590.46 1616.27 1621.97 1631.23 1635.8 1643.51 1652.01 1659.85 1665.97 1679.05 1690.34 1711.55 1741.37 1780.11 1823.53 1866.05 1908.36 1949.22 1983.94
17941.3 15633 12973 10165.8 7452.58 5090.66 3336.57 2291.66 1862.32 1729.48 1604.71 1484.16 1373.46 1286.01 1231.79 1193.33 1167.2 1208.48 1162.82 1115.81 1077.11 1053.55 1050.9 1062.62 1084.36 1115.62 1155.98 1146.52 1135 1124.51 1110.72 1101.5 1098.48 1098.35 1101.33 1109.27 1116.2 1127.38 1142.25 1161.49 1183.25 1212.7 1259.79 1319.3 1374.52 1413.76 1448.17 1489.92 1522.79 1545.19 1549.09 1559.66 1565.65 1574.44 1583.51 1592.29 1599.47 1613.81 1626.17 1647.97 1678.51 1718.28 1762.89 1805.7 1846.98 1885.89 1919.04
17944.6 15646 12999.2 10208.9 7515.21 5173.48 3435.12 2372.77 1924.77 1776.86 1643.81 1513.94 1392.63 1293.94 1229.87 1182.46 1148.91 1131.54 1142.33 1086.85 1039.37 1006.93 996.346 1001.99 1019.79 1048.48 1087.03 1141.77 1120.74 1113.44 1103.03 1097.78 1100.25 1104.71 1111.89 1122.77 1131.86 1142.9 1156.72 1174.64 1195.71 1224.29 1268.77 1327.93 1383.29 1421.48 1453.68 1491.57 1523.61 1548.06 1551.73 1564.34 1572.89 1583.72 1594.06 1604.07 1612.81 1628.19 1641.16 1662.65 1692.48 1731.46 1774.33 1814.28 1850.89 1883.57 1911.32
17941.8 15651.9 13016.5 10240.8 7563.67 5238.35 3511.11 2429.96 1965.61 1805.44 1666.53 1530.06 1401.84 1295.39 1225.06 1170.86 1131.31 1109.92 1098.28 1067.28 1012.15 970.934 951.759 950.361 963.463 989.12 1025.23 1078.44 1144.78 1101.74 1095.26 1094.23 1101.93 1110.9 1121.87 1135.64 1146.9 1159.35 1174.15 1192.23 1212.56 1238.01 1274.5 1323.84 1373.95 1411.25 1444.77 1483.72 1517.3 1544.1 1548.91 1564.48 1577.16 1591.23 1603.67 1615.98 1626.91 1644.04 1658.02 1679.37 1708.25 1745.5 1785.53 1821.34 1851.15 1875.31 1895.23
17933.4 15651 13025.5 10262.2 7599.07 5287.14 3567.76 2467.52 1988.52 1818.03 1675.63 1535.42 1403.53 1292.69 1219.28 1160.14 1116.19 1091.74 1079.69 1055.02 996.842 948.092 920.975 912.586 920.696 942.833 975.914 1026.82 1091.82 1090.71 1087.67 1090.37 1102.28 1114.64 1128.36 1144.48 1157.47 1170.33 1185.89 1203.93 1223 1244.45 1272.45 1306.93 1344.22 1378.32 1412.66 1453.26 1486.43 1511.44 1518 1536.51 1554.01 1572.43 1588.76 1604.73 1619.58 1639.74 1655.65 1677.58 1705.69 1741.13 1778.47 1810.03 1833.54 1850.74 1864.06
17920.7 15645.1 13028.3 10275.8 7624.86 5324.15 3610.47 2494.45 1999.09 1820.31 1676.02 1534.06 1400.62 1287.78 1213.44 1150.79 1103.74 1076.59 1063.53 1042.48 989.792 935.852 902.45 888.149 891.81 910.493 940.325 988.523 1051.36 1116.29 1078.33 1083.54 1098.45 1113.67 1129.54 1147.41 1161.35 1175.06 1191.12 1208.35 1226.05 1243.82 1266.44 1291.7 1319.75 1347.77 1379.22 1417.91 1447.29 1469.99 1480.45 1503.45 1525.37 1548.2 1569.01 1588.7 1607.53 1631.62 1649.84 1672.39 1699.43 1732.86 1768.14 1796.45 1816.47 1830.1 1840.44
