Code/Results/Ref_30/2160/MW_30_2160_200/2.9_30_2160_rms_map_shift_80km.grd
DSAA
145 165
-4320000.0 4320000.0
-4920000.0 4920000.0
784.0270701259315 29144.239543101045
[rows 60 to 89 of 165, columns 0 to 66 of 145]
22648.9 19880.9 16647.5 13184.5 9788.36 6779.96 4410.38 3016.26 2542.56 2477.71 2473.23 2473.8 2463.17 2470.36 2416.72 2166.68 2064.24 2035.84 2001.27 1975.7 1976.22 1983.54 1981.95 1996.21 2005.38 2023.57 2039.52 2064.83 2073.11 2113.09 2158.8 2187.78 2203.09 2267.66 2451.91 2899.61 3532.61 4024.01 4226.95 4264.55 4286.05 4294.25 4278.75 4247.61 4220.5 4209.52 4213.23 4228.69 4256.55 4271.83 4289.59 4277.48 4258.91 4244.28 4223.78 4185.25 4148.79 4088.58 4016.39 3948.09 3875.52 3792.31 3734.16 3707.26 3710.93 3740.42 3782.34
22614.5 19851.2 16621.3 13164 9773.03 6778.5 4424.77 3050.87 2592.83 2529.55 2527.21 2528.11 2519.94 2528.22 2485.4 2230.38 2124.63 2096.43 2062.94 2039.48 2039.34 2042.36 2032.18 2041.15 2048.63 2067.24 2082.8 2107.18 2106.83 2142.24 2183.09 2204.25 2214.06 2274.79 2465 2958.81 3672.32 4185.24 4365.56 4390.27 4399.97 4398.97 4374.64 4333.17 4296.09 4278.71 4275.95 4284.24 4304.37 4312.36 4320.96 4299.59 4276.01 4260.53 4238.43 4198.6 4154.28 4084.76 4002.68 3924.78 3838.47 3738.42 3665.09 3630.35 3631.9 3660.93 3706.22
22572.7 19813.3 16587.2 13136.8 9753.74 6775.82 4446.02 3096.19 2655.51 2593.11 2590.74 2592.26 2584.68 2594.5 2562.21 2312.62 2210.33 2184.64 2151.74 2125.72 2121.88 2120.28 2103.41 2107.22 2111.39 2128.53 2143.11 2166.66 2161.24 2190 2229.11 2243.83 2246.98 2299.94 2490.81 3022.26 3825.8 4356.05 4515.3 4534.01 4541.15 4541.16 4518.07 4476.76 4437.48 4418.51 4408.35 4402.19 4404.62 4397.51 4390.84 4353.22 4315.81 4291.66 4262.2 4216.71 4164.03 4085.41 3992.26 3902.81 3802.38 3684.17 3591.91 3544.52 3539.82 3567.03 3615.15
22528.5 19773.7 16551.6 13108 9735.35 6774.08 4470.72 3150.93 2727.17 2667.23 2665.4 2664.45 2656.78 2668.83 2655.67 2425.87 2330.63 2302.28 2269.46 2240.6 2231.5 2224.98 2208.78 2210.67 2211.6 2226.09 2240.14 2260.25 2253.86 2277.11 2312.7 2322.74 2321.14 2364.26 2548.99 3092.27 3974.45 4537.51 4693.87 4719.1 4731.95 4740.89 4730.9 4699.37 4664.42 4646.97 4626.85 4600.24 4580.12 4556.03 4532.24 4473.95 4415.51 4374.39 4331.32 4275.93 4214.61 4127.24 4021.27 3918.03 3803.53 3668.83 3556.62 3491.42 3474.15 3495.43 3543.01
22488.7 19741.6 16526 13091.1 9729.1 6788.04 4514.01 3223.41 2817.47 2759.86 2758.85 2758.8 2759.69 2774.27 2769.03 2549.17 2460.3 2432.17 2403.44 2373.6 2360.29 2353.25 2341.89 2346.12 2345.02 2356.32 2369.38 2387.46 2390.5 2418.06 2451.72 2462.69 2458.19 2494.63 2669.81 3216.13 4148.9 4749.8 4921.3 4962.28 4985.77 5009.52 5017.65 5002.8 4977.21 4960.28 4927.18 4878.99 4839.37 4801.94 4762.82 4683 4599.74 4538.03 4481.15 4419.37 4351.71 4255.21 4135.21 4016.24 3889.33 3743.47 3615.3 3533.17 3500.47 3507.56 3544.5
22442.8 19703.2 16496.4 13069.4 9719.81 6793.48 4533.35 3258.5 2862.65 2803.08 2804.04 2813.05 2827.95 2847.71 2845.07 2635.92 2546.78 2527.69 2501.2 2472.97 2457.41 2454.46 2450.41 2452.53 2457.74 2471.81 2490.61 2519.06 2540.88 2584.1 2628.04 2648.51 2649.88 2681.04 2850.62 3377.65 4342.2 4982.46 5173.37 5229.04 5266 5306.5 5339.2 5354.49 5348.92 5335.78 5290.5 5223.94 5169.28 5121.74 5067.58 4967.34 4862.75 4785.1 4720.44 4659.18 4590.09 4485.74 4351.66 4215.84 4079.14 3927.82 3791.58 3697.26 3649.3 3637.73 3658.15
22395.4 19661.7 16463 13045.4 9706.41 6794.13 4554.02 3300.49 2909.17 2847.83 2853.93 2868.52 2888.78 2911.48 2916.83 2721.26 2643.26 2639.01 2620.94 2594.74 2580.88 2581.1 2578 2581.57 2595.2 2620.41 2649.32 2692.26 2732.99 2786.05 2836.96 2868 2878.52 2910.33 3062.83 3555 4512.38 5182.14 5400.93 5474.42 5524.25 5580.16 5638.91 5691.9 5715.1 5711.35 5656 5571.23 5500.99 5439.41 5368.13 5249.57 5129.86 5042.97 4975.95 4918.91 4851.11 4743.03 4600.96 4453.63 4308.84 4151.37 4006.43 3900.87 3839.65 3810.55 3811.81
22351.6 19621.3 16429 13018.5 9685.89 6777.17 4548.54 3317.85 2932.79 2872.41 2883.9 2904.34 2931.57 2958.11 2971.4 2786.26 2722.78 2734.04 2721.29 2700.6 2688.61 2689.41 2687.39 2698.89 2724.04 2761.12 2804.58 2869.38 2926.44 2984.22 3036.49 3071.32 3085.99 3131.3 3286.72 3744.45 4658.15 5324.66 5567.09 5659.15 5722.67 5795.08 5877.08 5966.14 6024.96 6033.6 5969.25 5868.36 5781.16 5702.56 5613.82 5481.66 5353.6 5262.34 5193.97 5137.32 5069.91 4961.36 4819.77 4671.45 4523.96 4361.69 4207.23 4089.05 4014.73 3971.02 3956.69
22314.4 19588.8 16403.3 13000.1 9671.89 6771.15 4552.79 3332.16 2946.98 2888.85 2905.74 2933.31 2967.65 2997.44 3018.95 2850.18 2804.1 2817.78 2807.22 2790.84 2781.23 2782.59 2784.45 2802.96 2835.64 2884.51 2944.37 3026.56 3089.96 3144.68 3191.32 3224.51 3236.21 3286.18 3452.1 3890.9 4761.29 5401.77 5659.82 5766.51 5842.64 5931.1 6033.35 6146.8 6232.24 6253.44 6186.17 6076.11 5975.93 5883.39 5781.27 5641.37 5508.54 5412.01 5337.82 5275.66 5205.24 5098.51 4966.09 4827.63 4686.99 4526.29 4366.05 4237.28 4152.04 4097.09 4072.35
22283.9 19563.2 16383.3 12986.9 9663.88 6771.71 4560.87 3344.47 2960.31 2904.28 2926.83 2958.23 2997.52 3030.6 3059.87 2907.71 2870.15 2881.73 2871.81 2857.51 2848.69 2849.09 2853.58 2876.77 2914.89 2970.81 3037.6 3126.64 3190.03 3240.4 3282.64 3312.59 3320.46 3367.55 3530.92 3958.06 4796.66 5410.82 5679.43 5794.85 5880.44 5983.01 6102.29 6231.02 6333.02 6372.37 6312.59 6202.98 6098.16 5999.78 5890.56 5745.24 5606.48 5500.32 5416.58 5345.74 5270.97 5168.27 5050.95 4930.37 4804.75 4653.03 4494.09 4359.8 4266.31 4202.1 4169.57
22256.6 19540.1 16363.9 12972.2 9655.35 6769.28 4563.47 3354.5 2972.95 2918.94 2941.82 2977.08 3019.27 3054.75 3090.2 2945.92 2908.45 2918.17 2908.03 2894.19 2882.92 2883.08 2888.61 2913.77 2950.97 3005.62 3071.91 3160.38 3222.96 3271.68 3310.29 3337.54 3343.42 3386.61 3549.28 3971.02 4787.94 5381.86 5655.07 5775.27 5868.83 5984.1 6117.56 6257.85 6372.34 6430.62 6383.91 6281.41 6179.41 6081.25 5969.24 5818.13 5669.13 5548.72 5451.77 5371.22 5293.54 5196.52 5094.43 4992.76 4885.48 4747.06 4594.32 4458.17 4357.52 4284.58 4246.5
22230.8 19517.6 16344.3 12955.2 9642.81 6756.13 4555.4 3351.99 2969.68 2915.99 2938.57 2976.05 3020.38 3057.24 3096.93 2954.05 2916.91 2926.51 2916.67 2903.48 2893.82 2893.05 2897.11 2921.94 2955.69 3008.28 3073.63 3162.12 3226.47 3274.69 3311.05 3335.18 3341.07 3380.41 3545.59 3964.76 4773.85 5353.94 5622.93 5741.57 5839.16 5962.94 6105.39 6252.89 6377.03 6452 6421.78 6330.4 6236.68 6141.75 6027.93 5867.49 5702.44 5565.23 5455.49 5368.66 5291.07 5199.43 5109.07 5020.34 4926.58 4799.27 4652.35 4514.3 4405.81 4323.83 4279.85
22201 19492.2 16323.3 12939 9633.5 6748.67 4555.88 3356.01 2974.89 2921.22 2943.77 2982.68 3026.9 3064.4 3105.74 2963.84 2928.65 2940.83 2930.75 2918.48 2909.28 2905.45 2905.46 2926.64 2958.78 3009.18 3073.58 3162.26 3228.48 3277.81 3314.74 3337.35 3341.54 3375.79 3544 3967.19 4781.96 5352.68 5609.45 5719.63 5815.21 5942.2 6089.24 6241.63 6373.77 6462.12 6446.53 6366.62 6282.08 6189.57 6070.33 5896.38 5712.54 5559.5 5442.45 5355.45 5282.25 5196.1 5113.64 5029.86 4940.34 4817.68 4673.87 4532.71 4415.52 4322.72 4270.44
22194.5 19469.6 16303.9 12923.7 9622.35 6737.85 4549.06 3350.84 2970.49 2918.6 2943.05 2982.12 3027.44 3065.51 3108.11 2968.93 2934.34 2946.35 2935.5 2922.53 2911.66 2907.01 2905.4 2924.1 2953.44 3002.02 3065.22 3152.78 3219.37 3270.55 3310.14 3333.33 3334.79 3368.6 3534.5 3960.63 4791.91 5368.1 5611.6 5709.84 5799.31 5925.29 6074.12 6229.8 6368.76 6467.39 6462.95 6392.83 6315.28 6222.2 6094.37 5903.36 5700.33 5537.32 5419.7 5337.74 5271.37 5191.26 5114.32 5031.4 4941.71 4821.21 4680.62 4538.05 4413.61 4309.81 4247.52
22092.6 19468.3 16282.8 12905.1 9608.87 6727.91 4544.13 3348.48 2969 2919.13 2945.06 2985.46 3032.18 3068.8 3112.22 2973.42 2936.82 2946.73 2935.81 2922.41 2911.58 2905.24 2901.84 2917.57 2944.78 2988.6 3049.38 3135.57 3203.12 3255.23 3297.57 3322.82 3324.9 3357.59 3520.38 3945.21 4786.33 5378.92 5612.33 5698.73 5780.27 5903.58 6053.9 6213.57 6358.83 6464.88 6468.33 6404.12 6328.15 6228.01 6088.61 5884.57 5669.07 5499.78 5385.67 5308.1 5247.06 5172.25 5101.22 5020.56 4933.54 4818.76 4685.39 4545.62 4417.83 4306.23 4235.48
21969.7 19356.3 16346.7 12884.8 9592.49 6715.59 4536.89 3343.22 2965.27 2916.18 2942.71 2982.96 3030.59 3068.83 3110.55 2969.55 2931.56 2938.86 2924.25 2911.23 2898.65 2890.88 2886.04 2900.23 2923.83 2965.15 3025.14 3109.1 3175.1 3228.03 3271.5 3298.25 3306.38 3340.17 3501.15 3927.06 4780.95 5388.2 5611.82 5687.26 5761.42 5882.57 6034.03 6197.22 6347.16 6457.88 6465.57 6402.32 6322.78 6211.16 6060.67 5854.09 5638.68 5468 5355.57 5276.98 5214.23 5140.69 5074.27 4996.81 4914.93 4808.94 4686.36 4553.94 4428.64 4315.85 4241.96
21831 19227.3 16236.9 12866.3 9578.45 6707.53 4533.88 3347.99 2976.4 2929.29 2956.09 2996.17 3044.02 3082.61 3123.91 2985.66 2946.45 2949.19 2935.32 2922.49 2909.12 2900.56 2894.23 2905.49 2928.99 2971.36 3027.04 3107.71 3171.26 3222.44 3265.06 3293.07 3301.64 3335.8 3496.08 3924.84 4794.98 5409.42 5622.18 5687.97 5755.92 5873.44 6023.18 6186.58 6338.23 6449.97 6457.99 6390.26 6304.88 6184.77 6028.46 5827.39 5622.82 5455.02 5339.51 5252.58 5179.65 5101.99 5036.81 4961.12 4883.51 4785.67 4674.02 4551.24 4433.59 4326.55 4256.22
21680 19086 16111.6 12841.6 9558.99 6691.4 4522.24 3344.25 2979.41 2934.73 2962.12 3003.22 3051.29 3088.37 3129.58 2993.43 2954.06 2958.07 2945.7 2936.43 2924.17 2915.23 2908.31 2921.77 2949.07 2994.89 3051.69 3129.55 3188.34 3235.31 3274.57 3302.28 3310.69 3340.33 3499.16 3923.41 4792.48 5408.19 5613.36 5670.09 5731.22 5842.84 5987.88 6147.62 6298.07 6408.33 6415.45 6343.43 6254.89 6137.07 5983.83 5794.7 5603.35 5438.73 5316.2 5216.46 5131.91 5048.37 4983.14 4908.99 4834.74 4744.46 4642.98 4530.49 4422.79 4325.49 4263.47
21526.8 18944.9 15987.5 12859.9 9522.04 6654.51 4491.58 3321.52 2957.43 2916.27 2945.38 2989.07 3038.85 3075.03 3117.61 2981.19 2944.71 2950.76 2937.66 2929.72 2918.17 2916.58 2925.25 3016.08 3183.93 3365.99 3507.79 3621.26 3683.44 3722.15 3757.06 3783.57 3789.69 3804.54 3913.95 4225.71 4886.16 5398.24 5577.45 5621.98 5674.97 5779.21 5914.92 6064.28 6205.9 6310.18 6314.41 6241.99 6153.16 6040.54 5894.76 5721.08 5547.7 5393.25 5271.88 5167.21 5079.19 4993.8 4929.82 4855.22 4783.32 4702.12 4613.23 4512.58 4415.45 4328.1 4275.56
21378.5 18810 15869.6 12764.5 9481.7 6613.27 4455.48 3293.64 2931.73 2889.73 2919.92 2964.78 3015.86 3053.9 3098.26 2966.13 2929.21 2935.11 2921.15 2912.36 2899.97 2925.6 3064.05 3398.06 3826.44 4194.01 4451.24 4605.25 4681.48 4730.15 4801.23 4895.85 4990.11 5054.24 5090.61 5161.04 5401.92 5609.03 5677.13 5683.22 5717.22 5803.62 5915.45 6034.95 6145.69 6224.05 6212.79 6133.46 6043.58 5931.71 5787.86 5631.2 5486.06 5356.32 5251.31 5155.72 5075.04 4987.28 4914.6 4827.51 4749.28 4672.21 4595.67 4509.07 4423.81 4346.63 4302.8
21236.2 18683.4 15761.1 12676 9452.36 6579.88 4417.18 3241.73 2878.79 2839.26 2871.15 2917.53 2968.4 3007.15 3053.71 2925.34 2887.36 2892.46 2877.42 2869.35 2856.01 2946.32 3313.87 3884.35 4448.18 4924.8 5216.47 5389.7 5496.82 5568.07 5673.73 5832.84 6024.93 6203.01 6303.16 6292.38 6237.25 6172.75 6102.6 6047 6049.71 6103.07 6168.25 6227.54 6275.92 6301.75 6258.7 6160.51 6063.31 5946.81 5800.02 5661.59 5548.58 5452.64 5375.71 5300.71 5234.63 5136.42 5031.9 4903.73 4786.26 4681.5 4601.04 4525.93 4454.32 4387.92 4351.92
21089.1 18557.5 15657.9 12597.9 9440.14 6571.31 4409.31 3220.09 2854.02 2817.08 2852.06 2899.46 2949.91 2989.23 3036.43 2908.52 2871.36 2876 2861.22 2852.64 2843.56 3027.32 3596.7 4299.51 4957.48 5452.45 5795.48 6035.47 6182.78 6270.08 6369.84 6522.58 6719.63 6925.61 7084.09 7115.45 7006.48 6842.91 6692.61 6601.26 6590.94 6621.36 6640.01 6633.82 6619.19 6596.31 6523.25 6408.13 6302.39 6179.29 6034.15 5913.67 5828.15 5764.13 5716.11 5663.41 5609.73 5490.22 5335.65 5140.82 4941.31 4763.4 4652.91 4577.93 4519.29 4463.35 4433.24
20927.7 18423.1 15545.8 12510.1 9422.3 6554.86 4391.74 3197.1 2825.93 2789.09 2824.83 2874.24 2925.22 2964.57 3010.35 2881.09 2844.67 2853.58 2839.73 2831.56 2822.63 3092.22 3811.05 4600.12 5305.1 5848.99 6249.44 6520.2 6678.99 6766.89 6857.4 6998.83 7191.47 7403.24 7581.6 7643.87 7552.64 7389.56 7236.44 7154.89 7161.46 7196.19 7194.23 7147.74 7091.07 7034.68 6943.33 6820.62 6710.29 6582.82 6442.44 6336.63 6272.22 6233.03 6208.83 6174.94 6130.68 5987.41 5778.44 5512.67 5217.46 4938.88 4769.65 4681.85 4630.98 4582.25 4554.24
20743.3 18280.4 15429.6 12426.5 9397.95 6534.24 4366.97 3157.37 2778.98 2742.9 2780.4 2832.8 2883.94 2928.95 2974.5 2844.63 2809.48 2817.19 2800.23 2791.29 2784.47 3123.35 3940.29 4806.39 5526.66 6097.26 6510.35 6787.47 6952.13 7043.76 7134.91 7278.53 7478.41 7703.39 7902.34 7992.81 7930.01 7792.99 7663.57 7608.96 7642.87 7694.84 7692 7628.33 7549.8 7473.92 7373.77 7250.09 7134.54 7003.52 6865.58 6768.15 6716.46 6695 6688.52 6668.55 6629.9 6463.61 6206.46 5883.13 5514.14 5158.89 4937.3 4831.25 4781.09 4732.83 4699.83
20500.7 18107.1 15292.1 12319.6 9350.46 6500.96 4325.16 3102.56 2715.7 2681.56 2718.86 2772.97 2826.98 2869.03 2914.15 2782.51 2747.46 2759.66 2749.91 2741.57 2736.83 3123.26 4018.88 4937.24 5661.51 6238.94 6647.51 6923.67 7091.4 7187.78 7283.66 7434.38 7644.59 7883.96 8102.82 8220.15 8186.9 8079.98 7979.54 7954.19 8015.44 8086.23 8088.74 8017.3 7926.55 7838.26 7735.11 7613.8 7494.7 7362.09 7224.74 7130.47 7085.57 7076.26 7082.93 7073.39 7037.22 6850.27 6553.31 6188.62 5775.63 5372.73 5117.82 4998.73 4946.44 4892.68 4849.78
20236.8 17890.6 15135 12198.3 9301.44 6477.38 4298.85 3074.09 2682.36 2649.06 2685.92 2740.33 2799.12 2840.86 2887.26 2756.59 2721.99 2735.62 2725.11 2715.81 2713.06 3097.43 4038.33 4979.84 5716.51 6298.24 6705.62 6980.32 7147.65 7248.41 7351.79 7510.9 7730.88 7982.2 8216.85 8355.46 8346.84 8266.65 8193.16 8193.96 8278.16 8364.27 8370.67 8294.17 8195.71 8100.69 7997.63 7879.85 7759 7624.67 7486.01 7391.07 7347.72 7344.79 7359.87 7356.68 7320.8 7127.32 6802.22 6408.69 5970.17 5540.58 5271.47 5152.8 5102.99 5042.07 4985.41
19972.8 17624.7 14932.1 12046.2 9221.07 6449.53 4260.86 3026.49 2630.36 2593.9 2629.87 2680.55 2743.39 2789.13 2836.7 2706.69 2672.94 2692.01 2685.71 2677.9 2677.92 3074.27 4020.01 4945.82 5684.64 6273.86 6683.36 6962.19 7134.59 7243.8 7356.66 7524.45 7752.59 8012.23 8256.03 8406.43 8412.08 8349.13 8294.64 8314.75 8415.41 8511.74 8521.51 8443.82 8343.07 8249.43 8150.66 8037.31 7917.81 7783.44 7643.41 7545.3 7499.26 7495.98 7512.69 7510.48 7471.65 7273.01 6938.13 6531.1 6090.35 5653.76 5387.64 5278.25 5236.24 5169.66 5100.77
19716.8 17363.8 14671.5 11854.7 9093.42 6430.48 4245.57 2999.76 2597.48 2560.6 2595.32 2641.76 2705.69 2753.21 2802.23 2670.58 2641.24 2664.8 2659.67 2654.87 2661.86 3071.56 4009.49 4906.19 5649.03 6239.33 6647.82 6930.26 7110.79 7230.78 7353.99 7530.41 7765.52 8030.97 8278.33 8431.29 8438.91 8379.44 8330.74 8359.38 8468.63 8570.75 8583.36 8508.43 8412.01 8323.61 8234.46 8128.64 8014.73 7884.09 7745.16 7645.68 7596.72 7589.5 7602.22 7594.71 7548.04 7339.43 6997.26 6578.47 6132.67 5698.28 5444.34 5351.17 5321.83 5256.6 5182.54
19471 17111.6 14406.3 11601.9 8914.61 6382.47 4202.32 2950.61 2543.57 2507.71 2542.89 2585.53 2648.71 2698.53 2750.39 2617.6 2595.77 2616.71 2614.82 2615.85 2635.74 3058.15 3992.63 4860.29 5612.24 6203.15 6608.79 6894.02 7082.32 7212.27 7344.94 7529.39 7772.4 8044.32 8295.43 8449.93 8454.8 8390.34 8336.59 8362.87 8472.76 8576.72 8591.14 8520.19 8430.87 8351.69 8274.11 8178.63 8075.97 7953.58 7819.05 7720.75 7670.38 7657.61 7662.46 7645.07 7585.62 7360.33 6999 6560.88 6102.84 5665.16 5421.83 5347.97 5335.93 5278.66 5206.94
19246.3 16880.4 14162.4 11334.5 8686.5 6291.09 4130.76 2870.33 2456.61 2423.13 2460.58 2504.2 2568.72 2623.55 2680.15 2549.58 2533.15 2559.88 2567.47 2584.81 2626.8 3060.99 3984.94 4832.36 5586.61 6169.85 6568.26 6853.15 7046.57 7184.73 7325.46 7517.1 7767.62 8047.13 8305.39 8465.4 8471.43 8401.8 8336.69 8350.91 8451.79 8550.73 8562.12 8492.74 8408.55 8338.52 8271.06 8188.07 8100.23 7989.32 7861.86 7766.81 7716.4 7697.85 7692.82 7662.79 7589 7346.42 6963.31 6500.79 6021 5569.82 5328.73 5271.4 5278.69 5233.42 5168.77
