Code/Results/Ref_30/2160/MW_30_2160_200/2.9_30_2160_rms_map_shift_80km.grd
DSAA
145 165
-4320000.0 4320000.0
-4920000.0 4920000.0
784.0270701259315 29144.239543101045
[rows 90 to 119 of 165, columns 67 to 133 of 145]
5070.34 5082.69 5126.98 5175.83 5215.84 5237.14 5245.68 5243.77 5181.08 5033.42 4881.09 4807.45 4827.27 4891.3 4896.4 4845.65 4779.57 4718.11 4619.22 4398.99 4112.15 3910.66 3839.06 3819.85 3813.38 3766.3 3682.55 3571.62 3485.18 3419.18 3384.67 3403.17 3453.09 3486.23 3474.63 3424.2 3367.32 3308.59 3261.22 3230.55 3211.44 3225.74 3291.42 3376.94 3466.13 3524.56 3447.61 3315.79 3179.9 3091.21 3060.09 3053.45 3050.19 3038.13 3027.94 3038.87 3067.9 2999.16 2865.58 2807.63 2801.45 2805.77 2808.71 2814.81 2822.05 2824.26 2782.92
5028.47 5042.83 5086.78 5133.45 5175.27 5203.46 5213.07 5200.94 5133.37 4995.34 4856.8 4794.28 4823.24 4892.41 4902.59 4857.58 4796.5 4737.64 4632.07 4380.83 4050 3835.6 3787.97 3798.18 3810.4 3769.97 3695.44 3593.8 3517.48 3460.68 3426.88 3440.83 3487.82 3528.29 3530.7 3497.12 3447 3389.66 3341.02 3310.56 3293.32 3306.08 3360.12 3427.45 3493.26 3527.99 3445.85 3341.98 3227.83 3164.17 3139.23 3122.37 3109.02 3090.34 3074.89 3076.86 3101.01 3036.82 2887.32 2821.28 2809.98 2808.27 2808.26 2807.02 2807.85 2809.6 2770.96
4977.96 4993.9 5036.11 5078.96 5119.86 5151.53 5159.76 5134.8 5058.32 4932.71 4812.35 4760.92 4792.54 4860.55 4876.25 4843.14 4798.44 4751.38 4648.4 4369.23 3993.83 3778.18 3758.49 3784.28 3798.33 3753 3678.36 3573.82 3505.28 3453.76 3411.83 3422.33 3472.17 3513.16 3522.7 3496.2 3442.31 3382.22 3327.49 3291.56 3272.85 3283.17 3327.32 3375.11 3434.16 3462.6 3380.37 3297.19 3215.12 3156.69 3118.47 3096.67 3092.5 3080.44 3066.57 3049.46 3068.99 2988.98 2829.88 2763.78 2755.31 2757.43 2759.99 2758.89 2756 2745.38 2687.51
4875.47 4891.33 4932.1 4973.14 5009.42 5039.75 5043.86 5005.95 4921.62 4809.35 4706.75 4663.08 4691.05 4754.67 4783.59 4769.24 4745.53 4713.12 4613.87 4295.56 3874.15 3639.61 3621.66 3641.37 3642.37 3586.19 3504.07 3403.96 3339.21 3292.18 3253.35 3264.23 3309.53 3352.53 3369.52 3339.69 3282.05 3222.31 3157.12 3106.76 3072.08 3062.63 3094.61 3157.18 3240.83 3284.88 3216.79 3157.03 3095.76 3034.25 3010 3005.08 2988.27 2949.85 2913.43 2910.36 2918.3 2812.23 2659.07 2600.39 2601.24 2611.44 2616.21 2611.51 2604.54 2585.7 2517.22
4751.15 4768.42 4808.85 4849.86 4879.38 4902.84 4897.99 4851.2 4766.15 4667.47 4576.6 4534.72 4551.93 4607.73 4645.21 4651.78 4646.16 4625.48 4538.8 4210.37 3780.28 3535.83 3515.33 3524.02 3521.43 3455.95 3380.29 3283.24 3212.28 3178.26 3157.18 3182.78 3222.67 3248.23 3241.4 3197.38 3142.34 3085.42 3036.23 2995.11 2946.07 2915.9 2919.1 2962.68 3035.94 3084.54 3022.34 2969.5 2913.35 2824.96 2761.29 2700.31 2671.26 2644.09 2617.52 2633.34 2639.12 2543.97 2364.45 2306.59 2313.18 2322.97 2331.55 2319.69 2304.71 2291.47 2242.55
4486.93 4497.22 4536.79 4582.17 4618.06 4644.53 4642.35 4601.74 4528.32 4447.25 4375.27 4344.13 4363.93 4422.43 4471.78 4493.75 4502.52 4501.68 4443.2 4088.03 3576.44 3263.43 3231.27 3250.29 3245.53 3196.1 3112.39 3012.11 2913.53 2859.5 2860.34 2909.57 2948.32 2978.12 2969.37 2950.11 2936.15 2911.06 2863.33 2810.17 2760.62 2734.45 2746.78 2783.44 2832.48 2835.07 2778.11 2765.66 2752.14 2670.88 2614.14 2568.73 2577.66 2592.67 2597.81 2605.49 2601.83 2523.87 2346.61 2284.79 2285.04 2285.33 2291.57 2280.77 2264.09 2255.09 2216.79
4200.06 4216.6 4264.77 4323.08 4372.48 4412.17 4423.86 4394.76 4333.98 4266.12 4204.72 4178.72 4195.98 4247.29 4295.05 4322.69 4346.9 4369 4350.85 4035.97 3502.32 3133.55 3072.1 3087.35 3083.82 3042.93 2951.13 2830.57 2703.42 2633.2 2648.2 2716.63 2752.98 2781.44 2774.41 2767.67 2777.93 2773.54 2739.34 2690.39 2641.04 2613.68 2612.88 2629.68 2660.89 2659.11 2638 2642.82 2656.21 2601.53 2556.84 2519.78 2542.09 2560.77 2567.93 2574.71 2565.57 2520.32 2358.51 2310.27 2309.74 2309.37 2318.45 2307.72 2288.42 2273.36 2235.78
3887.39 3908.9 3963.95 4034 4095.04 4144.13 4163.09 4141.71 4088.89 4024.75 3965.7 3941.15 3958.85 4006.28 4055.09 4090.06 4131.28 4178.14 4197.25 3986.38 3474.93 3067.62 2949.1 2934.49 2921.91 2876.12 2787.44 2667.7 2535.82 2456.84 2468.33 2532.64 2547.19 2565.57 2576.46 2585.64 2613.24 2625.69 2601.12 2550.82 2490.96 2458.46 2456.31 2460.67 2476.84 2474.96 2465.19 2461.72 2469.46 2444.98 2408.1 2397.81 2422.08 2436.05 2442.12 2447.89 2441.98 2451.16 2364.47 2332.31 2332.11 2332.1 2339.81 2327.16 2301.62 2271.83 2227.16
3618.77 3644.08 3703.96 3781.45 3850.99 3910.74 3940.97 3929.5 3885.02 3826.08 3768.72 3743.23 3763.12 3812.23 3863.71 3904.21 3957.7 4021.19 4062.31 3944.07 3458.35 3076.28 2932.3 2892.89 2867.67 2817.37 2728.45 2600.25 2462.51 2387.64 2405.63 2471.4 2466.65 2473.47 2481.07 2496.66 2535.79 2556.94 2540.03 2491.46 2431.65 2397.23 2390.45 2387.6 2402.53 2401.06 2375.76 2375.82 2381.35 2362.56 2338.24 2339.57 2361.35 2372.13 2379.39 2391.09 2385.06 2395.92 2364.65 2345.94 2343.21 2341.51 2347.66 2333.35 2301.54 2255.97 2201.12
3392.47 3417.33 3477.9 3559.33 3634.87 3705.65 3749.8 3750.94 3716.96 3663.52 3608.19 3583.68 3609.72 3666.78 3724.88 3769.64 3829.32 3900.6 3953.57 3903.33 3434.67 3083.34 2949.8 2903.27 2874.49 2825.11 2714.06 2555.8 2416.7 2354.43 2391.3 2477.96 2481.28 2485.25 2492.05 2510.1 2547.55 2570.47 2553.36 2504.29 2441.07 2402.8 2393.71 2385.03 2390.54 2375.82 2338.79 2340.1 2348.86 2337.34 2324.68 2328.61 2348.03 2361.2 2368.9 2384.27 2379.91 2389.59 2389.33 2369.98 2361.69 2355.63 2363.82 2351.09 2312.28 2253.26 2186.66
3240.75 3260.88 3317.54 3399.28 3479.57 3560.92 3621.98 3634.77 3607.7 3554.74 3495.86 3471.57 3496.81 3551.53 3611.56 3657.12 3714.71 3781.79 3830.06 3786.22 3361.41 3013.39 2886.97 2839.68 2808.51 2752.01 2623.25 2457.89 2323.61 2280.41 2344.57 2453.62 2444.16 2440.59 2444.59 2460.54 2486.28 2510.71 2495.38 2443.24 2367.84 2327.56 2303.17 2293.41 2295.46 2291.83 2312.32 2304.48 2312.78 2308.54 2303.36 2306.47 2322.64 2335.85 2343.61 2361.57 2357.97 2365.72 2374.31 2358.66 2344.12 2338.27 2349.84 2325.98 2279.38 2201.18 2118.73
3164.39 3176.88 3224.99 3302.7 3384.85 3476.63 3555.02 3587.22 3576.01 3535.39 3488.38 3475.37 3507.74 3563.39 3624.71 3673.15 3729.56 3790.73 3830.9 3791.7 3377.32 3005.95 2870.12 2819 2785.84 2731.28 2610.04 2449.18 2312.17 2265.45 2331.28 2441.7 2439.57 2433.52 2430.58 2438.85 2447 2453.18 2433.86 2380.04 2298.44 2247.55 2221.82 2228.02 2231.72 2235.5 2252.72 2240.95 2247.16 2247.58 2244.14 2247.89 2261.92 2275.27 2295.71 2316.26 2313.85 2323.67 2334.92 2320.37 2305.01 2297.45 2300.64 2273.29 2216.49 2125.92 2027.05
3132.43 3137.16 3173.79 3242.23 3319.94 3415.11 3505.84 3554.69 3558.94 3531.5 3499.55 3495.83 3529.66 3583.12 3640.88 3692.59 3750.97 3808.56 3840.81 3797.77 3407.29 3028.66 2892.57 2842.41 2809.94 2759.45 2648.93 2503.11 2373.27 2323.19 2383.7 2487.33 2478.33 2469.41 2464.09 2468.17 2465.06 2465.28 2445.53 2393.63 2311.21 2256.86 2228.79 2239.45 2241.36 2248.13 2263.44 2252.79 2259.93 2263.7 2261.2 2265.24 2278.01 2291.42 2313.08 2335.23 2334.1 2346.52 2351.48 2338.62 2320.47 2312.39 2310.06 2284.11 2226.91 2130.99 2019.79
3115.6 3113.23 3137.17 3191.47 3258.59 3346.54 3437.48 3493.86 3508.04 3492.07 3474.46 3482.02 3515.14 3565.2 3624.26 3683.87 3748.14 3806.78 3832.59 3778.52 3408.49 3031.44 2902.06 2859.42 2832.13 2786.8 2688.05 2562.32 2450.65 2405.63 2464.51 2561.16 2545.11 2534.77 2526.54 2521.55 2503.17 2496.17 2479.53 2431.39 2349.37 2294.25 2266.26 2275.87 2278.49 2288.64 2300.35 2290.27 2296.63 2299.9 2297.79 2302.32 2313.01 2325.96 2348.7 2370.03 2370.43 2383.18 2385.08 2375.46 2355.54 2346.7 2342.61 2315.66 2259 2153.12 2035.97
3097.4 3089.04 3101 3139.61 3192.01 3265.15 3345.37 3399.21 3416.26 3407.22 3399.39 3415.26 3454.07 3511.43 3580.82 3652.46 3727.28 3791.11 3811.78 3738.63 3370.18 2998.66 2876.44 2843.18 2824.82 2786.9 2700.59 2594.53 2505.11 2475.03 2534.38 2620.68 2600.23 2590.43 2579.38 2566.66 2538.44 2525.12 2505.49 2458.12 2381.35 2327.44 2299.49 2309.08 2312.04 2323.8 2333.32 2326 2333.13 2335.25 2334.92 2341.51 2350.91 2364.29 2386.23 2406.16 2409.33 2425.33 2427.18 2420.74 2399.73 2389.95 2383.23 2353.25 2295.2 2181.65 2059.77
3073.92 3060.82 3062.35 3086.6 3123.77 3181.67 3247.01 3291.33 3305.03 3297.74 3295.11 3317.74 3365.71 3434.06 3516.19 3602.7 3692.04 3764.59 3781.3 3685.26 3320.61 2958.11 2839.59 2812.92 2802.84 2775.53 2703.22 2613.73 2541.76 2526.53 2589.86 2675.53 2664.66 2657.41 2644.89 2623.82 2585.88 2567.46 2543.61 2496.97 2423.58 2368.96 2341.51 2350.93 2355.7 2366.04 2371.77 2373.81 2379.69 2380.23 2382.22 2392.13 2400.87 2416.41 2434.82 2452.54 2457.21 2474.89 2479.35 2474.29 2455.43 2444.53 2434.74 2406.66 2348.83 2230.76 2100.35
3052.44 3034.82 3026.49 3036.54 3060.57 3105.67 3157.77 3192.07 3201.09 3193.97 3195.21 3223.19 3277.41 3354.08 3447.17 3547.26 3650.69 3732.4 3746.65 3635.46 3295.7 2951.62 2831.35 2804.21 2795.1 2772.94 2713.84 2635.41 2575.94 2571.69 2637.53 2724.68 2731.51 2727.23 2712.33 2685.88 2642.97 2621.7 2596.33 2551.45 2479.51 2426.12 2398.31 2406.22 2408.71 2416.26 2419.58 2426.8 2433.28 2432.59 2432.81 2440.22 2446.77 2463.55 2479.17 2496.78 2500.62 2518.8 2524.13 2520.12 2504.32 2494.95 2486.54 2460.96 2406.09 2288.56 2152.01
3040.62 3018.89 3001.27 2997.13 3009.88 3044.91 3086.19 3111.27 3115.57 3109.32 3114.95 3148.51 3207.72 3290.69 3391.89 3502.05 3616.52 3705.93 3719.46 3602.9 3301.36 2986.08 2863.66 2830.03 2813.94 2791.01 2741 2672.49 2619.98 2622.76 2691.31 2782.04 2799.88 2802.37 2789.89 2761.76 2717.61 2692.63 2666.47 2622.87 2551.95 2499.52 2471.91 2473.71 2474.4 2480.66 2482.74 2491.89 2499.17 2493.72 2492.64 2494.47 2503.18 2516.94 2531.43 2549.95 2556.2 2575.51 2581.13 2577.6 2567.94 2561.8 2555.82 2532.82 2478.79 2360.06 2216.38
3028.04 3003.31 2978.85 2963.18 2968.19 2995.42 3027.73 3043.99 3042.4 3036.36 3045.73 3084.02 3148.95 3238.53 3346.52 3464.48 3587.18 3682.92 3697.38 3581.4 3319.03 3043.07 2926.01 2886.31 2865.41 2841.48 2795.37 2731 2680.4 2685.48 2754.62 2846.75 2869.74 2874.11 2863.07 2837.92 2795.27 2766.92 2741.18 2702.6 2631.03 2576.06 2546.98 2546.31 2544.5 2550.97 2554.44 2562.45 2571.28 2562.76 2559.44 2562.07 2569.87 2580.89 2589.98 2606.98 2615.77 2636.84 2641.82 2637.46 2627.51 2622.55 2618.41 2595.47 2542.96 2426.43 2285.14
2984.86 2958.68 2929.81 2907.76 2907.46 2926.95 2947.53 2951.12 2939.66 2930.61 2943.07 2987.03 3059.33 3159.13 3277.26 3404.96 3538.02 3643.27 3665.93 3559.66 3336.99 3108.25 3004.1 2962.83 2939.8 2914.79 2869.13 2803.41 2753.8 2762.03 2834.64 2930.07 2963.03 2969.6 2960.44 2937.05 2897.8 2869.31 2841.1 2807.72 2740.11 2687.11 2655.72 2651.15 2650.58 2657.45 2659.69 2667.77 2675.44 2663.55 2660.4 2662.8 2670.63 2674.85 2681.36 2697.22 2706.87 2726.82 2731.34 2726.8 2716.95 2712.47 2707.16 2683.81 2629.84 2513.55 2368.32
2892.09 2865.75 2833.68 2807.59 2802.24 2810.84 2812.76 2794 2761.7 2739.94 2748.21 2793.89 2872.72 2984.35 3112.67 3253.53 3402 3527.16 3575.33 3498.23 3330.01 3163 3072.74 3033.14 3010.18 2984.68 2938.19 2873.7 2826.91 2836.94 2907.29 3000.5 3042.82 3049.71 3041.14 3019.48 2983.28 2953.68 2924.86 2892.59 2827.9 2776.55 2744.94 2742.88 2747.85 2754 2754.33 2762.66 2771.07 2759.77 2756.65 2757.25 2763.28 2759.32 2761.55 2777.31 2783.82 2801.51 2805.61 2799.81 2789.27 2784.01 2775.64 2748.78 2689.28 2568.88 2423.82
2862.65 2835.29 2801.22 2773.75 2763.55 2760.26 2742.47 2699.15 2642.05 2601.36 2595.9 2629.72 2696.88 2800.35 2915.47 3047.81 3190.57 3323.49 3404.8 3381.35 3293.41 3194.83 3123.21 3086.87 3063.67 3036.78 2988.38 2926.92 2883.24 2893.41 2961.9 3052.68 3114.13 3125.88 3117.31 3096.39 3061.99 3032.48 3006.54 2973.54 2911.89 2868.03 2838.99 2841.46 2851.01 2857.09 2853.09 2862.57 2872.54 2863.39 2860.33 2860.73 2864.36 2854.69 2851.32 2861.87 2866.38 2881.63 2886.64 2880.47 2869.33 2863.04 2851.47 2819.39 2757.1 2637.3 2490.31
2974.17 2946.7 2913.61 2888.19 2877.07 2866.64 2836.7 2778.13 2706.13 2653.59 2637 2654.38 2698.6 2773.82 2849.79 2944.11 3054.48 3169.88 3258.92 3287.52 3266.38 3214.48 3164.38 3132.83 3107.88 3077.37 3025.77 2965.38 2923.37 2932.91 3002.07 3096.43 3177.81 3197.98 3191.03 3172.57 3140.11 3113.4 3091.08 3057.94 3002.38 2966.51 2941.33 2946.94 2959.2 2964.93 2954.65 2965.12 2975.68 2966.35 2963.83 2965.51 2966.16 2958.58 2946.2 2941.34 2945.09 2960.64 2967.57 2961.63 2949.58 2942.93 2928.92 2893.06 2828.25 2707.59 2558.12
3111.55 3083.98 3052.26 3029.85 3020.39 3006.42 2970.55 2906.02 2831.37 2782.23 2767.99 2780.53 2814.94 2875.94 2930.21 2992.32 3071.88 3162.59 3246.1 3284.22 3282.35 3255.12 3225.05 3201.99 3176.29 3139.91 3084.24 3024.21 2984.01 2993.98 3065.97 3166.65 3248.84 3274.42 3267.53 3250.89 3220.17 3196.53 3177.51 3146.56 3094.84 3065.43 3042.7 3049.32 3060.52 3058.62 3043.15 3054.53 3063.8 3056.93 3053.65 3057.12 3054.53 3048.97 3037.58 3031.66 3021.92 3038.39 3047.16 3041.72 3029.7 3021.13 3002.21 2962.49 2897.19 2776.08 2625.51
3201.19 3175.05 3144.9 3125.66 3117.63 3100.42 3062.15 2998.57 2930.94 2894.94 2893.3 2913.73 2952.31 3010.14 3056.69 3095.31 3148.87 3214.93 3287.79 3330.72 3340.17 3325.84 3307.34 3289.55 3262.59 3220.34 3163.2 3106.54 3070.22 3081.01 3152.99 3250.5 3325.22 3348.99 3340.95 3325.03 3295.85 3275.35 3259.21 3229.21 3176.68 3151.72 3130.3 3131.88 3137.93 3132.16 3114.41 3124.13 3132.48 3128.74 3125.95 3130.93 3128.4 3127.58 3118.82 3116.68 3105.78 3122.2 3128.82 3124.04 3111.55 3100.2 3077.81 3032.12 2966.35 2845.95 2699.05
3242.86 3221.82 3195.47 3179.78 3173.02 3154.21 3117.94 3062.18 3009.15 2993.76 3010.63 3044.43 3092.32 3149.42 3191.24 3210.43 3237.33 3276.69 3341.51 3391.25 3410.82 3404.24 3391.92 3375.08 3348.12 3305.36 3250.5 3198.18 3165.47 3175.29 3242.32 3332.39 3400.6 3418.46 3408.39 3391.33 3361.59 3341.68 3325.02 3295.18 3241.62 3220.64 3198.83 3195.85 3199.47 3194.02 3177.79 3188.37 3198.15 3197.98 3196.69 3201.83 3203.38 3206.24 3201.77 3202.74 3195.61 3211.36 3213.89 3209.82 3196.12 3182.08 3158.02 3107.51 3040.17 2916.58 2769.5
3248.57 3236.02 3213.83 3203.89 3200.7 3185.37 3156.86 3115 3081.68 3090.08 3127.68 3178.12 3234.61 3290.11 3323.8 3328.28 3327.71 3342.93 3401.92 3455.44 3483.98 3482.88 3474.23 3459.21 3437.33 3401.48 3350.11 3299.75 3266.92 3271.12 3328.47 3408.45 3468.95 3480.34 3468.93 3449.57 3417.07 3394.26 3374.64 3345.95 3292.32 3271.85 3249.87 3246.33 3249.99 3246.22 3232.52 3243.45 3255.12 3256.95 3256.2 3261.38 3266.01 3274.19 3274.05 3279.25 3274.21 3291.07 3293.59 3285.16 3268.97 3253.53 3227.32 3177.66 3108.88 2984.65 2843.77
3244.89 3238.67 3223.23 3220.32 3223.22 3214.97 3197.97 3172.64 3158.78 3186.76 3240.19 3298.1 3352.89 3394.65 3410.3 3393.43 3368.31 3370.05 3426.01 3482.93 3519.42 3527.62 3526.51 3518.66 3505.65 3480.87 3436.32 3389.25 3356.01 3356.69 3407.54 3479.78 3534 3544.89 3533.2 3512.5 3477.55 3452.42 3430.35 3402.52 3348.93 3327.32 3307.19 3303.41 3306.16 3302.82 3288.71 3298.93 3309.99 3313.64 3314.74 3320.87 3329.41 3343.22 3349.11 3358.16 3355.06 3370.81 3371.13 3356.35 3335.26 3319.23 3291.53 3238.91 3169.37 3047.43 2910.28
3257.57 3259.38 3250.97 3254.02 3263.15 3263.09 3258.16 3248.14 3249.72 3291.39 3353.99 3414.22 3462.2 3485 3470.51 3431.9 3392.29 3384.13 3437.17 3501.02 3544.82 3562.99 3570.27 3572.6 3566.87 3548.54 3511.05 3468.2 3435.79 3433.84 3479.99 3545.4 3593.32 3604.91 3592.46 3570.59 3534.41 3507.57 3484.37 3456.46 3403.09 3380.38 3361.7 3357.07 3358.26 3354.01 3338.18 3344.98 3353.7 3357.5 3360.19 3368.61 3381.79 3400.86 3414.26 3422.41 3423.51 3437.13 3435.13 3412.26 3389.33 3371.7 3342.4 3287.27 3218.21 3100.34 2965.69
3297.47 3304.22 3299.31 3305.73 3320.07 3328.1 3334.67 3337.98 3351.39 3400.6 3465.87 3523.09 3560.52 3559.98 3511.87 3454.84 3412 3397.49 3446.81 3518.62 3566.52 3592.99 3607.12 3618.29 3620.08 3607.48 3577.19 3540.65 3510.77 3506.79 3547.87 3605.49 3646.06 3655.86 3641.33 3616.31 3578.9 3549.09 3525 3496.62 3443.47 3419.83 3401.01 3394.93 3394.7 3388.7 3370.56 3373.58 3379.69 3383.88 3387.69 3399.78 3417.97 3442.16 3463.64 3470.35 3476.42 3490.84 3486.66 3459.35 3433.64 3413.71 3381.96 3327.08 3260.01 3145.35 3012.49
