Code/Results/Ref_30/2160/MW_30_2160_200/2.9_30_2160_rms_map_shift_80km.grd
DSAA
145 165
-4320000.0 4320000.0
-4920000.0 4920000.0
784.0270701259315 29144.239543101045
[rows 0 to 29 of 165, columns 0 to 66 of 145]
29144.2 27862.2 26510 25315.1 24441.2 23946.9 23763.8 23755.1 23797.8 23830.4 23859.8 23869.3 23873.8 23884.8 23896.3 23899.6 23929.6 23955.9 23979 23999.2 24012.9 24014.5 24022.7 24033.6 24033.3 24040.1 24048.9 24057.1 24068.4 24063.2 24056.5 24061.9 24075.6 24086.4 24091.4 24094.2 24093.2 24097.8 24098.5 24101.4 24109.8 24123.3 24139.2 24155.9 24165.8 24162.2 24142.5 24141.3 24151.5 24153.3 24162.1 24161.7 24145.8 24126.1 24112.6 24112 24103.3 24091.2 24079.2 24081 24085.5 24086.3 24083.5 24083.3 24084.9 24081.7 24086.4
27837.5 26316.4 24693.5 23224.8 22110.8 21438.8 21150 21093.9 21120.7 21150.6 21180.1 21190.6 21194.5 21204.3 21215.4 21219 21246.5 21269.5 21290.5 21309.6 21322.5 21325.7 21334.6 21343.7 21341.2 21348.2 21358.3 21366.4 21376.5 21371 21364.8 21372 21387 21397.7 21403.1 21406 21405.4 21410.3 21410.4 21413.1 21421.8 21435.1 21451.6 21467.2 21477.7 21472.9 21451.2 21446.7 21457 21458.1 21465.2 21463.5 21447.9 21429.7 21416.3 21416.3 21408 21397.1 21385.7 21389.4 21395.6 21396.7 21393.4 21393 21394.6 21391.4 21396.1
26439.2 24643.8 22698.7 20887.5 19458.4 18547.5 18113.6 17991.8 17997.9 18024.2 18051.1 18061.2 18063.9 18072.7 18083.8 18087.6 18113.4 18133.5 18151.7 18170 18182.1 18187.6 18197.8 18205.1 18200.6 18208 18219.3 18227.5 18237.1 18230.9 18224.5 18233.3 18250.1 18261.2 18267.3 18270.1 18270.4 18275.3 18274.6 18275.9 18284.2 18297.4 18315.7 18331.9 18340.8 18332.5 18308.3 18301.6 18313.5 18313.8 18319.8 18316.9 18301.2 18284.4 18272 18273.7 18265.8 18257.1 18245.8 18251.5 18259.8 18261.8 18258 18256.9 18258.2 18254.9 18260
25135.8 23051.7 20750.9 18537.8 16715.1 15487.6 14853.9 14642.5 14621.3 14643.1 14666.4 14675.9 14677.1 14684.8 14695.9 14699.5 14723.6 14740.9 14756 14773.8 14785.9 14795.4 14807.2 14812.1 14804.9 14812 14823.5 14830.9 14841.2 14835 14829.1 14839.3 14858.5 14871.3 14878.3 14881.2 14882.7 14887.4 14885 14884.3 14890.8 14901.8 14922.7 14938.3 14944.2 14932.3 14906.5 14897.9 14912.3 14912.6 14918.1 14914.7 14899 14883.7 14873.3 14876 14867.8 14859.4 14848 14856.4 14867.4 14870.5 14866.6 14865.1 14865.1 14861.6 14867.1
24091.2 21736.1 19083 16442.3 14160.1 12519.6 11608.8 11270.3 11212.3 11229.5 11251.2 11261.3 11260.9 11266.6 11277.4 11280.4 11302.8 11317.9 11330.3 11347.6 11359.5 11374 11386.8 11389.1 11379.9 11386.7 11396.5 11402.4 11414.5 11409.3 11403.7 11415.2 11437 11452.1 11460.8 11464.1 11466.7 11471.5 11468 11465.4 11468.9 11478.6 11501.5 11516 11519.1 11504 11476.8 11466.2 11483.3 11484.4 11489.7 11486.6 11471.2 11457.1 11448.9 11452.2 11443.7 11433.5 11421.8 11432.3 11445.1 11448.6 11445 11443.9 11441.7 11438.4 11444.8
23398.6 20824.2 17871.3 14837.3 12075.3 9935.97 8647.18 8118.66 8006.64 8020.89 8044.83 8057.73 8056.1 8058.97 8068.48 8071.05 8092.65 8106.49 8116.61 8131.32 8141.45 8157.82 8168.08 8170.09 8163.45 8172.08 8178.35 8182.01 8195.53 8191.96 8186.81 8198.13 8218.54 8234.99 8246.3 8249.51 8252.72 8262.09 8260.6 8257.64 8263.35 8274.89 8297.81 8312.99 8313.32 8294.4 8267.96 8257.25 8272.35 8272.74 8278.76 8275.75 8260.47 8247.87 8240.8 8244.78 8236.19 8225.8 8213.73 8221.39 8231.55 8231.9 8229.37 8229.41 8226.14 8224.31 8232.68
23044.7 20322.1 17159.4 13832.4 10666.9 8025.04 6256.92 5438.49 5241.88 5250.96 5281.56 5300.02 5296.43 5294.17 5301.43 5302.93 5325.35 5340.18 5348.32 5358.09 5368.55 5385.33 5390.52 5395.62 5393.51 5405.89 5410.16 5412.83 5427.29 5423.57 5416.84 5427.89 5446.21 5464.17 5478.85 5481.73 5485.3 5500.4 5502.96 5501.96 5511.5 5525.14 5544.64 5565.27 5560.99 5539.34 5510.85 5497.49 5509.8 5508.93 5515.95 5513.67 5497.15 5484.57 5477.53 5482.11 5472.86 5461.75 5449.1 5449.41 5453.34 5446.14 5442.98 5442.94 5439.85 5442.93 5454.1
22937.1 20133.7 16855.2 13361.9 9949.72 6942.29 4698.84 3493.22 3136.21 3121.22 3156.61 3175.72 3170.33 3160.8 3165.5 3162.97 3170.11 3181.11 3194.52 3206.29 3223.76 3243.23 3261.53 3277.38 3286.95 3303.92 3313.86 3313.59 3323.91 3318.08 3311.26 3319.99 3331.86 3349.66 3364.07 3365.63 3370.3 3382.74 3385.12 3381.44 3390.28 3399.49 3405.03 3414.65 3407.08 3375.43 3345.86 3326.29 3328.46 3326.1 3332.21 3342.32 3343.93 3345.96 3346.48 3352.19 3343.31 3332.37 3320.61 3313.13 3308.21 3291.19 3285.97 3279.98 3278.66 3291.8 3306.66
22953.7 20115.5 16788.7 13228 9714.11 6540.61 4019.36 2349.52 1652.19 1580.69 1607.74 1609.97 1600.24 1594.03 1598.45 1588.35 1582.62 1594.94 1620.57 1640.06 1662.47 1676.13 1697.46 1715.45 1734.11 1753.35 1767.94 1765.66 1764.63 1753.59 1741.78 1739.74 1747.56 1760.21 1772.71 1783.17 1795.57 1810.31 1815.26 1813.82 1810.71 1807.67 1797.79 1791.74 1773.9 1734.97 1696.14 1675.82 1681.14 1676.62 1682.1 1694.83 1703.94 1712.95 1716.08 1724.3 1722.44 1715.32 1706.65 1699.39 1694.91 1690.73 1692.32 1702.6 1715.55 1719.85 1717.77
22993.6 20145.4 16806.3 13230.1 9694.32 6482.87 3888.52 2006.97 1067.06 929.437 954.357 952.67 930.89 914.342 913.77 894.346 889.998 909.762 942.288 967.252 992.415 1001.69 1026.11 1041.67 1052.26 1065.67 1073.87 1072.29 1064.58 1046.91 1020.16 1008.96 1012.13 1028.42 1049.53 1072.8 1092.65 1114.41 1124.54 1121.98 1110.19 1099.22 1078.99 1064.26 1041.06 997.124 953.429 931.16 940.516 932.945 937.721 957.08 962.038 965.704 965.777 975.74 974.455 962.471 945.199 933.001 926.46 917.37 916.075 917.087 920.973 912.645 897.688
23010.6 20162.8 16825.5 13252.9 9721.98 6515.31 3921.64 1999.93 1038.94 895.09 919.834 923.572 903.763 885.17 883.445 862.457 858.846 876.891 906.904 929.533 953.938 963.965 987.828 1000.05 1002.91 1015.45 1020.49 1013.16 999.406 978.831 947.663 935.633 937.967 954.464 975.925 999.871 1018.14 1038.44 1049.26 1047.5 1033.31 1022.8 1001.11 985.649 967.32 926.241 883.514 858.485 865.359 854.821 857.516 877.266 881.222 881.85 880.317 891.79 891.148 877.736 857.137 844.38 837.423 826.629 822.981 818.284 814.712 800.881 784.027
23000.7 20155.6 16821 13253.6 9727.56 6524.6 3931.29 1992.01 1028.69 888.4 916.745 923.626 905.027 887.328 885.894 866.348 863.206 880.37 911.105 933.047 958.402 970.948 997.875 1010.63 1014.61 1027.3 1030.23 1015.46 999.794 979.191 948.25 935.667 940.287 958.785 978.991 999.354 1015.15 1032.62 1041.59 1040.27 1027.3 1019.36 999.555 990.771 978.582 939.591 896.251 869.95 876.939 862.878 863.345 881.727 889.942 891.412 890.045 902.937 904.425 893.443 874.902 864.076 856.625 849.848 849.93 844.054 837.945 823.348 807.861
22990.5 20148.1 16816.2 13253.2 9729.68 6528.52 3932.04 1981.87 1012.75 874.535 905.871 914.595 897.705 881.663 880.786 863.07 860.994 879.845 912.098 934.213 958.812 971.483 997.248 1009.22 1016.37 1028.59 1033.06 1018.54 1003.78 984.67 954.679 941.653 948.637 969.331 987.94 1005.53 1020.61 1036.68 1044.81 1045.06 1033.32 1026.87 1010.59 1005.81 997.332 960.521 917.402 891.677 898.506 883.166 881.982 898.711 910.277 912.956 913.037 928.26 933.87 927.396 913.111 905.416 900.106 896.731 898.422 889.743 882.69 868.994 854.54
22984.7 20144.8 16815.7 13256.1 9734.38 6533.39 3931.06 1981.03 1007.34 869.24 900.494 908.857 892.963 880.116 880.579 864.851 863.828 885.249 919.487 941.911 964.14 974.043 993.551 1001.11 1009.53 1021.74 1029.78 1016.4 1003.83 986.839 958.954 946.492 956.998 978.454 993.601 1009.38 1025.06 1040.6 1047.41 1048.38 1037.11 1033.4 1019.27 1019.11 1015.16 982.068 940.624 915.564 922.827 907.253 905.608 921.225 936.261 939.359 942.124 962.328 974.568 975.441 967.802 963.97 962.412 960.859 962.451 955.499 952.733 943.509 933.25
22980.1 20141.3 16813.8 13256.5 9737.22 6538.22 3935.74 1990.96 1017.12 877.078 903.669 905.979 888.962 879.157 880.931 867.342 867.622 891.593 924.96 949.087 969.788 974.746 987.178 986.951 989.506 1002.3 1016.79 1003.41 993.104 976.937 949.83 939.453 953.57 977.509 992.915 1008.36 1024.69 1039.06 1044.48 1045.49 1034.56 1033.23 1021.12 1029.21 1031.54 1002.5 964.818 941.484 950.739 935.546 934.12 948.837 966.357 970.671 979.299 1004.41 1024.45 1034.61 1035.18 1034.63 1036.09 1033.9 1035.29 1031.67 1036.82 1035.15 1032.25
22969.1 20130.4 16803.9 13248 9729.93 6534.89 3937.35 2005.74 1034.86 890.942 908.612 900.937 880.187 871.636 871.993 861.446 864.063 888.791 920.601 945.466 958.246 956.359 961.258 956.414 956.927 970.455 990.18 983.827 977.729 962.897 936.341 927.634 942.832 967.927 983.796 1001.43 1020.17 1033.28 1037.93 1039.19 1029.89 1029.72 1019.53 1034.3 1037.72 1011.85 983.259 964.74 975.644 958.65 955.834 966.804 984.567 993.832 1009.57 1041.74 1069.3 1085.6 1091.97 1092.44 1093.35 1087.09 1087.7 1090.21 1102.77 1106.63 1107.71
22951.6 20113 16788.1 13233.1 9715.5 6526.25 3932.96 2017.97 1046.42 896.097 905.984 887.597 864.22 854.542 852.33 845.324 851.352 874.912 903.189 926.702 933.763 926.955 927.539 922.537 924.727 946.319 973.159 972.958 973.026 963.964 940.599 933.622 948.657 971.844 988.7 1010.12 1032.4 1045.49 1050.77 1053.36 1045.83 1046.18 1037.94 1053.14 1058.72 1037.47 1018.25 1003.62 1014.24 995.235 989.305 995.095 1009.1 1022.33 1043.2 1080.7 1112.2 1131.24 1138.89 1138.22 1134.49 1120.75 1121.01 1128.34 1145 1148.5 1148.99
22934.5 20098 16776.8 13224.6 9711.36 6529.04 3940.62 2027.97 1048.28 890.921 895.957 871.899 847.44 837.774 835.268 833.557 844.583 867.562 893.214 919.157 928.523 921.595 924.852 922.554 929.187 961.98 992.498 985.871 989.684 986.479 964.863 958.824 972.418 992.335 1008.57 1031.93 1056.95 1070.99 1078.68 1083.92 1078.41 1078.15 1066.08 1079.46 1090.12 1075.96 1057.68 1042.88 1050.52 1030.03 1020.5 1022.36 1032.54 1043.54 1062.25 1100.99 1135.74 1155.65 1161.01 1159.07 1153.12 1137.03 1138.89 1149.85 1168.36 1171.81 1175.53
22917.8 20083.5 16765.3 13217 9708.46 6533.85 3950.14 2039.55 1050.57 887.395 882.297 859.87 836.477 825.283 825.422 827.286 840.313 867.275 891.561 918.33 929.569 922.426 925.736 925.7 934.267 969.189 997.306 985.392 990.893 992.894 976.283 974.51 984.103 997.189 1011.86 1037.64 1066.29 1081.78 1092.27 1100.46 1098.2 1096.99 1082.13 1089.79 1102.28 1095.22 1079.55 1064.29 1068.82 1046.29 1034.57 1034.22 1041.29 1046.83 1062.34 1100.33 1137.12 1157.64 1162.96 1161.23 1159.49 1149.72 1156.92 1172.29 1193.02 1198.56 1201.83
22897.6 20066.1 16750.8 13208.2 9704.47 6532.94 3952.07 2049.32 1053.67 882.424 873.982 852.768 830.614 819.237 820.484 825.187 839.943 868.123 891.875 922.653 939.437 935.464 936.512 937.916 947.02 979.961 1007.85 992.579 997.838 999.467 983.239 982.872 988.345 998.045 1012.16 1040.33 1072.61 1089.91 1102.65 1112.24 1113.88 1114.68 1098.39 1103.13 1119.59 1120.55 1108.2 1094.8 1098.72 1076.1 1064.72 1062.72 1066.88 1067.41 1078.55 1112.27 1147.38 1169.35 1178.62 1181.32 1185.69 1181.77 1192.91 1210.74 1232.56 1237.57 1238.82
22877.8 20048.2 16735.3 13196.7 9697.57 6530.52 3956.07 2064.4 1066.33 887.955 877.766 856.826 835.136 824.638 825.972 832.77 849.384 877.046 900.373 934.126 953.822 955.336 957.03 960.405 968.837 1000.1 1030.02 1012.48 1013.98 1009.99 989.435 985.914 991.203 1000.56 1013.83 1042.8 1077.47 1096.11 1110.76 1121.28 1126.29 1132.18 1117.5 1120.56 1139.92 1148.17 1141.08 1130.15 1136.77 1116.32 1107.33 1103.9 1105.37 1101.75 1108.8 1138.81 1170.73 1193.98 1207.09 1216.47 1227.63 1228.18 1242.36 1261.49 1283.66 1287.98 1288.46
22861.4 20032.9 16721.7 13185.2 9688.82 6524.46 3950.32 2074.91 1076.08 894.396 882.594 862.863 839.846 829.999 831.166 838.522 858.008 886.141 908.792 943.884 963.41 968.325 970.311 973.949 981.562 1013.48 1043.26 1019.68 1020.22 1015.23 994.819 990.837 995.868 1004.28 1014.23 1041.78 1077.57 1096.36 1112.32 1125.41 1136.13 1148.33 1136.95 1138.72 1159.76 1174.72 1172.43 1163.82 1173.9 1159.17 1155.01 1151.14 1150.15 1143.2 1147.51 1174.38 1204.85 1231.2 1249.11 1268.8 1286.66 1294.15 1312.64 1333.29 1356.79 1361.37 1361.45
22850.4 20024.1 16715.5 13182.4 9689.76 6533.53 3963.01 2088.38 1100.19 921.276 910.331 892.314 868.952 857.848 859.253 867.058 890.136 918.928 939.997 972.509 989.994 994.018 993.889 996.807 1002.6 1032.16 1058.07 1024.67 1024.27 1018.82 997.615 992.685 995.437 998.891 1001.67 1026.21 1064.08 1083.94 1100.57 1117.97 1135.83 1151.13 1141.69 1143.78 1164.63 1182.98 1184.16 1178.96 1193.37 1183.62 1183.54 1180.48 1179.01 1170.32 1174.04 1200.31 1233.65 1268.06 1295.58 1327.85 1357.88 1376.31 1403.17 1426.81 1452.11 1457.1 1456.75
22852 20027.3 16720.5 13190.8 9702.13 6559.02 3979.14 2100.44 1115.39 930.589 919.998 903.483 882.195 874.09 875.907 883.713 906.47 935.329 954.933 985.329 1000.63 1003.28 999.947 998.261 1001.87 1033.44 1055.65 1012.82 1010.57 1002.99 980.103 974.773 972.915 967.953 959.043 980.82 1026.56 1052.3 1068.17 1089.89 1113.79 1133.05 1127.02 1132.78 1157.1 1176.77 1180.83 1179.57 1198.43 1193.05 1194.97 1192.14 1191.64 1183.91 1190.25 1219.82 1260.7 1307.26 1345.36 1381.56 1411.01 1427.48 1457.8 1487.94 1519.76 1527.01 1526.07
22851.9 20027.6 16723.5 13197.5 9712.31 6571.29 3985.6 2107.49 1134.05 947.301 935.588 920.399 901.472 892.76 891.706 896.087 916.776 946.041 962.027 987.838 1000.29 1001.48 994.243 989.657 994.544 1029.76 1050.89 1004.34 999.254 985.827 958.962 955.413 950.732 939.577 924.862 945.521 994.93 1024.47 1045.75 1074.53 1102.47 1124.46 1122.39 1134.48 1162.48 1183.72 1189.63 1190.49 1213.32 1211.2 1214.2 1211.68 1212.91 1208.46 1221.34 1256.61 1301.88 1350.49 1385.54 1423.04 1451.68 1466.81 1495.7 1527.3 1563.03 1573.54 1572.99
22850.5 20027.1 16727.3 13203.4 9723.3 6580.63 3994.27 2122.06 1169.57 986.181 972.437 956.911 934.599 922.838 916.501 916.04 934.606 961.464 975.105 994.864 1006.37 1006.95 996.419 990.005 995.462 1031.96 1056.66 1014.07 1008.16 988.999 956.917 953.984 948.683 934.359 915.015 932.44 980.495 1013.23 1041.5 1071.89 1098.08 1119.78 1120.84 1140.5 1174.72 1199.4 1209.5 1212.62 1239.18 1240.26 1243.52 1241.47 1244.69 1242.33 1261.07 1293.96 1336.52 1383.37 1413.06 1446.29 1476.27 1492.17 1517.88 1545.45 1580.82 1590.48 1588.75
22852.6 20031.8 16736.5 13214.8 9739.68 6598.45 4012.82 2156.65 1222.31 1041.58 1025.77 1008.91 984.221 970.944 962.606 960.533 977.87 1000.1 1014.47 1030.04 1040.06 1039.86 1027.94 1019.34 1023.54 1058.14 1086.05 1048.71 1044.62 1024.57 988.983 985.506 978.13 960.147 936.378 948.399 991.468 1025.82 1060.91 1091.44 1111.44 1128.17 1132.33 1158.58 1198.92 1227.71 1243.38 1248.68 1276.84 1279.61 1282.36 1280.56 1286.67 1285.23 1303.17 1326.82 1361.89 1403.54 1432.32 1465.45 1499.32 1520.67 1550.83 1578.7 1612.47 1618.83 1616.68
22856.7 20038.3 16748 13229.8 9758.2 6620.62 4036.51 2202.43 1280.15 1098 1078.89 1061.25 1036.62 1024.25 1017.31 1016.07 1032.87 1054.03 1066.99 1079.59 1088.39 1086.52 1073.19 1062.81 1065.68 1098.17 1124.85 1089.04 1088.03 1070.52 1032.76 1026.88 1015.39 991.884 959.935 965.378 1003.75 1036.63 1078.02 1112.96 1128.06 1142.81 1148.68 1178.68 1223.21 1255 1274.88 1281.96 1311.93 1315.97 1319.77 1321.27 1328.33 1323.76 1339.26 1360.2 1386.92 1422.24 1452.34 1490.11 1530.81 1557.65 1589.63 1617.92 1646.32 1648.08 1645.55
22857.8 20038.7 16751.2 13235.4 9768.11 6633.34 4052.33 2241.53 1324.02 1135.1 1111.77 1093.23 1069.17 1058.18 1053.92 1053.27 1068.98 1089.96 1100.16 1110.45 1120.01 1118.13 1102.35 1090.73 1091.43 1121.09 1146 1112.17 1114.91 1099.6 1061.26 1052.72 1037.89 1009.71 971.166 972.752 1008.97 1041.3 1085.25 1123.91 1137.78 1156.82 1160.5 1192.56 1240.14 1275.23 1300.34 1310.12 1342.66 1349.53 1356.63 1362.25 1371.58 1365.11 1381.26 1399.53 1420.54 1449.94 1477.9 1518.5 1564.11 1592.36 1620.74 1644.22 1662.65 1657.94 1654.63
22869 20048.8 16760.1 13245.4 9779.11 6643.46 4060.4 2265.78 1343.66 1144.08 1118.93 1102.46 1083.56 1070 1061.75 1059.77 1079.19 1101.64 1114.62 1128.85 1140.63 1136.26 1117.74 1107.33 1105.6 1134.83 1159.09 1124.92 1127.3 1112.52 1069.74 1061.85 1050.9 1025.23 986.064 983.132 1011.86 1040.24 1089.31 1131.85 1150.52 1171.82 1172.25 1207.43 1259.02 1300.1 1334.29 1346.7 1381.01 1390.6 1399.88 1397.32 1391.62 1384.76 1401.32 1416.01 1428.62 1453.04 1479.09 1528.84 1581.05 1613.43 1639.87 1658.3 1667.6 1657.21 1649.05
