Code/Results/Ref_40/1000/MW_40_1000_140/2.9_40_1000_rms_map_shift_80km.grd
DSAA
165 185
-4920000.0 4920000.0
-5520000.0 5520000.0
330.6464714674005 34369.45680714907
[rows 90 to 119 of 185, columns 67 to 133 of 165]
5350.14 5172.04 5049.04 4963.17 4917.94 4809.51 4767.32 4894.62 4941.93 4775.14 4557.4 4385.4 3972.79 3558.45 3750.64 4275.32 4422.53 4376.47 4357.32 4400.9 4484.23 4628.16 4683.49 4590.05 4501.67 4326.13 4197.94 4110.6 4202.85 4267.09 4224.65 4205.58 4638.08 5204.55 5212.74 4984.58 4767.41 4626.18 4515.69 4433.55 4202.09 4071.3 3996.59 3860.62 3723.87 3535.07 3306.49 3128.15 3032.91 3047.23 2835.94 2650.74 2654.47 2660.08 2711.65 2777.51 3072.2 2808.53 2332.78 2186.29 2189.73 2206.56 2334.83 2591.65 2852.88 3020.17 3050.98
5299.43 5112.26 4975.72 4880.02 4841.91 4743.84 4687.23 4775.13 4818.4 4680.81 4486.34 4314.48 3880.16 3404.83 3584.88 4125.21 4279.88 4236.15 4250.75 4350.08 4491.73 4692.84 4803.25 4773.72 4729.56 4553.89 4385.27 4263.98 4339.17 4419.77 4394.74 4343.32 4692.2 5123.61 5044.11 4795.47 4595.73 4476.23 4378.73 4308.28 4107.72 4032.61 4055.63 3986.71 3857.34 3661.77 3432.58 3276.53 3200.71 3251.96 3054.46 2854.81 2791.84 2772.68 2812.02 2872.2 3177.45 2952.22 2491.99 2315.57 2285.44 2290.86 2380.17 2601.52 2867.78 3065.11 3086.39
5069.77 4873.19 4726.15 4633.29 4626.85 4584.99 4555.82 4614.32 4639.26 4554.33 4410.7 4285.36 3877.4 3444.76 3617.4 4038.12 4142.89 4063.34 4069.51 4197.45 4380.77 4618.04 4748.64 4786.66 4780.71 4586.52 4373.07 4193.15 4254.97 4323.22 4237.77 4133.76 4414.67 4738.47 4600.13 4363.15 4202.46 4108.27 4041.5 4034.53 3887.4 3884.76 3975.19 3929.56 3810.49 3635.75 3442.38 3327.18 3281.32 3332.01 3108.92 2939.13 2925.27 2946.97 3014.12 3029.21 3283.27 2967.28 2467.17 2271.14 2228.24 2277.55 2408.55 2619.87 2866.91 3015.07 2981.75
4865.61 4650.98 4480.02 4401.22 4445.42 4457.6 4434.92 4453.53 4451.48 4411.2 4338.51 4258.59 3982.7 3767.57 3919.03 4145.44 4158.04 3996 3912.57 3991.4 4177.65 4428.75 4613.1 4672.75 4650.64 4431.78 4159.67 3927.02 3870.95 3855.19 3722.51 3562.48 3733.64 4088.5 3985.59 3822.77 3765.44 3742.44 3739.74 3736.17 3630.51 3630.03 3728.7 3743.38 3676.42 3546.7 3413.3 3332.01 3265.91 3285.6 3140.54 3055.2 3024.93 2979.56 2993.42 3027.37 3125.13 2787.9 2309.8 2157.15 2098.24 2121.9 2232.5 2439.98 2709.18 2846.92 2780.98
4834.9 4614.05 4423.01 4347 4433.64 4476.58 4414.35 4370.8 4327.78 4328.79 4290.4 4312.37 4305.05 4376.04 4554.33 4646.83 4587.57 4396.89 4175.97 4044.16 4111.91 4346.6 4546.66 4583.52 4576.82 4379.94 4135.82 3895.64 3732.33 3679.36 3604.67 3521.12 3610.97 3975.85 3969.92 3908.86 3902.8 3868.65 3851.98 3801.32 3705.07 3625.03 3633.48 3598.71 3503.57 3368.77 3236.89 3170.73 3122.59 3111.76 3016.09 2900.79 2828.51 2772.06 2717.53 2772.39 2817.71 2486.07 1947.85 1909.03 1881.78 1891.13 1929.03 2043.26 2182.16 2309.43 2354.13
4814.44 4579.66 4405.48 4360.67 4507.37 4605.9 4522.36 4419.06 4352.43 4309.95 4287.45 4352.55 4513.5 4717.8 4872.08 4900.81 4834.49 4703.53 4443.39 4049.76 3827.99 3820.63 3808.92 3817.74 3846.72 3765.2 3559.96 3338.2 3167.21 3150.51 3180.33 3182.61 3251.41 3595.54 3577.63 3585.04 3608.16 3615.79 3587 3501.33 3420.35 3386.9 3518.32 3520.15 3356.68 3157.19 3026.83 2978.49 2961.83 3002.18 2929.35 2841.5 2787.74 2760.5 2753.58 2768.53 2800.39 2508.5 1970.77 1932.65 1911.62 1913.81 1934.73 2000.48 2081.05 2187.01 2311.15
4733.9 4502.62 4329.48 4309.4 4518.88 4659.09 4563.85 4407.25 4305.65 4233.84 4203.25 4283.08 4487.15 4693.06 4805.7 4803.52 4778.12 4718.21 4534.12 4096.98 3700.99 3561.31 3398.6 3401.16 3424.48 3414.21 3378.54 3182.58 2941.37 2833.73 2853.53 2945.73 2986.79 3211.51 3124.3 3176.37 3235.3 3257.78 3258.51 3228.85 3195.17 3183.21 3356.68 3366.1 3254.02 3097.4 3006.64 2950.47 2889.09 2893.15 2759.71 2628.32 2587.38 2554.52 2543.78 2560.2 2616.19 2461.23 1963.74 1949.29 1895.36 1897.56 1908.85 1933.06 2009.63 2066.83 2240.73
4588.12 4357.65 4162.41 4135.84 4374.3 4531.35 4425.48 4241.92 4113.02 4020.44 3964.65 4018.71 4196.11 4377.94 4467.25 4451.26 4474.94 4467.03 4394.1 4073.38 3668.45 3524.42 3256.87 3232.18 3254.34 3262.68 3248.58 3095.01 2879.14 2741.48 2773.56 2813.39 2688.57 2765.85 2860.03 2958.23 3014.27 3052.94 3074.48 3046.97 2976.96 2885.82 2938.31 2866.34 2793.69 2737.86 2684.32 2523.53 2392.09 2294.6 2179.98 2116.41 2114.42 2074.92 2030.74 1998.08 2146.88 2248.55 1977.78 1987.25 1920.81 1919.3 1923.68 1915.02 2003.6 2052.16 2219.83
4378.57 4152.41 3924.48 3878.65 4139.91 4324.86 4233.95 4053.76 3916.43 3805.49 3709.71 3715.08 3849.28 3999.3 4069.64 4042.32 4077.08 4096.48 4101.3 3916.29 3603.19 3556.39 3272.51 3208.33 3228.22 3229.8 3202.47 3050.21 2814.12 2672.47 2759.46 2814 2698.15 2764.49 2866.67 2946.85 3000.53 3039.9 3044.66 2989.05 2891.58 2786.73 2751.06 2597.38 2526.26 2463.99 2345.93 2184.42 2042.63 1913.89 1827.32 1823.09 1824.34 1798.56 1764.44 1736.76 1922.67 2050.38 1974.83 1995.52 1942.53 1941.42 1930.1 1906.76 1987.8 2047.04 2200.63
4122.93 3908.23 3651.08 3595.46 3898.8 4126.87 4073.74 3920.1 3790.13 3665.67 3532.26 3480.76 3560.52 3670.02 3711.82 3660.74 3686.95 3716.56 3766.21 3663.37 3421.95 3402.26 3373.68 3289.77 3310.24 3321.62 3287.03 3142.48 2865.81 2708.23 2745.76 2781.66 2789.63 2834.26 2896.36 2948.86 2999.6 3032 3024.71 2952.57 2838.71 2704.88 2554.74 2370.82 2284.9 2219.58 2052.57 1889.71 1774.39 1658.08 1630.47 1687.81 1704.56 1698.6 1678.63 1671.06 1847.67 1973.56 2021.09 2049.7 2010.03 2000.56 1998.15 1996.02 2067.59 2129.87 2284.59
3888.43 3692.06 3409.51 3366.52 3729.28 3996.37 3982.66 3858.51 3738.38 3607.27 3447.34 3348.16 3374.03 3432.36 3436.13 3354.53 3365.77 3398.38 3472.65 3422.62 3243.51 3252.49 3416.82 3348.1 3361.79 3346.11 3300.8 3005.08 2591.04 2313.62 2209.01 2248.36 2309.81 2397.67 2499.08 2596.98 2691.51 2751.64 2757.92 2685.41 2566.91 2428.37 2263.39 2049.31 1988.61 1981.48 1879.76 1713.76 1646.67 1554.4 1601.23 1692.71 1717.38 1722.29 1701.48 1697.26 1776.01 1882.14 1956.54 1999.02 1969.53 1978.83 2016.91 2018.02 2081.36 2156.95 2282.56
3730.48 3545.67 3255.96 3275.81 3704.33 3978.31 3984.55 3880.25 3761.06 3618.52 3435.05 3289.71 3256.37 3253.91 3212.77 3104.39 3106.84 3145.06 3240.94 3235.72 3119.68 3157.96 3402.35 3353.91 3368.36 3344.99 3266.81 2956.6 2519.26 2246.5 2178.45 2246.55 2300.31 2396.65 2501.01 2600.24 2686.03 2725.95 2680.14 2551.56 2354.26 2143.29 1931.13 1756.23 1694.86 1674.13 1612.66 1533.27 1514.27 1464.94 1548.46 1663.4 1696.94 1702.69 1714.36 1718.69 1722.46 1740.82 1829.57 1892.31 1903.34 1950.57 1994.56 2007.98 2053.51 2121.53 2167.9
3719.82 3565.14 3312.23 3398.1 3810.3 4041.97 4045.59 3948.23 3825.99 3674.17 3472.49 3279.86 3188.07 3133.36 3046.77 2922.14 2924.65 2970.27 3084.71 3115.71 3051.05 3102.23 3374.5 3321.96 3335.82 3324.08 3245.92 2984.91 2548.4 2283.29 2259.89 2373.24 2389.15 2489.95 2590.02 2678.03 2745.52 2769.94 2712.97 2567.55 2336.5 2082.6 1827.4 1664.74 1587.05 1561.33 1539.42 1472.24 1453.31 1397.6 1502.57 1618.7 1657.46 1670.73 1695.46 1717.88 1740.2 1772.46 1869.23 1963.58 2011.69 2105.11 2166.88 2210.79 2262.54 2301.89 2294.75
3537.08 3674.81 3476.42 3584.67 3923.61 4092.6 4074.88 3972.37 3847.88 3689.4 3481.49 3270.69 3137.85 3046.18 2934.15 2808.05 2809.14 2855.82 2977.12 3026.34 2991.52 3039.21 3299.79 3258.72 3275.99 3289.25 3220.16 3000.48 2599.45 2340.4 2343.68 2502.68 2485.73 2582.31 2675.03 2745.28 2797.04 2811.76 2757.51 2623.31 2391.39 2111.29 1839.74 1675.74 1619.16 1575.48 1567.77 1488.53 1453.44 1396 1492.33 1604.76 1657.72 1676.77 1708.25 1723.31 1735.53 1784.65 1889.71 2000.66 2079.05 2205.47 2291.48 2353.57 2413.64 2420.94 2398.33
3497.24 3745.62 3599.37 3683.99 3944.03 4056.93 4013.72 3903.39 3777.59 3621.8 3423.96 3221.73 3090.06 3002.02 2892.77 2761.73 2746.86 2782.64 2898.03 2945.88 2915.88 2941.27 3160.93 3138.04 3161.39 3198.46 3154.3 2963.11 2615.75 2361.67 2361.75 2519.87 2493.2 2565.1 2631.42 2672.44 2706.16 2714.57 2663.95 2541.31 2334.48 2065.78 1796.47 1635.31 1576.62 1535.88 1517.8 1428.26 1404.92 1383.76 1482.09 1569.14 1628.81 1657.68 1694.88 1711.98 1726.56 1778.17 1861.38 1976.65 2080.79 2229.29 2334.87 2419.93 2488.73 2491.26 2467.61
3509.4 3673.29 3691.91 3740.66 3930.43 3990.81 3920.86 3801.38 3674.55 3526.22 3347.82 3169.02 3055.95 2984.28 2885.03 2747.98 2710.08 2728.98 2835.84 2877.77 2828.11 2803.63 2937.07 2913.5 2950.29 3018.94 2999.73 2846.76 2590.5 2364.7 2347.36 2461.69 2440.54 2505.89 2577.01 2589.47 2595.73 2592.78 2540.37 2427.64 2235.29 1965.64 1696.86 1544.64 1482.43 1454.78 1432.15 1374.42 1380.42 1400.86 1490.22 1601.9 1674.12 1712.93 1757.98 1777.83 1795.69 1839.08 1886.02 1999.32 2107.86 2261.05 2372.94 2475.42 2535.89 2521.95 2476.84
3560.43 3698.12 3769.51 3799.1 3933.5 3947.77 3851.12 3718.38 3586.07 3446.11 3294.27 3139.26 3030.61 2957.37 2859.9 2717.22 2660.3 2664.68 2768.65 2812.97 2743.55 2655.38 2689.91 2632.95 2678.32 2753.69 2739.81 2643.86 2486.44 2343.22 2295.16 2360.58 2346.46 2414.8 2463.97 2455.93 2453.01 2444.21 2398.27 2313.87 2154.55 1911.13 1651.46 1503.4 1433.05 1390.72 1360.53 1338.36 1379.17 1448.99 1559.91 1667.64 1743.31 1782.65 1802.63 1798.1 1807.94 1839.39 1885.11 1992.63 2105.8 2261.04 2379.11 2479.69 2505.74 2476.19 2401.06
3675.16 3781.21 3821.13 3806.9 3899.29 3884.02 3768.59 3623.81 3484.13 3353.36 3233.59 3117.46 3014.6 2932.98 2830.63 2686.03 2619.28 2619.76 2725.85 2780.39 2700.97 2587.1 2625.05 2616.41 2681.31 2757.58 2667.75 2497.21 2414.16 2343.05 2256.67 2288.58 2259.32 2332.63 2374.97 2357.89 2349.96 2340.27 2294.88 2206.38 2050.02 1828.44 1597.59 1460.69 1383.61 1329.07 1297.32 1296.25 1364.99 1452.79 1576.61 1692.98 1759.46 1810.65 1833.35 1817.54 1824.24 1855.82 1884.47 1961.17 2083.05 2247.67 2378.15 2458.33 2446.1 2384.76 2286.19
3846.51 3935.98 3807.68 3686.79 3752.74 3736.88 3624.02 3481.18 3341.59 3222.25 3127.69 3038.26 2949.42 2872.5 2768.88 2633.5 2570.9 2576.55 2690.66 2766.48 2691.34 2550.27 2581.86 2562.62 2630.7 2717.36 2649.79 2516.21 2448.9 2360.26 2259.15 2284.23 2200.51 2271.78 2316.55 2300.06 2295.27 2291.18 2257.07 2180.79 2038.83 1844.54 1644.11 1523.06 1444.07 1379.37 1354.62 1373.36 1452.21 1545.68 1667.97 1783.74 1840.94 1865.29 1870.1 1856.52 1877.39 1913.95 1933.24 1980.61 2055.35 2224.1 2346.63 2399.62 2354.43 2254.25 2132.35
3814.26 3904.72 3695.12 3466.63 3503.07 3512.22 3423.08 3295.96 3163.17 3052.49 2970.38 2897.02 2822.03 2760.46 2669.09 2557.91 2514.5 2531.81 2648.87 2734.42 2676.55 2549.52 2617.12 2642.87 2719.45 2800.95 2743.47 2624.22 2543.14 2367.89 2264.24 2288.93 2158.79 2224.79 2258.73 2238.05 2231.56 2223.03 2195.62 2138.1 2003.51 1805.66 1610.86 1508.08 1424.66 1341.63 1301.76 1335.42 1452.1 1603.38 1774.21 1920.04 1988.18 2021.38 2030.26 2021.8 2038.75 2070.87 2088.85 2130.24 2191.81 2357.97 2432.73 2442.09 2339.09 2202.31 2047.65
3450.71 3582.26 3506.64 3260.3 3216.89 3224.39 3165.39 3060.48 2936.38 2823.71 2733.77 2659.14 2590.19 2544 2473.07 2391.74 2379.83 2414.75 2524.45 2607.15 2578.02 2522.01 2628.97 2693.29 2768.57 2837.51 2778.26 2665.21 2556.89 2344.24 2247.2 2274.72 2136.88 2200.73 2235.38 2207.94 2190.35 2173.92 2139.29 2072.19 1932.56 1736.14 1556.38 1476.28 1401.91 1310.79 1259.6 1286.63 1407.14 1578.08 1766.74 1955.54 2037.31 2067.94 2079.37 2074.05 2090.28 2122.96 2140.59 2179.01 2236.23 2370.26 2403.13 2391.04 2236.46 2048.2 1881.64
3173.9 3279.41 3327.12 3194.71 3071.15 3007.46 2953.15 2876.89 2772.24 2652.95 2536.91 2435.72 2349.04 2306.94 2249.98 2194.43 2204.07 2240.59 2319.62 2386.87 2396.69 2440.81 2571.35 2646.62 2714.98 2768.89 2704.64 2592.37 2421.6 2227.9 2175.64 2226.01 2108.91 2175.3 2209.87 2175.78 2148.64 2121.09 2067.97 1977.61 1827.26 1642.98 1500.79 1457.48 1417.97 1338.98 1292.79 1307.24 1424.23 1593.04 1792.54 2017.41 2105.02 2137.57 2153.92 2155.68 2176.43 2210.47 2228.14 2259.01 2292.13 2390.52 2405.43 2366.52 2174.77 1975.56 1794.66
3008.13 3064.73 3160.96 3191.53 3150.77 3060.33 2974.85 2908.93 2824.74 2701.21 2554.41 2411.33 2282.54 2223.48 2163.81 2117.48 2099.97 2100.91 2125.9 2169.28 2235.37 2347.72 2471.33 2480.25 2524.95 2557.32 2472.95 2346.82 2170.16 2000.17 2005.14 2087.32 2055.97 2134.45 2161.19 2119.17 2082.25 2041.47 1965.91 1848.29 1687.68 1521.47 1434.69 1430.79 1414.32 1352.79 1303.02 1309.7 1428.87 1598.08 1799.24 1991.32 2069.68 2105.76 2133.57 2153.3 2186.13 2228.1 2250.4 2280.83 2315.89 2405.29 2407.96 2350.49 2133.7 1921.46 1717.48
2903.87 2908.75 2979.09 3082.7 3131.13 3092.27 3017.59 2951.43 2863.49 2715.35 2540.43 2390.01 2282.31 2218.67 2153.46 2106.13 2055.64 2055.12 2073.73 2095.97 2175.38 2319.62 2431.05 2352.05 2365.82 2381.65 2263.21 2112.24 2013.14 1870.03 1902.46 1920.33 2014.3 2093.45 2111.51 2060.83 2014.67 1962.89 1873.94 1741.49 1569.46 1436.23 1402.74 1427.54 1423.18 1368.31 1307.43 1308.75 1424.56 1580.85 1775.71 1949.67 2038.34 2072.25 2106.73 2147.35 2193.47 2246.65 2269.63 2293.67 2322.95 2401.87 2394.73 2317.31 2081.36 1847.61 1626.23
2829.89 2790.14 2838.56 2944.09 3020.55 3019.55 2973.92 2917.16 2823.22 2678.8 2508.54 2360.19 2258.49 2199.99 2135.76 2086.45 2040.17 2070.75 2109.11 2124.83 2186.27 2309.08 2411.83 2346.88 2350.74 2345.18 2220.11 2084.97 1974.95 1857.86 1888.93 1883.81 1980.54 2055.23 2069.08 2014.5 1965.86 1910.31 1815.41 1680.58 1503.7 1403.73 1411.05 1448.21 1456.31 1408.93 1345.11 1354.26 1449.38 1580.06 1768.66 1954.92 2055.02 2086.01 2126.55 2184.78 2240.88 2299.59 2317.47 2329.84 2343.83 2412.7 2395.51 2273.79 2020.12 1758.79 1512.09
2783 2705.28 2728.02 2834.6 2933.75 2962.39 2943.45 2911.85 2851.04 2731.31 2569.96 2419.95 2294.79 2214.51 2133.26 2077.44 2030.13 2066.69 2165.73 2172.26 2197.87 2273.43 2370.27 2324.88 2310.33 2278.73 2153.68 2039.85 1926.69 1832.19 1844.35 1820.38 1919.29 1990.54 2001.98 1945.99 1899.51 1843.87 1745.4 1609.75 1451.76 1381.78 1417.32 1465.4 1487.07 1453.18 1404.21 1419.72 1488.27 1595.98 1771.74 1983.92 2107.12 2143.96 2192.45 2258.1 2317.98 2376.31 2384.44 2378.74 2378.58 2428.48 2399.88 2267.78 2005.58 1707.38 1470.4
2801.41 2699.57 2693.66 2800.2 2919.65 2973.94 2973.01 2964.58 2941.23 2857.78 2715.68 2559.83 2410.31 2306.43 2199.69 2128.73 2079.04 2089.42 2246.97 2231.42 2209.46 2231.91 2284.83 2327.11 2254.77 2190.88 2062.63 1986.21 1850.96 1777.67 1766.28 1738.19 1842.36 1923.11 1945.95 1903.31 1866.15 1816.51 1723.24 1594.16 1454.57 1417.13 1467.41 1516.48 1534.14 1500.15 1448.54 1456.57 1518.74 1615.36 1770.66 1989.22 2135.88 2177.45 2231.09 2305.45 2372.35 2436.22 2443.9 2433.55 2428.5 2472.34 2443.42 2328.68 2071.51 1727.05 1505.55
2906.01 2790.65 2763.99 2852.68 2966.91 3024.78 3028.47 3037.93 3052.47 3013.04 2902.68 2756.19 2591.21 2461.79 2324.38 2227.24 2137.14 2136.04 2289.43 2304.35 2237.1 2218.83 2244.53 2257.54 2245.25 2185.18 2052.87 1886.95 1787.26 1751.89 1729.84 1660.06 1737.6 1806.06 1844.46 1815.35 1791.84 1749.5 1665.37 1549.33 1429.68 1424.66 1487.72 1530.22 1535.21 1492.79 1439.97 1467.61 1546.02 1661.3 1799.16 2013.93 2184.21 2237.67 2301.96 2388.27 2472.51 2550.89 2565.38 2552.76 2537.04 2565.28 2541.04 2431.18 2190.23 1825.84 1598.53
3072.82 2965.06 2918.19 2967.58 3045.23 3088.84 3088.56 3110.8 3159 3162.07 3091.61 2964.86 2778.64 2620.96 2449.12 2312.93 2153.47 2153.91 2305.81 2374.3 2286.31 2236.35 2251.28 2255.73 2209.15 2105.49 1959.4 1822.31 1771.61 1778.82 1747.88 1657.86 1709.97 1764.7 1813.47 1802.48 1795.7 1762.24 1685.82 1579.58 1472.41 1480.69 1539.37 1570.93 1566.48 1529.75 1477.3 1510.84 1605.62 1728.19 1842.67 2040.01 2220.8 2284.41 2357.95 2458.62 2558.9 2654.32 2676.8 2660.55 2640.75 2650.71 2625.13 2518.01 2290.15 1918.53 1673.71
3258.14 3170.53 3010.63 2859.3 2908.5 3004.59 3035.13 3214.16 3279.96 3004.79 2954.87 2920 2797.28 2706.57 2537.39 2373.05 2174 2177.96 2336.82 2385.37 2345.98 2273.46 2281.64 2294.58 2239.83 2116.37 1955.51 1830.73 1806.29 1845.67 1834.1 1733.76 1764.11 1797.17 1829.61 1837.35 1848.57 1825.84 1758.06 1661.86 1546.45 1547.21 1596.62 1631.27 1638.58 1611.28 1569.67 1613.88 1713.99 1820.98 1902.95 2060.31 2240.29 2318.53 2404.85 2525.88 2657.41 2767.18 2801.64 2785.6 2752.9 2751.17 2718.89 2615.67 2397.1 2022.95 1748.17
