Code/Results/Ref_40/1000/MW_40_1000_140/2.9_40_1000_rms_map_shift_80km.grd
DSAA
165 185
-4920000.0 4920000.0
-5520000.0 5520000.0
330.6464714674005 34369.45680714907
[rows 120 to 149 of 185, columns 0 to 66 of 165]
26748.9 23960.7 20247.7 15986.8 11634 7638.18 4371.06 2115.42 1038.16 874.701 857.811 869.492 892.615 909.915 915.71 851.201 851.152 887.162 958.234 1060.84 1186.63 1304.38 1395.14 1454.08 1510.17 1545.04 1558.08 1602.35 1687.49 1776.49 1843.7 1887.14 1924.99 1981.5 2082.34 2233.55 2388.8 2645.05 2907.85 3203.59 3619.7 4029.04 4379.48 4668.59 4941.91 5128.1 5301.35 5482.48 5689 5911.71 6029.92 6001.34 5892.63 5772.96 5718.42 5620.66 5426.44 5266.94 5037.49 4818.16 4620.23 4167.01 3720.19 3446.09 3384.96 3415.1 3443.03
26678.4 23888.7 20175.3 15916.1 11570 7593.1 4367.39 2192.12 1209.45 1082.16 1080.73 1101.4 1124.46 1133.76 1126.71 968.042 963.357 981.818 1033.55 1107.3 1207.69 1313.71 1402.83 1460.72 1510.5 1547.29 1564.34 1615.8 1697.92 1782.71 1847.7 1889.63 1925.16 1980.69 2099.88 2187.65 2324.21 2569.69 2871.02 3221.06 3686.3 4147.39 4575.11 4923.18 5250.51 5495.96 5741.32 5981.27 5781.57 5875.91 5889.06 5809.16 5673.85 5532.92 5422.07 5226.26 4917.65 4668.15 4469.85 4337.6 4446.69 4031.4 3623.33 3378.78 3342.98 3411.79 3490.28
26616 23819.1 20100.8 15839 11495.6 7535.87 4356.8 2272.53 1385.35 1299.21 1321.15 1362.02 1399.91 1192.84 1193.42 1192.75 1196.11 1213.43 1252.59 1309.72 1383.33 1460.64 1526.99 1573.15 1611.82 1643.92 1669.06 1731.41 1795.34 1862.88 1913.46 1944.86 1966.2 1990.21 2038.89 2100.07 2211.76 2452.03 2795.41 3212.82 3735.54 4247.65 4713.69 5096.89 5443.81 5719.23 6001.93 5783.54 5844.26 5901.98 5905.06 5868.71 5749.78 5578.01 5437.67 5222.39 4894.34 4668.62 4476.22 4435.75 4358.89 3924.43 3513.33 3283.24 3262.2 3356.33 3457.52
26560.3 23751.4 20024.1 15756.2 11413.6 7471.22 4344.93 2357.99 1548.09 1378.25 1390.11 1401.33 1413.23 1455.77 1482.27 1497.18 1509.74 1524.95 1551.25 1587.48 1631.27 1674.92 1714.17 1743.38 1778.33 1817.31 1856.31 1917.47 1968.29 2012 2037.13 2038.4 2017.52 1995.27 1988.4 2012.78 2106.51 2357.65 2746.63 3220.71 3788.09 4333.79 4821.02 5212.84 5562.42 5827.88 5884.51 5975.87 6027.93 6073.31 6059.84 6002.37 5865.78 5699.04 5558.04 5337.33 5016.55 4787.54 4593.39 4538.85 4308.26 3854.11 3432.13 3198.59 3170.75 3249.28 3328.14
26511.9 23687.8 19948.9 15672.8 11329.4 7404.3 4333.47 2433.19 1660.15 1547.45 1576.54 1612.3 1650.22 1717.18 1763.24 1789.51 1802.81 1807.57 1810.89 1816.5 1828.65 1846.91 1872.66 1897.82 1938.38 1989.58 2049.14 2096.82 2133.17 2151.55 2147.9 2119.37 2070.09 2013.48 1968.86 1964.37 2059.24 2330.07 2745.54 3239.91 3816.27 4362.34 4842.07 5215.6 5539.45 5742.93 5940.14 6043.45 6082.4 6113.61 6087.49 6001.51 5845.2 5681.56 5539.91 5328.56 5037.7 4803.39 4614.94 4595.31 4237.19 3801.03 3401.9 3177.81 3124.3 3149.65 3170.39
26472.1 23631.6 19879.8 15594 11247.6 7336.67 4317 2488.53 1775.16 1704.15 1742.23 1792.92 1844.29 1920.6 1977.1 2005.14 2010.62 1996.69 1972.4 1949.2 1936.59 1938.56 2003.31 1997.23 2049.02 2112.4 2177.4 2217.79 2237.93 2236.28 2213.27 2169.1 2107.06 2038.88 1985.7 1979.85 2084.44 2363.37 2769.39 3238.61 3784.96 4294.7 4735.82 5076.27 5373.12 5560.17 5743.85 5871.98 5912.12 5934.37 5900.3 5767.95 5594.32 5424.52 5288.19 5105.52 4856.98 4652.34 4503.02 4462.24 4144.85 3764.31 3417.5 3215.6 3136.72 3106.96 3069.72
26441.3 23584.6 19819.7 15522.5 11169.9 7266.69 4287.17 2508.96 1857.99 1814.6 1854.11 1911.09 1967.81 2047.57 2106.18 2130.37 2126.03 2096.11 2051.77 2011.45 1985.97 2043.66 2046.19 2073.53 2121.04 2192.62 2258.37 2289.63 2296.57 2278.69 2242.71 2192.29 2130.44 2066.39 2020.11 2023.62 2130.78 2396.02 2755.88 3153.07 3601.94 4033.87 4442.28 4752.02 5007.55 5152.59 5290.89 5383.29 5402.03 5418.86 5378.27 5247.88 5078.67 4926.47 4815.69 4678.43 4497.46 4357.68 4269.47 4255.28 4008.01 3712.21 3438.51 3274.7 3191.36 3133.11 3065.86
26414.9 23543.6 19766.1 15456.8 11094.5 7191.74 4238.22 2493.97 1899.7 1880.29 1914.18 1971.04 2028.72 2108.98 2167.09 2190.03 2182.98 2148.73 2098.81 2054.45 2025.13 2090.69 2094.74 2127.1 2179.59 2252.41 2315.9 2337.83 2331.26 2299.03 2252.29 2197.59 2137.89 2079.65 2040.19 2049.85 2147.71 2391.45 2684.73 2934.19 3256.87 3626.35 3965.02 4195.83 4391.21 4478.4 4553.2 4583.03 4592.38 4605.95 4571.36 4475.1 4334.65 4238.86 4184.3 4114.71 4020.17 3963.77 3973.19 3998.39 3827.52 3626.47 3435.37 3319.69 3254.44 3202.29 3137.47
26392.6 23509.6 19721.1 15399.6 11025 7116.42 4176.02 2457.57 1908.09 1907.46 1933.44 1988.46 2045.52 2126.17 2186.79 2214.88 2214.03 2186.77 2144.47 2104.18 2076.39 2152.93 2156.79 2190.12 2232.84 2299.64 2358.59 2369.16 2349.03 2304.25 2247.28 2185.74 2123.18 2064.98 2026.92 2033.54 2122.7 2355.84 2536.66 2641.62 2879.14 3176.93 3402.99 3532.93 3642.75 3663.85 3690.97 3696.88 3710.22 3725.23 3706.53 3660.17 3558.74 3527.07 3555.13 3570.52 3565.62 3602.21 3718.94 3756.16 3658.04 3538.67 3425.48 3358.77 3321.34 3287.82 3243.25
26379.7 23488.4 19691.8 15358.7 10969.9 7050.49 4114.09 2420.85 1908.48 1910.12 1929.12 1982.21 2039.1 2122.67 2189.24 2227.42 2238.1 2224.42 2193.29 2159.44 2131.92 2125.64 2154.31 2209.4 2276.74 2333.34 2382.87 2386.27 2354.72 2300.32 2234.91 2165.24 2095.57 2032.42 1974.24 1960.48 2067.63 2300.94 2367.1 2428.26 2586.32 2791.65 2933.22 2989.17 3007.39 2976.57 2976.2 2982.47 3007.7 3037.05 3036.46 3028.78 2966.7 2990.95 3075.36 3146.97 3223.44 3345.39 3527.34 3563.57 3523.57 3465.89 3420.69 3413.28 3407.38 3393.72 3365.42
26379.1 23483 19680.8 15337.9 10934 6999.55 4060.1 2402.92 1925.88 1924.01 1930.13 1974.75 2028.46 2114.07 2186.43 2234.45 2256.35 2254.43 2232.88 2203.18 2172.81 2159.42 2184.19 2238.6 2301.23 2350.05 2391.7 2392.7 2355.79 2295.44 2224.31 2147.61 2069.7 1999.13 1912.52 1882.22 1952.56 2158.4 2263.74 2297.06 2392.04 2525.4 2595.88 2597.63 2566.18 2496.74 2481.83 2494.77 2538.99 2591.53 2614.13 2632.28 2605.28 2668.17 2770.8 2864.52 2986.11 3164.84 3380.35 3426.39 3426.56 3417.07 3433.51 3488.96 3529.55 3548.77 3543.46
26388.1 23489.2 19684 15333.4 10914.7 6961.31 4010.56 2390.29 1953.11 1950.02 1938.95 1970.64 2021.38 2104.5 2181.8 2238.07 2267.62 2272.94 2256.8 2226.9 2190.27 2168.75 2189.46 2243.19 2302.97 2347.77 2385.38 2386.8 2348.45 2283.59 2208.1 2125.61 2040.31 1962.27 1859.09 1823.67 1894.8 2107.3 2216.64 2243.08 2309.45 2408.92 2442.18 2410.19 2359.15 2285.27 2274.3 2299.78 2359.06 2420.01 2461.38 2493.08 2482.72 2558.79 2663.24 2753.46 2872.25 3061.66 3281.85 3351.25 3378.96 3407.58 3478.06 3594.48 3686.12 3748.21 3774.22
26407.9 23507.5 19701 15345 10912.4 6936.92 3966.69 2357.5 1952.77 1953.57 1927.78 1949.75 1997.95 2082.72 2166.45 2228.59 2263.36 2272.9 2257.3 2222.63 2178.19 2151.47 2171.67 2226.76 2284.46 2326.84 2353.53 2365.98 2326.56 2256.45 2176.66 2089.46 1998.61 1915.42 1809.99 1776.9 1855.26 2076.46 2188.53 2217.6 2289.59 2391.92 2422.7 2390.72 2349.28 2290.85 2294.36 2330.56 2393.79 2454.93 2498.49 2538 2529.67 2576.66 2676.31 2766.02 2860.2 3038.27 3266.19 3343.31 3390.63 3451.76 3563.56 3722.38 3857.34 3955.4 4010.92
26447 23545.3 19738.2 15378.5 10933.5 6934.97 3940.5 2335.3 1958.19 1965.14 1920.39 1929.11 1969.9 2052.63 2136.85 2201.75 2238.22 2247.15 2228.35 2187.78 2138.24 2111.41 2136.59 2194.66 2249.15 2288.45 2315.04 2329.13 2286.54 2210.31 2126.17 2035.75 1941.73 1830.4 1746.41 1708.64 1765.2 1986.01 2111.16 2143.35 2222.98 2336.74 2376.82 2359.56 2343.04 2306.65 2329.59 2374.92 2436.82 2495.12 2539.49 2591.97 2597.09 2596.28 2672.32 2777.34 2874.73 3061.1 3312.38 3388.14 3449.39 3539.06 3681.4 3865.24 4025.01 4148.48 4228.29
26510.7 23607.4 19799.7 15436.9 10980.9 6961.01 3942.4 2339.58 1992.36 2005.01 1946.53 1939.05 1967.94 2043.71 2122.12 2183.8 2217.4 2221.71 2196.7 2149.64 2097.44 2073.26 2100.55 2155.86 2204.73 2239.56 2264.41 2280.16 2231.07 2147.59 2060.01 1968.17 1872.99 1751.03 1661.56 1611.78 1657.39 1794.45 1942.62 1994.08 2083.41 2205.69 2255.65 2254.85 2265.18 2250.57 2296.75 2350.63 2407.51 2460.1 2504.26 2556.25 2585.24 2572.14 2611.41 2717.75 2841.77 3060.13 3352.14 3423.17 3496.52 3614.13 3787.67 3993.58 4170.32 4309.9 4402.98
26594.6 23689.7 19881.4 15515.9 11050.6 7011.63 3971.28 2368.25 2046.87 2065.58 1998.43 1976.16 1991.19 2059.06 2129.15 2182.81 2210.76 2210.2 2180.57 2130.12 2076.77 2051.97 2074.16 2120.4 2163.46 2193.35 2214.35 2215.77 2170.97 2080.32 1989.8 1897.57 1800.23 1663.91 1566.16 1524.86 1521.46 1589.46 1714.85 1794.71 1882.24 1998.95 2051.04 2064.39 2096.75 2096.3 2161.14 2235.38 2294.16 2338.9 2380.82 2424.53 2459.09 2454.6 2474.27 2574.7 2727.39 2987.37 3329.43 3413.33 3503.66 3653.97 3863.72 4095.56 4287.23 4435.97 4530.77
26684.9 23779.7 19971.7 15605.1 11132.7 7077.38 4015.82 2407.76 2102.17 2123.26 2046.02 2009.51 2010.65 2069.17 2132.93 2179.21 2203.01 2200.67 2170.82 2120.11 2065.07 2033.82 2045.3 2081.06 2119.78 2148.39 2163.97 2156.98 2107.13 2010.26 1916.29 1822.82 1688.93 1565.46 1481.52 1408.47 1361.01 1419.55 1540.61 1642.24 1717.37 1820.44 1867.71 1894.49 1951.07 1960.44 2026.54 2088.72 2146.45 2180.64 2213.39 2241.5 2265.31 2257.58 2253.12 2342.63 2515.7 2805.4 3180.32 3321.85 3447.19 3640.89 3896.61 4164.15 4375.63 4526.49 4612.37
26769.6 23866.6 20061.2 15695.8 11219.3 7148.96 4060.84 2432.23 2128.97 2150.87 2064.29 2019.38 2005.75 2046.02 2101.37 2141.57 2163.97 2161 2130.35 2077.11 2016.57 1976.8 1977.74 2006.57 2043.37 2073.43 2082.46 2084.68 2006.54 1909.96 1815.64 1716.96 1598.79 1469.72 1357.2 1287.78 1253.8 1292.2 1391.98 1517.18 1601.64 1702.09 1757.3 1806.51 1887.55 1907.5 1977.65 2011.41 2043.42 2067.42 2089.53 2104.98 2115.36 2109.34 2100.64 2164.57 2328.46 2617.2 2989.67 3197.39 3372.07 3613.18 3909.38 4201.21 4422.59 4567.87 4641.53
26842.1 23944.7 20145.1 15784.3 11306.1 7220.06 4093.25 2422.46 2104.16 2128.25 2032.25 1971.12 1947.49 1967.07 1993 2026.38 2044.21 2035.8 1996.81 1934.97 1866.24 1819.01 1815.62 1842.63 1897.05 1919.37 1922.73 1891.52 1824.73 1740.87 1654.19 1526.43 1409.16 1315.96 1217.15 1167.37 1162.09 1194.67 1261.74 1345.56 1432.68 1535.42 1603.35 1665.9 1730.94 1765.11 1803.46 1821.97 1836.94 1851.9 1861.04 1861.79 1858.26 1846.8 1843.3 1904.78 2042.42 2307.4 2677.19 3051.26 3292.29 3576.31 3896.75 4197.12 4417.61 4555.9 4620.94
26902.4 24013.9 20223.4 15869.6 11390.5 7285.6 4105.89 2356.83 2007.83 2038.56 1935.65 1856.93 1812.37 1771.8 1763.84 1783.03 1798.69 1788.85 1744.17 1673.91 1602.8 1560.28 1556.67 1578.83 1608.19 1630.74 1636.14 1614.88 1567.92 1505.49 1402.4 1312.18 1217.59 1132.1 1085.78 1059.54 1082.06 1101.45 1128.89 1168.22 1218.2 1267.95 1313.58 1353.97 1394.92 1429.49 1445.41 1446.94 1446.85 1449.35 1443.82 1429.82 1410.68 1386.45 1378.82 1440.06 1600.19 1903.36 2300 2736.03 3188.11 3501.15 3826.46 4125.55 4346.55 4486.97 4553.77
26951.1 24074.1 20294.5 15948.7 11468.4 7341.7 4098.97 2245.34 1841.31 1878.44 1775.59 1680.27 1613.28 1528.95 1485.33 1479.2 1476.82 1452.81 1400.18 1330.54 1269.84 1243.17 1253.63 1283.49 1314.23 1336.33 1345.58 1337.67 1309.85 1246.55 1186.46 1123.66 1059.99 1006.9 980.99 961.556 979.821 1001.62 1008.15 1012.4 1018.17 1028.95 1044.29 1071.34 1099.21 1122.06 1119.44 1102.86 1087.03 1078.62 1061.91 1035.92 1003.57 964.995 949.052 1028.55 1221.68 1553.92 1945.2 2355.33 2740.44 3088.29 3410.21 3705.78 4172.8 4326.85 4412.56
26989.4 24124.6 20356.7 16018.9 11537.3 7389.36 4083.62 2110.03 1625.46 1670.93 1571.18 1464.34 1377.77 1278.87 1210.33 1191.69 1187.29 1168.45 1128.92 1080.82 1046.41 1042.74 1066.37 1099.33 1127.36 1148.28 1161.85 1158.97 1146.76 1102.69 1060.62 1010.29 957.036 912.452 904.895 875.488 880.667 907.986 915.054 917.805 917.01 919.069 922.873 947.451 966.81 975.302 957.687 930.472 911.063 894.524 844.164 816.324 777.668 727.875 705.303 786.142 978.115 1288.16 1630.44 1982.27 2311.25 2606.77 2895.06 3175.46 3437.33 3652.16 3834.79
27016.2 24162.8 20406.1 16076.9 11596.4 7433.23 4078.04 1994.82 1418.4 1472.9 1376.12 1263.09 1174.43 1083.91 1011.54 1004.23 1021.61 1030.01 1021.88 1006.21 998.974 1011.41 1039.34 1068.25 1088.89 1103.52 1107.15 1102.05 1086.88 1059.58 1012.25 947.211 875.961 837.013 840.109 796.885 792.88 836.965 890.864 918.028 928.565 936.003 941.066 961.454 981.298 981.367 966.021 950.835 940.296 883.54 722.162 700.658 667.329 620.004 601.155 676.293 845.381 1102.33 1376.46 1651.31 1900.25 2124.39 2362 2621.85 2869.13 3054.33 3197.96
27029.7 24186 20440.1 16121.1 11646.7 7479.63 4099.13 1943.31 1286.5 1346.22 1251.39 1138.94 1059.15 1016.55 960.788 976.325 1017.13 1047.5 1059 1057.97 1058.42 1072.04 1096.54 1118.84 1130.48 1131.96 1121.02 1106.3 1088.55 1053.35 990.302 901.457 810.207 794.198 794.368 749.624 743.586 785.43 853.396 928.475 980.572 998.542 1015.31 1034.82 1057.27 1069.43 1071.58 1073.95 1064.09 944.99 670.004 655.376 635.229 603.805 595.809 655.247 787.925 987.897 1180.81 1374.62 1539.73 1695.47 1878.66 2097.45 2318.4 2474.07 2591.44
27028.6 24192.6 20457 16150.3 11688 7529.27 4149.66 1972.75 1276.22 1336.62 1242.8 1139.7 1063.91 1033.33 1047.81 1072.83 1114.56 1140.7 1144.74 1133.54 1122.32 1125.71 1142.95 1159.08 1162.86 1151.52 1127.51 1100.04 1069.06 1028.48 953.801 849.332 751.111 760.405 768.616 734.581 730.014 763.843 819.982 886.04 946.978 997.668 1051.2 1069.66 1092.75 1110.45 1119.27 1124.52 1113.04 969.75 667.483 637.09 621.918 603.835 609.279 662.556 761.698 909.715 1042.03 1177.42 1289.9 1406.49 1558.8 1735.53 1898.14 1996.57 2070.35
27012.8 24182.7 20456.3 16163 11716.4 7573.89 4211.83 2047.22 1358.16 1410.07 1315.64 1219.21 1139.22 1116.58 1141.85 1199.68 1229.11 1236.39 1217.96 1182.25 1147.64 1133.12 1139.97 1150.43 1149.1 1130.14 1097.42 1059.68 1017.57 971.054 894.786 787.982 696.639 725.399 759.449 737.486 732.545 755.657 797.573 852.694 907.941 958.374 1016.33 1068.51 1112.04 1112.89 1125.63 1131.26 1119.89 982.919 694.182 656.23 637.97 623.329 634.737 685.659 768.778 882.221 982.875 1082.6 1169.33 1270.63 1415.25 1583.49 1702.93 1747.23 1761.53
26983.3 24157 20437.7 16156.4 11725.8 7602.04 4264.13 2123.35 1459.01 1502.84 1405.36 1312.71 1238.03 1217.85 1237.9 1271.59 1299.93 1304.53 1275.95 1210.02 1145.43 1106.84 1099.48 1103.54 1098.85 1076.67 1039.6 995.135 945.508 895.624 823.962 724.752 647.706 694.526 758.247 749.488 745.972 760.491 792.06 837.549 884.382 928.75 983.672 1034.92 1080.31 1122.16 1141.04 1144.62 1135.96 1009.05 741.055 695.816 669.94 654.148 666.125 714.109 789.174 886.085 970.477 1053.29 1127.84 1217.14 1348.17 1513.07 1630.77 1667.68 1661.33
26945.6 24121 20406.3 16134 11716.4 7609.67 4294.67 2174.05 1534.2 1571.73 1473.95 1385.08 1313.17 1292.95 1307.4 1330.27 1342.47 1325.89 1279.46 1219.41 1123.88 1058.25 1033.73 1030.5 1024 1001.82 963.815 916.082 862.315 812.251 749.975 664.686 604.961 667.274 752.986 756.968 756.405 765.934 791.252 829.537 867.752 902.328 947.876 989.997 1028.9 1068.76 1119.9 1183.85 1152.95 1038.93 792.96 741.075 710.198 693.015 705.999 749.815 818.025 907.751 983.475 1056.53 1118.67 1185.78 1280.09 1409.19 1516.19 1557.5 1559.02
26902.3 24077.7 20365 16098.2 11690 7596.86 4299.87 2192.06 1574.01 1608.23 1507.51 1418.09 1347.54 1327.4 1337.89 1353.56 1353.69 1320.91 1255.43 1172.91 1089.72 997.967 955.032 943.68 936.184 915.999 879.83 831.7 776.604 728.037 678.519 610.511 568.348 641.877 736.926 751.892 754.964 762.485 784.755 818.257 848.392 871.564 904.141 932.221 958.627 990.636 1041.36 1114.08 1196.48 1064.54 840.106 786.309 754.622 736.349 750.35 788.159 846.305 924.9 989.633 1050.2 1095.75 1135.14 1186.33 1251.16 1310.61 1351.13 1366.01
26854.2 24028.7 20316.5 16053 11652 7569.83 4285.79 2183.64 1576.56 1609.03 1506.92 1418.84 1350.63 1333.82 1342.79 1355.3 1347.89 1304.51 1225.35 1125.93 1023.57 935.665 874.459 854.857 847.44 831.057 798.96 752.594 697.917 650.959 608.858 590.363 602.209 645.221 714.056 737.797 744.12 750.374 769.946 799.196 822.526 836.098 856.708 871.066 883.674 904.977 952.03 1029.83 1124.22 1078.45 881.207 828.482 798.238 781.694 796.321 826.325 872.236 938.19 986.338 1025.09 1050.03 1060.13 1076.37 1094 1113.42 1135.34 1148.04
