Code/Results/Ref_40/1000/MW_40_1000_140/2.9_40_1000_rms_map_shift_80km.grd
DSAA
165 185
-4920000.0 4920000.0
-5520000.0 5520000.0
330.6464714674005 34369.45680714907
[rows 30 to 59 of 185, columns 0 to 66 of 165]
32676.5 29504.3 25212.5 20247.5 15072 10117 5817.47 2671.17 935.795 689.328 661.02 652.742 690.769 733.577 750.169 721.145 742.496 803.428 851.854 911.407 925.986 914.701 890.946 866.318 916.284 977.109 962.746 887.679 824.872 803.688 738.256 692.494 680.893 678.876 693.953 692.539 690.321 701.51 707.812 727.116 745.021 780.382 822.131 859.409 894.35 878.543 877.82 818.722 803.67 799.382 791.233 929.558 951.581 926.839 874.774 868.728 894.914 895.547 946 946.837 942.345 887.702 853.085 867.496 926.926 988.159 914.493
32678.6 29509 25223.4 20266.8 15102 10147.4 5853.09 2607.27 849.528 620.601 605.345 617.487 666.36 689.192 690.238 655.779 684.611 755.849 809.106 873.763 888.69 876.037 850.902 834.974 901.376 951.18 922.784 860.649 829.026 799.394 723.464 671.055 655.457 658.271 677.55 675.084 667.445 661.286 662.103 682.017 694.368 733.528 788.764 836.955 889.509 881.129 876.812 820.082 812.575 808.531 787.1 907.343 943.161 922.349 883.946 890.285 927.183 938.829 995.752 1002.42 990.282 929.189 886.292 905.407 974.123 1043.01 972.853
32693.5 29522.6 25238.8 20292.1 15128.4 10163.7 5825.16 2558.62 788.226 591.191 596.812 627.131 671.722 671.447 666.312 640.785 680.436 759.254 817.567 884.316 896.786 874.056 842.162 838.84 899.955 941.619 917.59 864.142 836.166 800.07 705.637 647.278 633.201 634.076 648.461 642.869 650.477 644.359 644.575 674.95 689.666 735.071 801.414 853.616 916.93 898.732 888.596 832.025 821.075 821.046 784.909 832.718 864.243 847.594 827.143 847.368 894.687 912.331 986.793 1007.9 1001.38 929.448 877.163 895.679 980.44 1050.32 1002.49
32721.3 29545.1 25262.2 20320 15153.2 10172.8 5802.95 2534.87 779.799 632.012 653.64 691.776 738.351 734.696 739.795 724.843 754.143 826.991 886.973 950.717 964.767 937.198 895.435 900.791 945.742 979.225 952.451 887.545 856.617 827.514 718.814 643.587 631.161 611.449 601.87 588.526 625.677 638.935 644.854 693.134 721.177 780.477 850.984 899.405 949.876 939.762 937.78 868.669 849.475 850.328 810.923 774.174 792.633 784.883 792.248 820.787 868.727 888.697 972.186 1005.26 1011.55 927.682 854.536 881.129 976.835 1036 1031.53
32714.3 29533.7 25251.1 20310.1 15142.3 10164 5796.95 2540.6 840.857 726.161 745.915 781.851 833.631 842.179 872.264 855.981 852.416 897.499 942.321 993.49 1005.28 974.48 929.058 931.308 969.444 996.072 962.916 894.578 869.155 844.243 734.8 680.043 667.398 639.492 612.639 589.159 636.143 658.941 664.942 734.647 788.375 860.181 935.207 981.321 1014.84 1002.72 1004.42 944.375 924.136 932.684 912.977 895.298 912.909 910.349 931.715 940.609 964.948 985.889 1068.4 1105.16 1118.27 1020.97 930.091 952.603 1050.95 1114.96 1147.67
32667.8 29483.1 25202.5 20260.5 15091.2 10122.6 5806.77 2579.08 911.977 808.109 827.311 872.039 930.793 953.145 1000.04 962.401 923.641 941.767 969.37 1010.62 1021.37 989.173 947.147 948.179 985.507 1008.15 962.776 899.358 889.105 876.468 785.446 772.911 746.243 698.516 648.112 621.957 668.11 684.595 700.142 779.831 832.884 898.472 971.997 1014.55 1042.11 1036.82 1049.62 1011.73 991.967 1005.17 1000.31 1010.98 1048.38 1052.65 1069.58 1062.18 1077.26 1100.97 1189.76 1231.06 1247.79 1134.02 1032 1037.71 1120.57 1191.55 1249.63
32624.5 29436.9 25161.7 20219.6 15043.9 10088.1 5787.86 2651.42 1001.42 885.89 909.965 962.609 1027.2 1046.07 1083.94 1019.75 956.686 955.695 965.697 996.608 1005.39 970.444 930.125 933.805 967.779 986.4 936.215 887.336 895.807 896.151 837.434 826.024 796.741 722.272 655.896 637.96 685.155 696.917 725.962 801.219 844.646 894.516 952.045 985.755 1013.77 1036.6 1082.53 1050.35 1020.05 1041.28 1053.84 1094.86 1152.89 1156.81 1165.24 1149.41 1155.97 1188.28 1281.75 1341.69 1369.9 1245.04 1136.17 1132.54 1203.81 1271.45 1328.88
32601.6 29413.3 25140.4 20195.9 15014 10075.7 5810.05 2740.54 1083.75 941.518 968.316 1041.69 1111.98 1110.15 1126.09 1038.92 967.973 956.783 953.925 976.621 981.459 939.804 898.212 903.541 931.452 955.875 924.224 864.69 883.302 894.969 862.714 838.441 829.282 750.398 685 679.636 733.434 734.962 768.495 834.855 872.619 916.174 965.819 984.181 1000.28 1053.22 1133.16 1085.55 1053.03 1082.54 1091.82 1143.87 1214.18 1217.57 1212.47 1185.84 1182.16 1227.12 1328.77 1411.88 1453.99 1329.59 1216.38 1218.6 1302.53 1372.22 1416.13
32557.2 29374 25104.6 20161.3 14983 10064.5 5806.93 2830.96 1164.43 989.624 1014.5 1092.31 1150.27 1125.6 1126.14 1017.06 951.73 951.613 950.299 964.48 972.039 924.121 887.176 892.314 941.874 978.032 948.911 899.173 930.821 953.756 931.816 924.18 911.254 809.767 738.415 727.409 760.705 768.576 786.492 842.411 863.792 901.759 950.714 973.921 982.799 1054.25 1141.55 1092.26 1063.16 1097.23 1112.76 1175.47 1236.33 1231.73 1218.91 1196.22 1193.72 1250.45 1358.28 1444.2 1497.3 1377.91 1265.91 1278.98 1313.58 1389.25 1469.86
32518.7 29339.6 25072.7 20127 14951 10035.9 5782.66 2892.19 1189.73 978.273 1002.44 1086.54 1157.89 1149.4 1151.86 1046.83 994.187 996.66 1001.51 1004.98 1022.09 977.331 945.333 961.285 1008.37 1028.88 1009.27 963.408 999.9 1016.74 999.382 988.681 960.085 854.305 765.988 739.599 742.032 730.938 736.702 779.313 799.928 847.746 902.287 939.384 950.78 1027.91 1120.4 1077.24 1054.89 1094.58 1126.76 1206.17 1244.77 1241.68 1236.37 1222.4 1220 1274.87 1385.71 1469.22 1530.31 1413.57 1301.77 1299.2 1297.08 1377.11 1505.47
32500 29321.3 25051.4 20097.9 14923.7 10018.8 5777.52 2927.83 1179.29 934.561 958.027 1048.76 1152.33 1170.69 1163.55 1087.97 1036.76 1034.04 1035.89 1034.7 1064.28 1023.86 996.852 1020.94 1043.15 1060.83 1043.79 989.825 1009.62 1019.88 1012.82 993.323 961.238 858.275 761.606 723.465 695.513 651.951 653.549 696.466 728.875 783.929 848.627 892.047 892.783 972.37 1073.77 1035.27 1022.91 1069.85 1110.99 1199.56 1234.37 1240.02 1244.98 1238.73 1240.97 1288.14 1399.07 1483.27 1542.76 1426.25 1306.2 1265.68 1260.17 1348.78 1485.99
32513.8 29329.8 25052.8 20093.5 14928.9 10037.8 5807.23 2942.84 1152.27 876.339 899.48 1001.78 1105.51 1141.23 1127.93 1088.11 1047.36 1040.23 1037.62 1040.7 1069.06 1027.88 1004.37 1035.21 1060.95 1073.15 1056.47 987.469 1023.44 1045.99 1045.52 1020.88 985.438 894.769 800.16 746.691 697.455 630.086 629.005 665.984 690.83 747.171 806.643 851.162 846.743 958.811 1067.65 1033.24 1027.17 1078.53 1124.42 1201.74 1227.52 1247.27 1264.17 1271.9 1289.27 1338.81 1444.81 1523.33 1544.38 1403.07 1257.44 1204.36 1204.86 1306.85 1454.46
32519.1 29333.7 25057.4 20094.9 14933 10061.5 5858.88 2946.27 1110.15 810.149 837.851 959.52 1058.85 1123.77 1110.75 1090.69 1069.12 1057.06 1046.81 1043.71 1078.49 1040.17 1014.14 1045.35 1059.96 1066.99 1049.18 965.204 1050.69 1091.63 1088.87 1048.43 1003.81 932.667 840.274 773.363 730.774 655.5 644.805 676.397 713.601 770.786 825.02 862.224 848.817 956.699 1044.05 1022.2 1012.73 1056.59 1103.16 1170.43 1197.2 1222.45 1243.59 1254.33 1274.35 1316.92 1412.4 1474.26 1480.62 1339.51 1178.53 1140.19 1155.13 1271.34 1426.67
32550.2 29362.9 25085 20120.5 14956.6 10140.5 5953.64 2950.26 1082.77 762.225 791.197 927.889 1028.46 1109.25 1095.21 1082.3 1064.63 1050.54 1031.36 1022.94 1065.63 1030.22 997.701 1017.06 1029.64 1042.93 1030.6 964.201 1075.9 1124.75 1118.34 1076.06 1037.7 979.167 878.124 799.513 766.621 694.49 668.574 707.984 742.82 796.272 850.895 887.155 871.792 924.55 940.334 907.787 900.14 948.263 998.214 1078.49 1119.34 1147.49 1165.51 1167.83 1187.99 1226.4 1306.18 1351.17 1351.34 1272.53 1147.97 1127.38 1152.14 1262.75 1415.39
32537 29349.3 25071.5 20107.4 14949.2 10159.1 6013.84 2940.26 1097.31 791.982 821.329 961.166 1065.64 1134.25 1121.82 1101.89 1082.17 1065.46 1038.21 1025.77 1073.48 1034.5 1001.83 1039.13 1062.09 1081.01 1078.6 1017.88 1128.68 1165.39 1150.02 1096.96 1050.36 985.612 888.91 823.774 799.253 742.172 744.353 782.713 799.518 826.091 855.62 883.561 865.619 898.729 896.688 871.183 858.408 902.941 955.797 1037.76 1088.52 1103.32 1113.78 1102.99 1115.34 1139.5 1199.18 1245.57 1235.59 1178.3 1052.03 1081.76 1139.21 1250.03 1382.74
32507.8 29318.8 25047.5 20076 14925.2 10139.5 6020.79 2925.21 1146.52 870.386 897.902 1032.14 1123.14 1146.04 1134.65 1108.59 1091.31 1072.7 1044.05 1026.09 1083.37 1041.1 1024.65 1089.37 1141.11 1179.81 1194.28 1159.67 1257.55 1278.24 1254.94 1198.01 1131.03 1057.08 973.039 923.895 916.369 893.982 878.205 896.015 884.781 874.114 872.949 891.397 875.446 908.68 899.147 872.844 864.386 908.922 964.631 1034.71 1073.15 1082.66 1090.63 1054.76 1041.49 1052.46 1096.46 1147.43 1114.45 1062.68 933.225 974.182 1047.05 1165.89 1280.04
32493.7 29303.1 25030.3 20053.1 14894.3 10096.8 5960.35 2899.83 1197.66 945.305 964.077 1086.21 1116.26 1109.89 1100.28 1072.22 1063.84 1047.14 1014.77 1000.17 1074.55 1035.85 1049.35 1143.36 1220.6 1260.97 1309.07 1302.64 1392.76 1402.23 1371.54 1317.54 1256.46 1173.7 1083.17 1040.1 1042.26 1032.16 998.976 1019.25 970.374 921.614 888.802 903.901 890.922 907.574 898.827 892.695 893.139 933.097 995.115 1069.4 1097.36 1116.72 1125.46 1067.87 1030.01 1020.7 1041.63 1077.77 1018.19 991.221 880.217 898.54 945.747 1040.96 1155.53
32487.1 29296.7 25026.1 20050.2 14889.3 10082.2 5951.6 2895.33 1251.98 1005.72 1016.83 1129.13 1130.01 1120.01 1113.83 1083.11 1084.2 1071.3 1045.24 1040.19 1111.42 1091.67 1123.6 1227.97 1297.64 1344.42 1401.34 1392.97 1479.14 1488.57 1446.93 1399.75 1337.38 1236.91 1134.71 1088.51 1097.58 1099.81 1050.47 1089.92 1038.51 961.903 885.512 890.827 877.177 885.116 889.367 890.384 886.148 936.748 1004.52 1090.32 1125.03 1143.78 1151.14 1089.03 1041.79 1027.06 1041.01 1082.19 1031.21 1021.6 925.277 912.992 938.224 1010.9 1119.27
32475.4 29282.5 25009.9 20032.4 14877.3 10064.8 5949.94 2893.34 1286.72 1052.45 1056.45 1159.83 1139.74 1139.67 1142.22 1119.57 1133.62 1135.74 1144.76 1149.99 1189.12 1154.04 1189.25 1275.77 1335.26 1392.48 1459.37 1445.89 1521.36 1526.6 1469.9 1424.33 1343.16 1230.8 1119.77 1069.9 1093.15 1120.24 1060.62 1130.02 1095.61 991.507 880.164 878.404 864.121 864.241 883.824 878.532 873.831 924.066 1001.62 1086.69 1115.5 1133.35 1145.02 1086.64 1044.71 1042.29 1064.91 1114.96 1083.04 1081.05 993.938 964.848 961.21 1002.85 1078.91
32481.2 29282.4 25004.4 20026.8 14878.3 10072.2 5971.9 2893.42 1305.63 1089.69 1088.98 1200.61 1171.85 1177.89 1175.18 1165.95 1209.57 1254.61 1324.66 1349.35 1372.98 1321.99 1326.91 1392.71 1420.95 1453.92 1526.06 1524.13 1599.55 1596.43 1537.75 1481.6 1370.91 1262.97 1163.44 1113.9 1138.84 1171.94 1136.47 1205.81 1160.31 1042.8 924.081 923.604 910.033 904.909 939.416 940.266 927.745 963.991 1056.45 1135.81 1153.22 1164.15 1157.65 1096.68 1070.77 1077.94 1097.26 1147.42 1111.39 1108.49 1045.55 989.036 973.071 977.821 1032.81
32486.2 29289.7 25014.2 20040.9 14896.4 10087.5 5980.55 2887.25 1313.81 1124.92 1126.16 1234.97 1195.33 1211.73 1204.53 1207.77 1282.8 1349.11 1437.92 1484.29 1537.38 1498.95 1480.68 1501.05 1520.01 1558.19 1622.19 1615.1 1669.83 1651.62 1586.49 1528.6 1414.35 1308.11 1226.6 1194.91 1217.3 1232.54 1192.33 1249.78 1199.61 1104.71 999.808 1001.71 992.967 958.152 971.766 954.327 945.788 966.73 1041.62 1107 1117.57 1125.66 1121.01 1101.17 1104.89 1125.41 1144.62 1172.22 1134.08 1130.09 1083.67 1028.23 1023.45 1017.32 1036.85
32516.3 29328.3 25061.8 20100.5 14964.6 10162.8 6061.3 2914.06 1354.81 1181.98 1180.58 1294.96 1255.22 1277.31 1258.68 1257.14 1342.42 1407.39 1495.48 1544.26 1618.85 1600.92 1580.55 1576.46 1582.02 1615.11 1657.89 1633.83 1665.63 1628.17 1546.52 1483.17 1371.39 1270.36 1211.07 1203.7 1235.86 1245.79 1204.96 1271.59 1257.78 1203.32 1123.05 1128.73 1122.39 1078.32 1070.69 1056.01 1045.7 1041.48 1081.63 1110.33 1105.99 1112.39 1118.08 1115.48 1110.33 1139.91 1169.06 1177.27 1146.94 1137.71 1107.27 1091.17 1080.2 1086.76 1085.66
32567.1 29379.7 25107.9 20142.2 15006.6 10195.2 6068.49 2883.46 1386.18 1234.47 1248.42 1354.92 1313.8 1336.41 1313.3 1306.11 1384.66 1442.92 1536.25 1599.51 1676.47 1672.94 1660.09 1646.54 1634.04 1651.35 1674.88 1655.97 1683.77 1627.25 1518.75 1443.97 1330.73 1237.1 1195.52 1228.37 1274.02 1292.41 1260.4 1346.88 1337.73 1296.06 1229.77 1240.22 1241.79 1198.26 1181.81 1168.59 1163.01 1154.26 1176.2 1157.14 1125.99 1114.91 1121.61 1119.03 1118.75 1142.53 1168.16 1166.85 1139.73 1128.05 1132.13 1145.36 1126.93 1120.14 1097.43
32572.2 29379.3 25103.8 20130.7 14991.3 10164.9 6001.1 2827.21 1409.3 1266.23 1283.17 1336.54 1305.42 1337.86 1332.65 1330.05 1409.85 1466.02 1564.89 1628.4 1701.88 1699.94 1686.84 1677.47 1649.41 1631.22 1652.82 1663.63 1693.58 1625.98 1503.27 1423 1310.52 1228.34 1194.27 1249.39 1301.94 1313.87 1289.97 1383.74 1376.41 1338.18 1271.74 1268.42 1281.8 1241.01 1215.66 1199.42 1191.73 1174.21 1195.7 1151.05 1107.72 1095.47 1119.17 1131.3 1140.58 1151.68 1164.63 1149.34 1114.42 1100.64 1129.73 1162.65 1138.68 1136.41 1131.97
32569.2 29372.1 25096.2 20121.2 14979.8 10133.8 5935.71 2761.81 1334.18 1195.61 1206.25 1260.69 1252.8 1315.04 1331.29 1328.44 1384.24 1418.12 1520.25 1588.71 1652.03 1666.87 1676.11 1695.86 1638.51 1599.72 1626.21 1648.06 1670.6 1590.46 1432.83 1374.94 1296.76 1236.91 1204.25 1247.55 1285.08 1303.5 1276.26 1371.16 1373.37 1342.62 1278.6 1268.77 1286.32 1243.6 1226.25 1195.22 1169.91 1152.92 1149.12 1092.64 1050.48 1076.37 1132.23 1171.56 1169.69 1159.22 1169.89 1160.39 1121.79 1112.87 1159.75 1190.3 1173.05 1193.17 1200.63
32564.3 29365 25091.6 20125.3 14995 10150.3 5907.84 2738.73 1315.65 1185.22 1194.52 1251.04 1255.35 1332.17 1344.44 1316.01 1336.31 1355.03 1451.19 1529.26 1596.16 1626.55 1644.09 1647.87 1577.66 1542.2 1566.65 1585.48 1625.31 1555.66 1412.51 1376.68 1324.3 1266.25 1236.39 1247.79 1283.2 1323.63 1295.84 1382.03 1390.59 1358.73 1287.19 1269.97 1279.63 1243.15 1231.02 1185.9 1130.07 1078.69 1048.61 996.656 974.234 1031.36 1120.45 1186.32 1150.31 1108.69 1122.68 1172.66 1175.12 1187.15 1230.54 1209.14 1211.16 1269.2 1316.05
32569.3 29367.5 25094.7 20131.6 14999.8 10162.9 5878.9 2730.09 1321.35 1195.99 1199.51 1252.87 1253.1 1344.34 1366.24 1315.9 1321.46 1330.08 1419.1 1502.79 1577.81 1614.43 1632.38 1620.17 1561.82 1553.36 1578.43 1597.26 1658.54 1609.63 1503.46 1487.36 1430.89 1368.93 1339.94 1330.48 1365.56 1416.92 1380.53 1451.44 1456.5 1397.99 1303.92 1272.92 1260.29 1219.27 1215.65 1161.28 1089.95 1022.67 986.539 954.976 949.581 1018.91 1126.45 1181.79 1105.24 1046.93 1056.39 1117.28 1193.78 1223.73 1195.3 1178.35 1199.38 1294.38 1402.25
32581.7 29377 25100 20128 14974.5 10133.5 5819.99 2690.56 1283.36 1143.59 1147.97 1166.48 1197.58 1328.52 1378.26 1333.43 1342.02 1346.18 1432.35 1508.75 1580.63 1620.17 1643.42 1641.56 1576.09 1581.11 1624.37 1673.75 1726.74 1687.04 1591.45 1576.78 1513.74 1455.05 1417.33 1405.47 1441.44 1480.89 1458.29 1510.75 1510.81 1423.49 1322.57 1285.88 1278.7 1207.4 1195.95 1143.9 1080.95 1035.06 1008.94 987.316 992.688 1061.1 1161.74 1165.08 1067.44 993.408 994.1 1056.69 1138.24 1161.38 1123.2 1102.26 1133.67 1257.21 1428.53
32597 29385.3 25100.5 20119.4 14956.8 10102.1 5780.88 2682.87 1272.15 1104.55 1107.31 1115.32 1167.2 1315.39 1383.06 1343.92 1346.81 1348.6 1436.23 1506.79 1565.24 1612.67 1646.77 1636.99 1554.88 1544.97 1609.96 1699.23 1748.61 1704.72 1611.81 1597.61 1548.08 1495.63 1451.77 1450.01 1492.34 1520.32 1505.66 1560.17 1558.48 1460.06 1368.03 1335.06 1336.24 1250.31 1228.46 1182.45 1136.21 1109.06 1095.83 1082.09 1088.23 1164.82 1248.12 1173.69 1055.01 966.402 957.039 1016.25 1101.07 1125.3 1083.28 1061.56 1098.52 1244.88 1456
32555.3 29345.1 25051 20064.5 14890.6 9991 5715.94 2648.33 1243.51 1061.89 1057.52 1078.81 1160.79 1340.14 1410.74 1367.64 1368.21 1377.41 1459.32 1522.24 1554.67 1606.03 1641.88 1621.42 1513.49 1497.96 1565.22 1669.64 1715.52 1665.84 1583.61 1577.91 1540.99 1500.51 1454.26 1468.41 1534.94 1567.86 1570.74 1628.23 1618.08 1528.23 1447.6 1418.89 1417.93 1332.18 1308.5 1271.1 1239.19 1236.07 1257.33 1236.77 1227.51 1323.92 1295.79 1201.71 1077.97 987.488 975.562 1032.08 1120.61 1147.66 1110.94 1087.25 1125.9 1285.07 1518
