Code/Results/Ref_40/1000/MW_40_1000_140/2.9_40_1000_rms_map_shift_80km.grd
DSAA
165 185
-4920000.0 4920000.0
-5520000.0 5520000.0
330.6464714674005 34369.45680714907
[rows 150 to 179 of 185, columns 0 to 66 of 165]
26799.4 23973.6 20262.3 16002.1 11608.2 7536.08 4260.32 2158.05 1555.61 1587.7 1483.63 1397.17 1333.14 1321.32 1331.29 1343.39 1332.63 1282.55 1193.85 1081.66 964.326 876.993 800.684 773.479 766.941 755.433 728.582 685.139 631.714 586.325 551.177 543.379 568.666 620.509 692.352 721.299 728.338 731.486 746.764 771.577 790.256 798.889 813.7 820.545 823.788 835.513 876.655 955.205 1055.96 1119.73 906.097 856.892 828.606 814.519 829.235 852.716 888.081 940.544 967.315 982.591 985.216 973.583 966.849 962.332 966.656 977.779 988.73
26738.3 23914.2 20205.7 15950.6 11565 7503.05 4231.99 2128.45 1524.78 1556.77 1453.02 1369.39 1311.45 1305.24 1318.81 1334.12 1320.8 1265.3 1169.25 1047.05 917.273 822.966 735.188 700.575 694.497 687.958 666.39 626.092 574.474 531.153 501.949 504.477 541.105 600.462 674.525 705.401 709.363 705.563 713.7 733.015 749.106 757.476 773.232 780.022 780.169 785.303 819.041 892.856 992.646 1059.65 905.162 859.413 832.413 821.62 837.293 856.638 884.081 923.85 931.817 925.187 906.988 880.277 859.92 849.297 856.123 871.575 886.688
26672.9 23852.8 20149.5 15901.6 11526 7474.67 4206.68 2107.39 1500.33 1533.23 1433.11 1354.9 1302.44 1302.08 1320.62 1338.9 1321.68 1260.19 1157.14 1025.99 884.699 777.409 676.147 632.962 625.786 622.539 604.905 567.146 517.796 476.977 452.678 463.738 510.715 577.477 652.915 682.108 677.959 662.537 660.656 673.512 688.86 702.904 724.717 736.937 738.337 738.957 764.417 829.655 923.455 989.269 884.559 842.195 817.129 810.111 826.382 843.391 862.3 888.573 884.155 861.154 828.765 793.596 770.11 765.062 780.234 805.268 828.818
26605.5 23791.7 20095.5 15856.6 11492.5 7452.45 4187.65 2097.72 1483.25 1518.46 1425.07 1354.93 1310.33 1318.05 1342 1359.06 1336.52 1268.26 1158.23 1019.06 866.848 743.8 624.824 569.746 558.815 556.593 541.256 505.61 458.576 419.828 399.835 418.356 476.416 550.282 626.042 649.036 629.612 596.343 579.975 584.699 605.14 632.842 664.833 684.6 688.337 685.175 702.751 759.584 847.58 911.975 846.782 810.023 790.148 787.161 804.928 821.343 830.919 841.214 826.677 794.943 756.16 719.301 699.994 703.151 725.184 758.624 787.968
26538.7 23732.4 20044.5 15815.7 11464.1 7436.5 4176.81 2096.17 1473.05 1509.63 1425 1365.53 1332.2 1348.7 1376.95 1391.7 1363.28 1288.79 1172.87 1026.89 865.246 724.142 585.95 516.429 498.901 495.409 481.251 448.362 405.437 369.808 353.444 378.395 445.463 525.933 602.404 609.527 567.48 515.922 483.992 480.866 504.677 552.95 599.709 628.472 633.62 625.946 634.719 682.117 763.715 826.328 799.641 769.975 757.685 761.051 781.042 796.958 804.754 800.358 780.352 744.459 704.368 668.777 652.965 657.568 682.254 717.604 747.73
26467.9 23670.3 19992.1 15775.1 11438.1 7425.26 4173.8 2102.74 1467.83 1502.35 1427.99 1382.03 1362.23 1385.91 1416.05 1428.23 1394.65 1314.66 1193.34 1041.56 872.109 716.646 561.714 479.664 456.706 452.902 441.411 413.429 376.699 345.374 330.646 357.851 429.81 518.426 602.181 583.394 526.324 466.695 425.6 417.748 446.896 508.931 566.634 599.516 601.912 587.612 586.1 622.161 695.303 752.823 741.003 717.285 710.37 720.211 743.392 771.756 788.402 779.861 758.493 722.301 684.601 651.73 636.682 638.944 659.871 690.329 717.59
26390.2 23603.2 19937.1 15735.1 11416.1 7421.82 4183.01 2125.64 1476.84 1502.91 1444.1 1417.87 1409.74 1437.19 1466.08 1474.75 1439.08 1355.18 1232.67 1076.93 930.45 720.21 555.58 468.158 443.746 442.21 434.541 411.387 380.976 353.631 339.101 364.069 436.065 532.175 629.5 610.813 551.773 499.399 459.058 449.759 478.057 537.611 589.584 615.349 609.077 585.814 573.972 598.457 660.156 707.374 678.679 660.854 656.933 669.513 695.597 741.939 758.923 749.201 728.733 696.009 662.989 634.43 621.072 621.069 636.966 662.564 685.285
26297.1 23524.1 19874.5 15693.4 11399 7430.37 4212.16 2174.2 1510.91 1519 1484.97 1473.86 1471.01 1496.89 1520.45 1523.23 1484.91 1398.91 1277.17 1148.81 934.226 724.515 565.184 484.113 465.202 469.613 465.674 446.666 420.391 395.49 380.995 401.461 468.811 564.229 658.743 656.101 611.028 569.928 531.936 519.914 541.677 591.262 633.917 651.608 637.787 607.226 586.614 599.469 645.059 679.857 631.433 614.744 613.079 624.801 651.639 701.732 717.632 706.988 687.44 657.939 629.912 604.344 592.461 592.826 607.157 629.599 650.093
26186.9 23433 19806.2 15653.1 11391.4 7457.14 4269.94 2255.99 1580.84 1564.14 1542.8 1533.82 1533.93 1546.01 1553.59 1546.31 1501.71 1413.39 1313.91 1132.78 926.593 730.671 589.213 525.087 517.298 528.263 527.492 511.308 487.352 466.078 455.08 472.71 530.62 612.158 638.547 627.893 602.59 583.649 559.913 549.402 567.687 614.35 657.943 675.579 659.693 625.126 597.097 598.468 626.478 653.899 601.426 581.844 581.485 591.888 615.258 663.703 680.88 670.205 652.1 625.561 600.327 575.759 563.354 564.334 576.305 598.094 618.272
26056.7 23328.3 19732.3 15616.5 11397.9 7510.1 4369.43 2391.61 1705.28 1655.23 1620.48 1599.84 1581.3 1566.99 1560.18 1540.95 1491.3 1400.15 1265.38 1093.86 905.496 735.003 622.005 580.827 586.532 604.108 606.056 590.725 568.437 552.118 547.935 566.38 614.684 528.202 541.78 541.194 532.815 531.788 540.632 551.784 564.172 588.288 620.309 691.559 676.493 638.204 600.923 589.034 602.162 625.676 586.359 562.688 562.285 571.693 589.329 634.577 651.189 640.04 624.754 600.237 574.199 548.64 535.748 535.778 547.111 569.353 590.426
25906.6 23210.6 19653.5 15584 11419.1 7590.61 4512.76 2585.29 1886.1 1792.66 1738.07 1688.77 1634.66 1583.8 1539.66 1486.85 1415.03 1314.77 1184.18 1030.41 871.203 737.842 660.626 643.679 662.223 683.482 684.395 634.05 607.456 588.883 570.996 558.383 548.926 545.002 542.864 540.487 535.612 534.59 543.557 551.508 557.46 572.173 593.779 614.928 693.61 648.913 601.491 577.828 580.729 600.475 576.118 557.426 556.111 563.131 573.736 613.061 627.124 614.868 600.667 577.23 549.429 521.297 506.432 505.802 518.411 543.057 566.958
25736.6 23078.8 19567.9 15553.9 11453.5 7697.17 4698.46 2833.97 2124.99 1985.78 1904.8 1817.54 1718.55 1616.89 1517.13 1417.97 1309.47 1186.41 1081.54 950.425 828.315 737.804 695.991 699.377 725.338 743.557 703.522 654.23 628.059 608.308 592.55 582.969 576.205 573.967 573.628 572.961 569.571 568.616 576.835 581.546 582.889 590.75 606.149 621.908 701.57 648.769 592.086 559.176 555.977 572.4 577.394 562.722 560.497 566.236 570.798 603.016 611.996 598.077 582.618 559.211 529.438 498.125 480.107 477.827 491.573 519.138 545.913
25548 22933.7 19475.7 15525.5 11498.9 7825.76 4918.41 3122.99 2408.37 2227.02 2115.39 1989.22 1839.77 1679.38 1516.25 1358.44 1204.65 1052.99 971.631 866.493 786.527 740.633 730.822 746.874 768.961 779.751 721.696 670.739 646.442 625.867 608.248 597.53 592.404 592.498 595.554 598.587 598.851 597.563 605.795 607.558 606.197 610.222 619.875 630.847 691.579 633.288 569.514 529.364 522.656 539.31 564.107 571.923 573.057 579.566 581.011 606.668 612.063 596.574 580.157 556.718 525.791 491.379 469.996 463.751 475.984 505.575 535.928
25344.3 22775.7 19374.2 15491.6 11542.8 7956.33 5140.71 3408.93 2692.88 2477.76 2341.08 2182.89 1991.55 1778.3 1556.84 1339.84 1136.52 949.762 868.085 795.215 754.653 746.295 755.979 772.803 787.385 788.467 733.199 680.468 655.463 633.21 614.12 602.549 598.955 602.878 610.918 618.713 623.444 621.579 628.792 626.795 622.567 623.391 628.012 634.461 667.486 606.718 540.239 496.62 488.925 508.028 537.883 567.798 588.153 592.408 593.31 615.414 620.459 606.465 592.126 572.051 543.307 508.509 485.6 475.246 484.331 513.075 544.647
25126.9 22605.2 19262.2 15449.6 11580.9 8082.03 5355.34 3681.74 2967.31 2727.91 2571.67 2386.88 2162.27 1905.81 1635.46 1366.39 1114.69 889.842 791.693 741.812 728.533 746.152 767.184 784.412 792.896 788.238 741.333 687.532 660.497 635.963 615.475 603.294 601.97 610.899 623.725 636.648 646.207 645.924 652.386 646.194 639.232 635.281 634.847 635.911 642.639 581.789 515.324 471.118 463.573 484.495 518.068 552.368 586.068 603.072 606.4 628.706 637.572 629.281 620.266 606.324 583.095 550.6 529.354 517.177 523.279 548.413 578.24
24907.8 22430.1 19142 15394.3 11598.2 8174.98 5518.66 3885.95 3169.75 2916.14 2748.97 2546.65 2300.03 2014.23 1709.73 1406.54 1121.13 867.289 760.649 721.424 726.684 761.505 789.908 807.892 811.875 801.535 751.727 694.232 664.848 637.725 615.232 602.938 604.522 618.015 634.559 652.077 664.981 666.348 670.397 659.019 649.167 640.361 634.367 630.007 628.375 571.501 509.592 468.523 461.333 481.541 515.138 549.815 584.479 616.092 613.179 638.725 652.412 651.886 649.398 641.321 624.682 596.851 578.586 566.401 570.185 591.726 619.326
24693.2 22256.1 19018.2 15329 11596.5 8236.38 5633.12 4028.72 3309.27 3049.36 2880.06 2668.68 2409.26 2106.14 1781.29 1459.43 1154.85 887.078 779.074 747.728 761.779 805.519 836.78 853.326 852.635 835.393 771.395 708.116 674.866 644.554 621.366 610.503 615.822 633.754 652.805 673.062 685.992 684.515 683.6 666.06 650.943 635.601 622.191 610.902 599.634 577.424 523.354 488.214 481.462 498.454 528.519 560.983 595.302 626.454 652.325 643.86 662.071 668.087 671.692 668.593 657.662 635.283 620.36 609.763 611.931 631.135 657.531
24493.8 22092.3 18897.8 15257.9 11576.4 8262.26 5690.59 4099.79 3373.46 3114.06 2948.79 2736.62 2473.19 2163.77 1831.27 1504.97 1196.52 932.68 833.353 811.508 831.986 881.318 912.453 925.424 919.092 893.335 812.037 740.88 702.807 667.748 643.828 636.271 644.55 664.987 685.048 704.954 714.164 702.169 694.315 669.447 647.908 624.191 601.912 582.678 564.681 594.576 548.398 518.514 511.081 523.623 548.363 577.42 611.214 642.147 668.366 690.687 674.559 715.903 715.241 704.087 686.165 664.62 650.919 650.044 665.371 694.839 731.915
24316.8 21946 18787.8 15187.7 11544.8 8260.93 5702.22 4114.43 3379.74 3122.53 2965.87 2758.61 2496.95 2187.63 1856.43 1535.02 1234.71 986.784 902.935 890.243 916.79 971.922 1000.77 1007.56 996.914 961.476 860.096 780.298 738.092 699.047 675.469 671.003 680.608 702.483 723.657 741.556 746.337 721.633 705.834 672.947 645.38 613.409 582.523 555.868 531.817 518.33 578.043 552.177 543.685 551.053 569.673 594.256 626.855 657.532 684.014 706.054 720.437 726.173 722.3 708.71 689.397 667.117 651.132 646.823 657.741 683.761 720.71
24164.7 21820.6 18693.2 15125.3 11511 8244.85 5684.82 4088.2 3352.32 3096.84 2950.28 2748.37 2491.16 2184.48 1859.24 1547.56 1259.47 1030.09 962.516 958.898 989.68 1046.92 1071.07 1066.68 1048.49 1007.69 887.43 800.152 756.552 717.045 697.132 695.853 708.854 731.869 754.404 771.569 774.686 743.752 720.547 681.172 648.279 609.518 571.539 538.361 507.87 494.072 489.044 572.798 563.971 567.594 581.455 601.483 632.569 662.855 689.473 711.294 723.629 725.682 717.644 700.793 679.457 656.511 639.699 633.984 642.795 666.926 704.008
24040.4 21719.9 18618.6 15076.5 11482.6 8224.2 5652.04 4025.66 3302.6 3053.71 2911.56 2709.83 2461.47 2161.93 1843.46 1542.88 1268.9 1058.42 1006.21 1011.25 1043.72 1095.48 1113.31 1098.66 1069.41 1021.93 887.946 796.405 753.007 717.139 704.245 708.634 724.954 751.533 776.553 794.701 799.788 768.454 739.837 695.231 657.656 613.858 570.458 531.402 495.054 479.08 471.332 487.107 521.839 563.42 575.118 592.497 623.507 653.815 681.225 702.708 713.359 712.135 699.74 679.011 655.17 631.552 615.055 610.425 620.565 646.05 685.145
23950.3 21650.4 18571.2 15050 11470.5 8213.37 5623.18 3961.73 3219.94 2984.33 2838.39 2644.25 2409.93 2131.96 1819.67 1529.02 1272.48 1084.01 1046.12 1058.46 1091.44 1135.91 1145.51 1120.39 1080.8 1023.71 883.245 794.851 755.794 730.842 729.049 740.395 756.353 783.639 809.143 826.167 832.144 799.1 766.218 717.07 675.386 627.09 578.797 534.045 492.533 471.052 457.199 470.007 508.002 545.961 558.629 576.067 609.448 640.632 668.914 688.285 694.683 688.018 669.966 644.064 616.809 592.366 577.59 577.196 592.971 624.068 668.304
23881.1 21600.1 18540.9 15037.9 11469.5 8210.79 5600.97 3903.86 3132.81 2891.34 2748.41 2557.22 2329.07 2075.61 1773.21 1490.2 1246.38 1074.67 1047.09 1063.34 1095.42 1130.69 1130.49 1093.71 1042.38 977.003 846.26 790.059 761.654 754.155 767.49 787.085 804.3 832.899 856.699 871.323 874.817 839.296 802.478 749.746 703.902 651.44 598.53 548.618 500.629 468.915 445.11 450.815 490.075 515.812 533.908 554.426 594.015 628.703 657.687 674.388 676.245 664.479 640.893 609.432 577.8 551.61 538.275 542.33 564.325 601.732 651.321
23844.1 21579.5 18537.5 15049 11488.2 8225.56 5596.42 3866.03 3065.65 2814.17 2668.88 2476.47 2249.61 2002.46 1715.06 1442.27 1203.52 1029.99 1006.55 1021.93 1052.03 1083.36 1075.01 1026.38 962.924 902.032 822.887 796.521 784.787 796.608 824.55 851.165 875.102 905.097 922.746 931.198 927.419 887.04 843.575 786.671 735.862 679.508 622.985 569.627 516.322 475.084 441.041 436.775 467.125 493.115 517.437 542.524 588.447 630.665 659.455 674.423 672.853 656.794 627.784 590.383 553.11 523.16 508.882 514.786 540.294 581.578 634.609
23828.7 21577.9 18550.1 15072.8 11516.5 8247.85 5599.63 3838.52 3009.88 2745.85 2595.06 2399.26 2172.4 1929.77 1663.1 1402.01 1168.56 995.432 975.635 988.721 1015.83 1042.45 1027.74 973.771 908.276 855.011 821.558 814.09 820.035 845.58 876.51 910.71 943.244 966.945 979.572 977.882 956.628 912.819 860.963 803.195 746.215 687.999 633.033 581.988 529.033 483.158 442.849 431.262 458.996 490.318 521.654 551.608 600.741 649.379 676.136 690.687 686.87 666.588 632.263 589.052 545.93 511.09 494.007 499.45 525.915 568.845 623.277
23831.6 21591.3 18574 15103.9 11548.3 8271.25 5603.9 3814.4 2959.41 2682.08 2524.74 2325.51 2099.35 1862.45 1631.62 1366.14 1140.25 980.751 965.72 978.739 1001.11 1018.23 998.761 943.553 884.521 837.655 818.654 828.856 847.966 880.08 917.229 959.456 988.923 1004.14 1005.09 991.14 959.062 906.804 847.631 784.133 723.528 664.819 610.556 564.289 520.39 488.23 451.785 440.975 471.077 508.422 547.638 581.676 631.787 682.303 705.651 718.173 713.995 689.506 650.336 602.001 553.496 513.455 492.129 494.738 519.657 562.536 616.929
23813.2 21583.9 18578.5 15118.1 11566.5 8286.66 5609.79 3807.01 2942.24 2663.31 2510.15 2321.62 2113.82 1903.6 1678.33 1474.11 1283.55 1165.16 1154.43 1158.18 1162.7 1159.07 1127.19 1065.84 1004.04 955.976 938.927 950.141 966.718 992.746 1022.25 1054.03 1071.26 1083.52 1062.68 1072.54 1033.83 980.381 924.009 868.817 821.23 780.602 749.048 727.222 590.317 562.392 541.628 539.18 565.844 597.902 637.419 663.807 716.975 760.577 775.725 790.62 785.851 780.365 829.901 786.399 743.873 709.388 691.235 692.889 713.007 747.886 794.572
23723.7 21519.5 18547.4 15126.2 11620.3 8398.84 5805.48 4116.65 3355.91 3133.15 3023.13 2890.82 2751.47 2618.6 2504.05 2417.08 2330.84 2270.4 2252.12 2231.43 2206.62 2164.37 2113.82 2054.21 1997.4 1950.98 1921.53 1909.66 1905.64 1913.52 1923.76 1936.9 1949.26 1947.69 1936.49 1921.86 1902.32 1880 1857.68 1839.04 1825.82 1817.01 1813.08 1812.53 1814.07 1819.24 1825.7 1833.54 1844.13 1853.5 1837.23 1830.86 1841.63 1855.72 1858.65 1861.96 1860.21 1894.91 1879.79 1861.66 1846.12 1835.7 1834.06 1842.31 1860.01 1884.71 1918.22
23586.3 21445.4 18562.6 15260.3 11915.3 8919.67 6640.16 5307.49 4792.52 4668.96 4617.11 4550.68 4479.5 4410.84 4349.85 4299.57 4258.71 4226.19 4196.73 4163.69 4122.76 4072.46 4015.81 3958.16 3906.23 3865.48 3837.68 3821.68 3814.48 3813.09 3814.28 3816.69 3820.09 3823.48 3826.64 3829.24 3830.64 3830.74 3829.91 3828.91 3827.86 3826.49 3825.27 3825.08 3826.37 3829.56 3834.3 3840.04 3845.9 3851.42 3857.04 3863.77 3872.83 3883.96 3895.82 3906.86 3915.86 3922.04 3925.78 3928.19 3931.24 3937.06 3947.46 3963.63 3986.51 4015.54 4050.06
23476.7 21467.8 18772.6 15727.1 12729.5 10190.8 8440.97 7554.58 7267.36 7218.03 7202.09 7172.81 7135.14 7092.98 7049.22 7005.77 6962.06 6918.49 6872.77 6822.81 6768.01 6709.41 6650.33 6595.26 6548.89 6514.69 6493.42 6483.83 6483.54 6490.27 6501.44 6515.82 6532.76 6550.91 6569.93 6588.71 6605.82 6619.94 6630.19 6636.32 6638.27 6636.47 6632.12 6626.85 6622.18 6619.45 6618.89 6620.54 6623.94 6628.72 6635.07 6643.86 6656.38 6672.95 6692.72 6715.08 6738.69 6762.25 6784.92 6806.6 6827.71 6849.32 6872.76 6899.04 6929 6962.77 7000.18
