Code/MW_40/1000/MW_40_1000_140/2.9_40_1000_Te_map_shift_80km.grd
DSAA
165 185
-4920000.0 4920000.0
-5520000.0 5520000.0
1000.0000182292096 139999.99791999455
[rows 0 to 29 of 185, columns 0 to 67 of 165]
1000 1000 1000 1000 1000 1000 1000 1000 1000 1000 1000 1000 1000 1000 1000 1000 1000 1000 1000 1000 1000 1000 1000 1000 1000 1000 1000 1000 1000 1000 1000 1000 1000 1000 1000 1000 1000 1000 1000 1000 1000 1000 1000 1000 1000 1000 1000 1000 1000 1000 1000 1000 1000 1000 1000 1000 1000 1000 1000 1000 1000 1000 1000 1000 1000 1000 1000 1000
1000 1000 1000 1000 1000 1000 1000 1000 1000 1000 1000 1000 1000 1000 1000 1000 1000 1000 1000 1000 1000 1000 1000 1000 1000 1000 1000 1000 1000 1000 1000 1000 1000 1000 1000 1000 1000 1000 1000 1000 1000 1000 1000 1000 1000 1000 1000 1000 1000 1000 1000 1000 1000 1000 1000 1000 1000 1000 1000 1000 1000 1000 1000 1000 1000 1000 1000 1000
1000 1000 1000 1000 1000 1000 1000 1000 1000 1000 1000 1000 1000 1000 1000 1000 1000 1000 1000 1000 1000 1000 1000 1000 1000 1000 1000 1000 1000 1000 1000 1000 1000 1000 1000 1000 1000 1000 1000 1000 1000 1000 1000 1000 1000 1000 1000 1000 1000 1000 1000 1000 1000 1000 1000 1000 1000 1000 1000 1000 1000 1000 1000 1000 1000 1000 1000 1000
1000 1000 1000 1000 1000 1000 1000 1000 1000 1000 1000 1000 1000 1000 1000 1000 1000 1000 1000 1000 1000 1000 1000 1000 1000 1000 1000 1000 1000 1000 1000 1000 1000 1000 1000 1000 1000 1000 1000 1000 1000 1000 1000 1000 1000 1000 1000 1000 1000 1000 1000 1000 1000 1000 1000 1000 1000 1000 1000 1000 1000 1000 1000 1000 1000 1000 1000 1000
1000 1000 1000 1000 1000 1000 1000 1000 1000 1000 1000 1000 1000 1000 1000 1000 1000 1000 1000 1000 1000 1000 1000 1000 1000 1000 1000 1000 1000 1000 1000 1000 1000 1000 1000 1000 1000 1000 1000 1000 1000 1000 1000 1000 1000 1000 1000 1000 1000 1000 1000 1000 1000 1000 1000 1000 1000 1000 1000 1000 1000 1000 1000 1000 1000 1000 1000 1000
1000 1000 1000 1000 1000 1000 1000 1000 1000 1000 1000 1000 1000 1000 1000 1000 1000 1000 1000 1000 1000 1000 1000 1000 1000 1000 1000 1000 1000 1000 1000 1000 1000 1000 1000 1000 1000 1000 1000 1000 1000 1000 1000 1000 1000 1000 1000 1000 1000 1000 1000 1000 1000 1000 1000 1000 1000 1000 1000 1000 1000 1000 1000 1000 1000 1000 1000 1000
1000 1000 1000 1000 1000 1000 1000 1000 1000 1000 1000 1000 1000 1000 1000 1000 1000 1000 1000 1000 1000 1000 1000 1000 1000 1000 1000 1000 1000 1000 1000 1000 1000 1000 1000 1000 1000 1000 1000 1000 1000 1000 1000 1000 1000 1000 1000 1000 1000 1000 1000 1000 1000 1000 1000 1000 1000 1000 1000 1000 1000 1000 1000 1000 1000 1000 1000 1000
1000 1000 1000 1000 1000 1000 1000 1000 1000 1000 1000 1000 1000 1000 1000 1000 1000 1000 1000 1000 1000 1000 1000 1000 1000 1000 1000 1000 17053.6 22492.8 27380.7 31094.3 31007.6 7667.28 7036.95 4796.11 5736.76 5227.99 5731.58 5361.3 4720.08 3706.45 3837 2821.96 2118.23 1000 1000 2595.56 1000 1000 1000 1000 1000 1000 1000 1000 1000 1000 1000 1000 1000 1000 1000 1000 1000 1000 1000 1000
1000 1000 1000 1000 1000 1000 1000 1000 27401 30401.7 36876.2 37124.1 32190.8 28369.8 35969.6 38802.6 37778.6 31793.6 27899 27592.1 25793.6 17573.8 15360.4 18487.9 20006.9 22522.3 27923.5 29643.8 32671.9 31978.9 33529.1 34853.1 34627.2 33336.9 31061.8 29143.1 29741.8 29984.2 29343.6 28514.1 28287 28370.5 28814.8 29533.6 29937.1 31057.8 29972.4 27279.9 29521.1 31098.4 32322.7 32454.8 28486.8 29012.5 29150.9 28941.4 27530.9 25891.2 23327.3 20559.9 19385.2 19337.9 20835.3 20693.1 20006.4 20230 20551.3 21421.4
1000 1000 1000 1000 1000 1000 1000 25650.5 39561 47494.9 48561.4 46098.8 41385.1 37731.2 39272.2 39805.6 38455.1 34412.8 32232.7 31182.2 29801.3 26477.6 25002.7 24895.3 24480 24619.4 26674.9 28193.1 29464.5 28436.6 29198.4 29558.9 28004.2 25367.5 23658.6 24165.9 26418.2 27911.2 28174.4 28122 28341.1 28725.2 29381.9 30325 31861.3 34715.8 37186.3 40161.5 46256.1 48797.2 48227.7 46541.5 41187.4 38861.7 37711.6 36992.9 36240 35542.1 34395.3 33220.3 31602.8 29062.3 28608.6 28367.2 28872.2 29213 29946.8 31970.9
1000 1000 1000 1000 1000 1000 1000 28506.4 42632.3 49986.8 50770 48335.6 43216 40212.6 41515.9 41560.4 39741.7 35730.4 33618.4 32425.1 30946.6 27982.2 26064.5 25268.3 24348.8 23964.9 25712.1 27062.9 27555.2 25859.1 25491.9 24446.2 19396.7 16378.4 17645.2 19407.8 21318 22690.7 23446.3 23704.6 24606.7 25494.4 26385.5 27416.4 29136.3 32142.7 35306.4 41375.7 49859.8 53519.9 53509.3 51396.3 44967.5 41376 39338 37975.9 36832.3 35815.6 34234 32935.9 31412.1 29087.7 28979.5 29362.7 30192.5 30486 31446.4 33841.8
1000 1000 1000 1000 1000 1000 1000 28120.7 42983.9 50913.1 52248.1 49812.5 43827.4 42754.5 44398.9 43849.5 41413.8 37090.2 34946.3 33596.4 32093 29153.7 27093 26050 25099.7 24689.7 25869.7 26565.2 26353.9 23986.1 22716.3 21170.7 16018.4 14583.2 15680.8 17309.9 18338 18463.3 18817.3 18324.8 19906.9 21594.7 22869.1 24030.8 25763.7 28692 31338.9 36305.4 43303.2 48078.1 50519.3 50166.3 45010 41319.7 38615.4 36732.7 34899.1 33225.8 30789.7 29134.1 27793.6 26375.6 27555.5 29519.5 31009 31251.5 32335.8 34967.9
1000 1000 1000 1000 1000 1000 1000 26899.5 41986.5 50479 53495.2 52003.2 45365.9 45599.2 47059.8 45684.7 42594.9 37910.3 35826.7 34386.5 32919.8 30073.5 28182.4 27046.9 26036 25819 25734.6 25791.1 25064 22459.9 21058.6 19890.8 15026.8 13900.1 14608.5 16021.8 16637.4 16365 16451.6 15275.6 16844.1 18949.2 20759.2 22057.5 23724.7 26570.5 28668.8 32601.1 37806.5 42022.1 45828.4 47378.2 44564.5 41195.9 38281.4 36370.7 34413 32623.7 30046.3 28372.6 27294.7 26370.8 28136 30841 32671.2 32859.7 34079.7 36949
1000 1000 1000 1000 1000 1000 1000 25624 39725.5 48585.5 53909.9 54562.2 48046.9 48121.2 49068.4 46831.6 43082.5 38112.9 36251.3 34909.6 33571.8 30838.2 29109.6 27970.8 26853 26434.4 25473.8 25155.2 24226.8 21915.5 20769.3 20133.9 15826.5 14066.8 14325.5 15413.2 15709.9 15414.4 15418.3 13660.6 14970.4 17476 19971.8 21491.5 23093.8 25851.3 27418 29976.2 33770.6 36698.1 40033 42259.9 41970.9 39053 36892.6 35974.5 34789.5 33577.9 31417.9 29821.9 28756.8 27518.3 29504.1 32690.4 34923.7 35121.8 36381.8 39241.3
1000 1000 1000 1000 1000 1000 1000 24864.5 37623.4 46352.4 53310.3 56792 51457.8 49989.1 50397.4 47273.8 42801.7 37686.8 36121.5 34886.5 33601.1 30675.9 28892.9 27796.6 26615.5 25821.8 24778.6 24519.5 23952.6 22108.4 21336.3 21103.6 17476.2 15140.2 14886.4 15592.6 15702.9 15571.6 15697.4 13835.4 14727.1 17099.1 19898.8 21556 23027.2 25627.6 26741.9 28230.6 30894 32826.9 34859 36188.6 37344.1 35058.4 35184.2 36319.5 36668 36442 34760.9 33130.8 31372.9 29032 30799.8 34324 36899.7 36993.6 38030.4 40408.5
1000 1000 1000 1000 1000 1000 1000 24629.5 36992.3 44811.1 51401 56574.1 53214.3 51069.4 51161.5 46845.7 41261.7 36341.3 35029 33953.8 32618.3 29225.8 27210.6 26077.6 24770.3 23648.8 22939.2 23086 23343.9 22176.8 21787.1 21867.6 18859.5 16512.9 15968.2 16130.3 16085.8 15911.4 15689.1 14104.1 14817.2 16794.7 19381.9 20898.3 21979.4 23834.1 24645.2 26124.6 28200.4 29472.6 30437.5 30357.4 30917.5 29964.8 33263.8 38067.8 41209.3 42335.9 40176.1 36662.8 33493.3 30401.8 31735.2 35065.6 37387.5 37174.7 37741.6 39380.4
1000 1000 1000 1000 1000 1000 1000 25092.3 37459.7 42404.7 46569.4 51580.3 50369 49019.9 49671.7 44359.4 38101.9 34064.5 33134.3 32426.7 31021.3 26998.3 24475.8 23108.5 21488.6 19992.8 20277.9 21057.6 22220 22261.1 22607.5 22927.9 20071.1 18068.7 17303 16925.7 16648.8 16411.1 15080.2 13505.1 14466.8 16396 18705.6 19856.5 20359.2 20754.4 20911.8 23273.5 25526.1 26451.8 26519.4 26414.6 24543.9 24596.2 31589.4 51996.1 58876.3 59020.8 52342.4 39978 33253.2 30165.2 31198.3 33742.9 35373.1 35111.9 35280.4 36555.8
1000 1000 1000 1000 1000 1000 1000 26792.1 38286.5 39844 41402.4 43676.4 43259.2 42762.9 45118.5 40735.8 35780.1 32447.1 31821.9 31345 29814.3 25652.9 23036.9 21415 19306.3 17962.8 19153.8 20449.5 22306.1 23883.6 25777.6 25784.3 23062.8 21166.6 20418.9 20088.6 19701.6 20048.2 19021.5 17811.9 17847.9 18731.2 20098.8 20801.1 21152 20424.9 20553.3 23347.8 25275.3 26039.5 25847 30323.2 26002.8 25235 33134.3 67628.9 78730.6 75894.5 63996.7 44290.9 32400.1 28501.7 28814.8 30679 31981.9 32248.2 31935.6 32742.3
1000 1000 1000 1000 1000 1000 1000 28642.4 38553.6 38337.6 38594.7 38923.2 38029.9 37879 39576.8 36455 33191 30353.8 29778.6 29600.2 28301.4 24471.7 22265.5 20508.3 17919 17145.5 18709 20186.7 22333.6 24275.9 26130.4 26633.7 24463.4 22508.7 21662.6 21148.3 20554.3 20910.7 19958.4 18696.3 17979.8 17972.9 18751.8 19289.3 19668.3 19081.5 19343.4 21012.5 22605.2 23294.7 22907.3 26688.5 23013 22550.4 25525 30788.7 47961.2 63560.9 49931 35039.2 29890 26572.1 25988.7 27062.4 28161.3 28767.3 28314 28678.9
1000 1000 1000 1000 1000 1000 1000 28768.7 36189.6 35537.6 35195.8 34626.1 33507.3 33786.4 34763.2 32638.6 30125.8 27476.6 26467.6 26584.4 26136.4 23146 21712 20051.6 17227.1 16955.9 18436.1 19838.7 21888.4 23591.7 25400.6 26811.4 25381.9 23225.4 22254.8 21498 20904.3 21323.6 20427.6 19035 17497.4 16498.2 16554.8 16757.1 17385.2 17275.5 17341.1 17835.8 20000.9 21179.3 21126.1 23987.4 20389.4 19608.2 21862.4 24766.4 27835.7 30856.8 30543.8 28573 26719.7 24530.3 23573.2 23912.5 24660.8 25370.9 25108.6 25238.9
1000 1000 1000 1000 1000 1000 1000 25722.4 31366.4 31164.6 30402.1 29269.6 27807.3 28027.9 29319.2 27926.4 25605.1 22992.3 21469.5 21868.8 22537 21098.9 20958.2 19537.8 16575.5 16620.6 17824.5 19005.3 20679.9 22188.4 24586.6 25481.1 24659.8 22826.2 21760.9 21067.8 20869.8 21690.8 20876.8 19249 17185.7 15761.9 15464.2 15247.6 15635.3 15460.6 15715.8 11629.2 17770.9 19939.1 20329.4 23726.7 18639 17314.1 20063.7 23242.6 25864 27981.3 27836 26547.4 25113.9 23315.6 22219.5 21847.3 22149.3 22959.2 22894.2 23129.4
1000 1000 1000 1000 1000 1000 1000 21990.7 26679.2 27086.2 26298.4 24708.3 22961.3 22718.3 24272.4 23286.4 21401.8 19383.5 18130.5 18350.8 18774.2 18579.6 19579.2 18517.4 14806 14943.5 15963.3 16756.9 17595.4 18847.8 22364.2 22127.8 21943.9 20254.9 19452.7 19296.4 20271.6 22049.2 21350.1 19405.9 16920.5 15526.9 15353.6 15179.1 15368 15279.6 15613.1 10311.1 16339.4 19745.5 20600.3 24454.6 18767.4 17780.4 21250.6 25173.4 27196.5 28656.4 28500.1 27142.5 25498.8 23624.9 22367.7 21419.3 20989.2 21814.8 22162.4 23022.1
1000 1000 1000 1000 1000 1000 1000 21945.4 25426.8 26117.8 25197.9 23417.4 21595 21270 22753.9 21945.5 20453.7 18833.8 17773.1 17817.1 17717.4 17630.4 18487 17856.2 14985.4 14269 14501.2 14434 13955.3 14756.9 19104.5 17439.9 16798.2 15875.7 15682.6 15980.8 17951.1 21525.1 21318.6 19189.9 16567.6 15437.5 15432.3 15438.9 15876.2 16092.3 17589.4 15191.3 19413.4 21382.6 22360 25771.2 21570.2 19236.9 21490.7 24076.3 25530.8 25888.6 25845 25456.9 24458.4 22970.8 21715.5 20623 20037.4 20884 21511 22162.4
1000 1000 1000 1000 1000 1000 1000 21647.1 24558.4 25524.8 23877.4 21735.4 19918.2 19610.3 20781.6 20521.7 19352.8 18093.4 17203.4 17034 16547 16110.7 17088.2 17102.3 15093.5 14842.1 14497.5 13953 13103.9 13538.1 17275.3 16079.9 15950.8 15221.8 15021 15365.1 16813.6 20216.4 20646.8 18962.9 16612.7 15595.4 15552.7 15635.3 16324.3 17140.1 19777.4 20613.2 21783 23024.3 24004.9 27002.7 23918.7 19200.1 19273.5 20845.2 22108.2 22104.3 22376.9 22823.9 22561.9 21519.9 20237.6 18876.4 18056.7 19145.2 20374.2 20837.4
1000 1000 1000 1000 1000 1000 1000 20366.8 24019.5 26097.8 23419 20796.3 19060.3 18893.6 20586.3 20234.1 18863.7 17922.7 16988 16500.9 15831.7 15471 17041.1 17572 17495.2 17291.8 15757 14895.2 14083.6 14963 18223.4 17897.9 18536.4 18232.3 17771.6 17678.2 18275.6 20544.5 21270.9 20152.4 17619.2 16457.1 16224.1 16310.2 17103.5 18263.5 20724.5 21799 22665.8 23780.1 24940.4 28068.7 25624.4 21386.7 20508.5 21835.9 22644.2 22105.8 22775.6 23373.6 23254.1 22139 20732.7 19344.4 18705.5 20966.7 23935 24504.6
1000 1000 1000 1000 1000 1000 1274.72 20727.5 26403.1 29559.6 26609.1 23319.4 20833.3 20324.5 22268.8 20497.9 19165 18173.1 16991 16290.6 15646.4 15650.6 17624 18304.9 18743.3 17969.1 16251.8 15520 15077.3 16406.6 19425.8 19501 20342.1 20161 19648.6 19293.7 19367.6 21092.1 22023.1 21313.9 18826.6 17262.8 16765.6 16822.2 17700.9 19150.9 21583.6 22653 23426.4 24554.1 25947.5 29312.5 27001.1 22657.5 21454.9 22656.5 23252.2 22604.8 23251 23927.6 23441.5 21979.7 20392.6 19085 18603.2 21346.9 24861.2 26203.5
1000 1000 1000 1000 1000 1000 1595.93 22430.4 33113.5 34124.1 30956.5 27695.5 24432.1 22657.1 23983.6 20950 19658.6 18355.9 17103 16299.2 15823.4 16181.1 18192.1 18765.2 19039.7 18115.6 16507.3 16149.5 16108.3 17588 20486.7 20572.9 21537.5 21322.8 20800.9 20392.7 20389.7 22028.7 23129.6 22891.8 20264.2 18153.7 17545.3 17634.3 18841.5 20582.5 22461.3 23120.6 23597.8 24597.5 26059.9 29471.9 27288.4 23302.6 22101.5 23032.8 23422.7 22293.9 22870.6 23544.7 23031.8 21526.3 19992.2 18844 18546.3 21261.7 25061.1 27901.5
1000 1000 1000 1000 1000 1000 2115.47 27624.3 40906.8 37154.3 33326.3 29572 26389.1 24195.1 25417.6 21920.1 20163.8 18738.7 17433 16659.2 16385.9 17027.7 18961.7 19303.3 19488.8 18473.4 16967.6 16899 17059.4 18793.9 22249.7 22186.6 23252.1 22911.3 22336.2 21886.7 22017.9 23987 25388.7 25868 22919.8 19437.7 18633.2 18901.1 20953.4 22224.1 23552 23462.2 23412.2 23918.7 25014.5 28249.7 26434.9 23824.8 22706.1 23112.1 23460.3 22031.2 22455.9 23084.3 23116.2 21174.8 19649 18626 18374.3 20669.7 24638.9 28400.2
1000 1000 1000 1000 1000 1000 2054.97 41072.2 44695.8 38803.4 34186.2 29771.6 26367.7 24548 25729.3 22347.5 20255.2 18796.8 17517.1 16777.3 16619 17251.9 19205.9 19504.9 19517.7 18504.2 16905.3 17143.2 17699.3 19749.2 23853.1 23696.3 24986 24824.6 23971.5 23374.5 23559.6 26000.3 27677.6 28853.2 27521.3 21922.1 20532.8 20563.4 22441.3 22215.6 23184.4 22488.4 22329.3 22860.2 23924.9 27544 25848.4 23155.5 21853.9 21736.6 22163.5 20845.3 21441.7 22367.7 22713.7 20820.6 19390.3 18357 18141.9 20326.3 24069.6 28211
1000 1000 1000 1000 1000 1482.91 2301.19 47840.4 45874.2 39354.7 34355 29521.1 26894.3 25701.5 26910.1 23767.2 21235.8 19699.2 18450.3 17782.5 17691 18276 20117.6 20333.4 20490.1 19046.3 16863.6 16632.8 17523 19996.6 24495.7 24554.5 26518.2 26503.4 25572.7 24993.3 25404 28215.7 29941.8 31088 31057.8 27073.5 23896.8 22459.7 23253.7 21873.5 22646.4 21620.7 21423.7 21986.8 22856.1 26866.5 25666.9 22680.9 21180.8 20749.5 21081.8 19903.6 20798.1 21863.2 22386 20897 19504.8 18424.8 18190.6 20407 24110.1 28479.7
