Code/MW_40/1000/MW_40_1000_140/2.9_40_1000_Te_map_shift_80km.grd
DSAA
165 185
-4920000.0 4920000.0
-5520000.0 5520000.0
1000.0000182292096 139999.99791999455
[rows 150 to 179 of 185, columns 0 to 67 of 165]
140000 140000 140000 140000 140000 140000 140000 30266.5 8942.12 3877.45 4618.26 4698.75 3750.82 1000 5697.15 5919.03 4351.33 4160.35 1379.55 2247.56 2324.05 73294 140000 140000 98091.6 67761.9 54745.5 46914.5 42454.1 42955.7 44610.2 46171 46205.3 44889.6 46391 42069.9 39064 38658.3 40509 43809.6 47497 51272.9 56882.6 62396.8 66978.2 68610.8 66151.4 60011.2 51776.2 38518.8 3530.69 3287.01 3229.35 3013.46 2455.06 2037.07 1739.3 1000 1000 1000 1000 1000 1000 1000 1000 1000 1000 1000
140000 140000 140000 140000 140000 140000 140000 30268.1 9159.69 3883.69 4599.56 4765.5 4582.39 2095.15 4852.64 5275.49 3730.8 3932.97 1408.73 1978.48 1938.65 56213.1 103032 129836 88143 67854.9 56404.6 48625.2 44142.5 44505.4 46489.6 48714.7 49000.2 46905.1 46813.5 41912.5 38286.5 37518.3 39145.8 42165.1 45667.3 49473.7 55113.6 60881.7 65977.7 68337.9 66502.2 60539.2 52116.1 39854.9 3996.24 3743.18 3699.72 3384.46 2845.39 2486.6 2092.19 1000 1000 1000 1000 1000 1000 1000 1000 1000 1000 1000
140000 140000 140000 140000 140000 140000 140000 30653.3 9668.93 3864.76 4492.79 5146.98 5739.42 3761.6 4462.59 4743.39 2745.39 3117.93 1000 1686.59 1580.29 51167.7 83386.7 99409.2 83627 68187.8 57947.3 50235.6 45828.9 45974.5 47838.4 50093.1 50439.7 47710.4 46095.8 40226.6 35688 34754.7 36342.6 39084.5 42370.6 46333.9 51832.4 57526.5 62628.1 65279 64092.7 58771 50674.7 39095.1 4263.62 3975.71 3884.63 3541.75 3020.27 2648.09 2379.26 1554.79 1096.57 1000 1000 1000 1000 1000 1000 1000 1000 1000
140000 140000 140000 140000 140000 140000 140000 31794.3 10632.4 4111.47 4925.11 6290.14 8479.46 9513.25 6266.08 4397.9 2597.02 2741.85 1000 1708.87 1714.93 53352 83343.2 100695 88223.4 72297.8 61145.7 52624.2 47778.6 47327.3 48815 50593.9 50859.9 47289.6 44020.2 36239.2 30354.2 30324.2 32354.5 34971.7 38229.6 42695.4 48432.1 54236.5 59313 62119.1 61410.3 56731 49078.7 37869.6 4529.47 4135.84 3867.85 3521.71 3002.7 2631.57 2296.71 1851.58 1599.72 1399.81 1102.59 1000 1000 1164.98 1322.45 1296.25 1160.7 1048.11
140000 140000 140000 140000 140000 140000 140000 32780.6 11190.1 4650.33 6227.02 8099.17 10160.6 9908.06 5705.88 3617.53 2112.38 2382.46 1000 1858.54 2048.67 58111.5 89024.4 109072 94651.6 76985.3 64805.2 55754.9 50744.7 49851.1 50968.5 52158 51532.3 46620.6 41214.5 22887.8 22351.8 25049.4 28069.5 30835.4 33826.7 38749.4 45093.1 51326.3 56516.3 59510.1 59106 54911.8 47877.1 37523.4 5044.68 4382.95 3972.55 3497.29 2984.27 2550.57 2175.54 1923.77 1722.66 1608.74 1438.12 1390.55 1360.05 1436.57 1516.18 1460.02 1299.63 1311.86
140000 140000 140000 140000 140000 140000 140000 33935.6 10993.4 5139.92 7264.6 9191.36 10454.1 8854.93 4931.27 3250.88 1663.22 1813.85 1000 1207.54 1572.33 68580.1 110965 139722 104410 81746.6 68249.2 58880.5 54016.3 53150.7 54121.2 54754.6 52771.7 46878.9 40633 16484.8 17074.6 20680.2 24610.6 27635.4 30486.8 35669.1 42853.5 49641.2 55001.2 58161.4 57903.1 53993 47619.9 38190.4 9939.54 4634.96 4170.08 3641.16 3141.88 2969.92 2882.29 2687.11 2538.2 2420.04 2314.26 2231.82 2195.38 2222.76 2245.75 2215.97 2160.96 2151.94
140000 140000 140000 140000 140000 140000 140000 36632.4 10269.3 4472.04 6941.85 10623.8 12104.6 10643.2 8058.92 6796.75 4888.89 4838.46 3408.39 3864.16 65349.3 122312 140000 140000 136680 89830.4 71785.5 61133.9 56659.3 56268.5 57525.4 57925.8 54872.9 49162.3 45706.1 13169.4 14091.4 18427.2 23407.3 26759.9 29850.7 35654.5 43369.2 50476.8 55932 59122.9 58854.8 55055.5 49156.3 40164.4 6836.36 4571.73 3960.32 3499.98 3062.67 2989.52 2755.16 2550.67 2395.76 2306.09 2193.11 2148.08 2121.41 2128.2 2120.22 2090.29 2050.89 2070.86
140000 140000 140000 140000 140000 140000 140000 42422.9 8762.17 3960.2 8420.58 14298.2 16284.2 15192.1 11936.9 10383.4 8644.48 7691.52 6714.25 118395 140000 140000 140000 140000 140000 106087 74000.6 61951.3 57740 57812.6 59493.5 60010.4 56709.2 51267.7 46937 11361.5 12488.3 18009.9 23589.5 26851 29914.5 35781.2 43625.4 50958.5 56604.4 59926.5 59776 56180.7 50489.9 41767.7 5284.55 4217.6 3626.19 3242.81 2879.38 2692.61 2504.73 2353.91 2215.7 2136.69 2023.67 1977.83 1927.24 1899.17 1890.87 1882.97 1869.36 1913.32
140000 140000 140000 140000 140000 140000 140000 53086.5 7963.33 3373.07 10407.8 18073.6 140000 140000 14725.4 12127.7 9712.47 8361.26 140000 140000 140000 140000 140000 140000 140000 109971 70970.6 58889.7 54630.1 54999.9 57132.7 58172.9 55386.8 49174.8 8242.49 7081.18 8605.38 12552.2 19690.7 23323.5 25445.2 29946.2 39986.6 48299.2 54556.3 58368.5 58618.8 55380.4 49791.4 41922.1 4674.89 3997.03 3478.48 3096.68 2754.13 2717.23 2630.46 2470.61 2306.05 2216.66 2118.81 2057.03 2017.86 1990.63 2000.39 1999.78 1975.04 2037.6
140000 140000 140000 140000 140000 140000 140000 60501.5 9723.07 3218.7 11513.5 19023.9 140000 140000 140000 140000 140000 140000 140000 140000 140000 140000 140000 140000 140000 93463.1 63566.6 51198.2 46195.1 46553.9 49237.9 51052.6 48745.5 2306.52 2418.56 2504.66 3255.59 3820.26 4680.87 6369.08 13553.5 7877.66 6416.81 42462 50565.5 55369 56295.6 53585.7 48452.7 41712.7 4753.67 4233.29 3779 3368.75 2986.91 2916.81 2803.2 2655.79 2493.73 2374.12 2275.28 2190.61 2128.13 2086.62 2082.22 2084.53 2095.05 2169.07
140000 140000 140000 140000 140000 140000 140000 56761.3 10783.9 3312.98 12024.4 19587.4 23858.7 25421.2 91811.3 140000 140000 140000 140000 140000 140000 140000 140000 140000 140000 74729.9 51394 5237.78 8587.4 7008.92 3506.1 1959.82 1652.5 1328.67 1418.1 1483.05 2367.95 2774.47 3440.57 4146.95 4619.81 5099.8 4769.5 4213.93 47242.7 53138 54852.3 52788.2 48189.8 42248.9 5444.57 4817.49 4311.76 3813.87 3401.48 3285.99 3175.98 3046.7 2884.23 2753.07 2660.8 2557.24 2470.93 2431.6 2421.28 2436.26 2469.76 2556.73
140000 140000 140000 140000 140000 140000 140000 48740 11369.8 3252.06 11721 19847.8 24989.7 27053.6 23669.2 19169.8 13651.5 10219.5 140000 140000 140000 140000 140000 140000 85472.8 58020.1 6192.15 4649.98 6618.7 5905.61 3492.17 2045.72 1627.06 1361.33 1072.43 1543.51 2248.65 2671.99 3407.86 4017.99 4533.18 5014.2 4887.46 4333.71 45423 51904.3 54341.1 53103 49185.9 43903 9376.09 6894.21 5650.59 4707.7 4157.65 3995.54 3854.53 3700.72 3569.71 3427.75 3336.65 3202.89 3100.04 3047.02 2986.13 2964.63 2996.02 3143.69
140000 140000 140000 140000 140000 140000 140000 43458 11434.4 4132.29 10030.3 19428.3 24566.4 25614.4 22617.2 18739.1 13265 10476.4 85331.6 140000 140000 140000 140000 80069.2 58315.1 42176.7 5637.45 3733.54 4907.65 4881.93 3101.43 1622.78 1377.99 1151.25 1000 1268.29 1978.37 2286.69 2991.57 3443.8 3897.11 4402.18 4451.13 4148.81 43157.7 50138 53362.4 53156.8 50177.8 45729.1 40084.9 13585.6 7546.24 5434.09 4588.39 4519.47 4354.61 4171.27 4080.78 3912.25 3834.49 3682.75 3584.32 3516.25 3444.74 3428.31 3496.28 3720.34
140000 140000 140000 140000 140000 140000 140000 40417.8 11435.8 4179.35 8857.2 17697.3 23774.3 23809.4 21376.7 18735.2 13980.2 11261.5 42029.7 68238.5 71318.5 69431.8 61420 51361.4 41339.1 28206.4 5727.44 3587.53 4500.09 4630.04 3260.5 1858.65 1616.62 1409.71 1306.98 1520.66 2102.01 2235.49 2817.1 3169.06 3567.91 3936.76 4033.47 3928.99 41032.4 48117.1 51959.4 52778.7 50847.5 47303.7 42875.4 37115.6 14126 5057.11 4534.29 4650.1 4515.98 4425.54 4432.69 4295.93 4248.23 4101.13 4018.09 3921.18 3851.21 3822.26 3925.09 4231.03
140000 140000 140000 140000 140000 140000 140000 38565.1 11663.9 4123.89 8277.68 15391.9 21917.1 20588.9 19154.7 18060.3 14274 11650.6 19712.9 38521.3 41658.8 42551.2 39745.9 35800.6 31229.7 25767.6 6505.61 3604.2 4494.17 4726.7 3402.79 2136.5 1827.54 1628.78 1470.76 1556.61 2065.99 2182.38 2711.74 3100.55 3490.3 3817.83 3935.3 3924.58 39080.5 46158.8 50359.2 52040.6 51126.7 48532.3 45113.3 40993.5 36748.7 4896.2 4559.15 4750 4714.65 4699.32 4800.11 4693.46 4696.58 4584.51 4465.13 4315.1 4162.26 4062.86 4168.86 4629.02
140000 140000 140000 140000 140000 140000 140000 37938.9 12573.7 4415.86 8148.76 15202.8 19471.6 16039.9 16399 16502.4 13088.1 9891.86 17236.9 23302.1 25265.7 27314.2 27518.1 27358.7 26227 23347.3 6743.24 3282.7 4018.41 4315.57 3295.2 2170.57 1964.19 1926.34 1884.42 1975.66 2324.65 2393.18 2940.31 3111.46 3416.03 3680.61 3785.76 3877.4 36711.9 44089.8 48530 50885.1 50848.2 49148 46618.3 43407.7 40419.8 37469.8 4272.04 4576.78 4585.74 4651.81 4724.01 4591.81 4669.95 4578.84 4429.84 4296.38 4068.53 3887.84 3969.86 4285.25
140000 140000 140000 140000 140000 140000 140000 38303.1 13891.6 4295.6 8632.55 16030.4 17736.5 10990.1 14124.8 14739.8 11483.1 8488.44 12353.2 16760.1 17633.2 19213.5 20414.9 21718.8 22033.2 19962.8 6129.9 3052.02 3726.79 3931.04 3171.34 2421.58 2258.14 2174.6 2178.52 2309.8 2597.05 2609.36 3141.93 3088.99 3403.25 3662.7 3742.13 3867 4179.6 41636.7 46298.8 49151.6 49824.4 48921.1 47186.7 44707.3 42517.4 40336.4 37529.8 4796.76 4801.04 4839.65 4948.18 4826.4 4998.89 4841.17 4711.68 4562.42 4260.13 4058.49 4167.59 4236.03
140000 140000 140000 140000 140000 140000 140000 40076.9 14772.5 4639.87 9413.71 16015.9 16121.8 10022.5 12446.8 13166.3 10246.2 7515.28 8969.09 10196.8 10837.5 12636.3 13432.4 15974.7 17740.4 15896.3 5142.37 2488.93 3068.13 3141.89 2619.37 2192.75 2047.59 2145.24 2192.42 2337.06 2714.97 2607.3 3046.98 2976.62 3336.5 3577.39 3615.13 3733.31 4039.37 38115.7 43432.4 46687.9 47947.2 47760.4 46745 44968.1 43560.3 41888.2 40101.7 37931.6 5801.17 37405.7 38216.5 38976.6 39584.6 39842.9 40527.8 40869.3 41178.1 41166.4 40422.9 39765.5
140000 140000 140000 140000 140000 140000 140000 46412.4 15511.9 5187.69 9423.49 16084.8 14374.4 8802.13 10687.7 11803.6 9077.53 6285.8 6485.73 6003.51 6388.48 8841.32 8789.28 7717.72 11704.2 10938.4 3807.2 1773.86 2256.28 2291.53 2020.22 1660.8 1795.82 1581.92 1700.94 1863.39 2404.22 2240.13 2528.2 2541.69 2873.5 3030.94 3025.88 3130.4 3393.81 3635.95 39522.3 43392.3 45231.4 45615.1 45193.9 44047.5 43439 42223.3 41308.4 40340.1 40731 42137.1 43642.6 44776.9 45738.1 46303.5 47106.5 47737.2 48342.6 48748 48742 48858.6
140000 140000 140000 140000 140000 140000 140000 83897 17319.6 5232.89 9033.32 20851.6 12999.5 7692.09 8558.83 10355.6 7705.25 5103.83 4703.43 3973.95 3926.29 5421.44 5560.59 4718.61 3963.58 6697.55 2853.93 1000 1000 1000 1000 1000 1000 1000 1000 1000 1672.93 1638.32 1914.75 1993.34 2335.75 2452.72 2463.24 2556.88 2803.48 3090.41 3464.55 38901.9 41653.1 42556 42610.3 41933.6 42092.3 41339.8 41280.6 41465 42861.5 45146 47443.3 49216.8 50763.1 51773.1 52794 53629.4 54336.9 54822 55061 55625.1
140000 140000 140000 140000 140000 140000 140000 140000 40778.9 5942.49 36436.4 37261 28666.2 7269.72 7335.31 9380.23 6851.19 4434.04 3903.3 3301.48 3202.54 3999.54 4218.54 3967.21 3237.27 5319.17 2600.35 1000 1166.68 1000 1025.63 1000 1000 1000 1000 1000 1648.32 1669.01 1967.14 1984.81 2316.8 2411.28 2421.78 2493.01 2680.28 2987.13 3364.75 3773.89 4266.72 38635 39073.2 38700.5 39608.9 39287.6 40056.1 41266.4 43493.1 46565.9 49661 52212.1 54525.6 56151.8 57507.4 58507.7 59118.8 59315.2 59359.3 59991
140000 140000 140000 140000 140000 140000 140000 140000 140000 140000 140000 140000 66286.3 8260.42 8526.09 9960.92 7018.64 4382.75 3749.19 3098.59 2953.28 3802.12 4094.43 3871.91 3178.56 5760.32 2528.41 1000 1000 1000 1000 1000 1000 1000 1000 1000 1368.19 1390.52 2005.11 2038.46 2318.71 2420.53 2445.72 2535.45 2743.47 3036.66 3401.39 3832.03 4442.75 33581.2 34452.7 34156.4 36079.5 36281.2 37871.2 39772.1 42392.1 45942.6 49601.1 52780.9 55788.9 58094 59965.4 61303.9 61919.9 61819.2 61552.7 61906.5
140000 140000 140000 140000 140000 140000 140000 140000 140000 140000 140000 140000 140000 71505.9 8629.81 9757.18 7191.08 4743.67 4263.96 3694.25 3553.55 4691.18 5213.24 4821.54 5085.78 6387.52 2185.79 1000 1441.73 2320.04 2442.53 2515.61 1919.95 2045.37 2144.71 1959.57 2622.7 2511.83 3067.9 2917.89 3203.62 3230.92 3127.82 3236.59 3468.4 3677.44 4117.57 4636.82 5748.5 23256.5 26662.6 22941 30940.3 32525.7 34883.9 37236.3 40180 44163 48217.6 51832.5 55311.2 58148.6 60505.2 62179.8 62779.2 62359.3 61653.9 61369.1
140000 140000 140000 140000 140000 140000 140000 140000 140000 140000 140000 140000 140000 140000 5150.03 6968.06 5545.82 3359.34 2835.84 2274.92 2203.02 2906.79 3027.04 3381.63 2960.65 3836.25 1708.6 2188.96 2639 3471.12 3868.19 3806.76 3030.47 3557.69 3353.14 2986.58 3860.87 3640.4 4462.44 3787.43 4487.57 4516.44 4026.44 4115.29 4285.23 4347.26 4996.47 6133.87 16152.9 20752.9 21390.7 19695.4 21286.8 27707.2 30699.2 33833.5 37374 41832.8 46200.2 50133.9 53928.3 57139.2 59887.6 61881 62495.6 61863.1 60784.4 59804.2
140000 140000 140000 140000 140000 140000 140000 140000 140000 140000 140000 140000 140000 140000 4339.18 4430.29 4918.21 2968.9 2377.21 1000 1000 2446.64 2600.05 3261.81 2788.86 3594.74 4328.01 4732.11 5630.77 7689.9 15175.2 18212.5 19945 20676.2 22126.7 24506.8 25213.5 22546.5 21861.9 21471.5 20320.5 18927.9 18162 17218.1 15857 5185.55 5889.57 7725.97 14978 17918.1 18593.2 17437.1 18835.9 22718 22998.5 28397.8 34313.6 39509.1 44226 48456.3 52533.8 56059.8 59158.7 61481.9 62149.6 61441 60027.1 58396.5
140000 140000 140000 140000 140000 140000 140000 140000 140000 140000 140000 140000 140000 140000 63298.6 4379.16 5753.42 3709.84 3783.73 2872.48 2943.01 4901.87 6466.68 6812.4 7067.02 8508.19 9593.01 11724.7 14072 15303.4 16581.2 20464.5 23748.4 26912.7 30551.7 34535.7 36965.2 36203.6 37337.3 37425.7 37390.7 36326.7 34792.3 33584.7 28490.5 17711.3 5921.16 6130.16 6972.76 13970.6 15939.2 15016.3 17239.6 19879.8 18901.8 19391.4 29756.7 37344.5 42598.5 47210.3 51601.1 55453 58893.9 61532.2 62254.8 61611.8 59852.5 57649.8
140000 140000 140000 140000 140000 140000 140000 140000 140000 140000 140000 140000 140000 140000 4032.94 4292.47 5915.74 3528.54 3858.3 2151.64 1936.41 6087.37 7977.53 7895.64 7655.45 8226.03 8634.8 9457.26 10505.9 10608 8735.96 1331.07 1000 1000 1000 36435.8 40766.5 40645 42398.1 42727.4 42541.5 41171.6 39115.7 37286.8 1000 1000 1000 1000 1000 1000 1000 1000 1000 1000 1000 1000 1000 1000 39089.4 44660.5 49367.6 53320.1 56803.5 59416.4 59935.3 58934.7 56828.9 54127.9
140000 140000 140000 140000 140000 140000 140000 140000 140000 140000 140000 140000 140000 140000 140000 94913 32929.8 28833.9 28440.6 27670 27880.5 28558.5 28947.2 28901.1 28740.8 28591.4 28804.5 28752.8 27921 27680.2 28695.8 33886.7 42644.2 48380.7 51493.3 55360.5 57750.6 58231.2 58459.2 58222.1 57725.2 56329 54904.8 53072.2 50197 47855.6 44795.1 41595.1 40061.3 37582.5 1000 1000 1000 1000 1000 1000 1000 39226.5 43878.1 47868 51916.8 55414.8 58744.3 61399.6 61455.6 58952.9 56613.6 53304.1
140000 140000 140000 140000 140000 140000 140000 140000 140000 140000 140000 140000 140000 140000 140000 140000 140000 140000 140000 140000 140000 140000 140000 140000 140000 140000 140000 140000 140000 140000 140000 140000 140000 140000 140000 140000 140000 140000 140000 140000 140000 140000 140000 140000 140000 140000 140000 140000 140000 140000 140000 140000 140000 140000 140000 140000 140000 140000 140000 140000 140000 140000 140000 140000 140000 140000 140000 140000
140000 140000 140000 140000 140000 140000 140000 140000 140000 140000 140000 140000 140000 140000 140000 140000 140000 140000 140000 140000 140000 140000 140000 140000 140000 140000 140000 140000 140000 140000 140000 140000 140000 140000 140000 140000 140000 140000 140000 140000 140000 140000 140000 140000 140000 140000 140000 140000 140000 140000 140000 140000 140000 140000 140000 140000 140000 140000 140000 140000 140000 140000 140000 140000 140000 140000 140000 140000
