Code/MW_40/1000/MW_40_1000_140/2.9_40_1000_Te_map_shift_80km.grd
DSAA
165 185
-4920000.0 4920000.0
-5520000.0 5520000.0
1000.0000182292096 139999.99791999455
[rows 120 to 149 of 185, columns 68 to 135 of 165]
40232.2 3373.92 2367.48 2602.35 2915.03 2959.79 2640.79 2616.92 2839.65 3627.75 5058.93 6063.26 6487.22 10064.6 11427.9 9399.8 7822.92 5947.33 6460.67 10518.8 17236.6 21220 27083 31991.6 34081.9 34005.4 32449.6 30619.1 23314.4 7080.71 4145.68 4166.34 5307.27 6415.47 6717.76 6494.61 6779.85 7960.31 8568.83 7716.38 6465.25 5434.05 5963.92 7374.21 8157.52 9136.53 10283.5 12150.6 16975.3 18177.9 16334.1 11472.3 7321.45 5526.2 4672.08 4181.67 4967.1 5888.88 6858.51 5133.54 4087.4 2749.58 1036.67 1000 1000 2271.66 91742 140000
42786.6 3386.18 2620.71 2857.19 3158.96 3260.7 3068.99 3042.56 3224.41 3466.87 4553.6 5421.24 5551.06 5809.94 7735.7 7792.26 6424.21 4915.02 5453.43 8671.84 13932.9 16776.5 18761.4 22756.2 27798.1 32056 35014.6 38459.6 40258.2 53492.8 55079 4361.65 5059.79 5827.63 7029.45 6211.12 5889.46 7285.15 7906.35 6970.59 5423.93 4157.86 4358.11 5720.08 6645.34 8184.66 9784.57 11141.1 13874.3 16595.5 15793.7 10898.4 6806.84 5107.74 4346.75 3882.67 4410.17 5236.25 6158.14 5265.21 4276.32 2866.21 1399.9 1000 1000 1912.3 110907 140000
44795.5 40179.7 37386.9 37262.1 38891.8 39493 37898.5 3074.28 3429.46 3509.74 4192.77 5000.69 5475.97 5953.5 6526.92 6559.1 5373.04 4266.63 4847.66 8428 13786.4 15627 17197.6 19581.6 22472.4 26451.5 33289.8 50161.8 71265.4 140000 92563.1 5047.75 5443.01 8198.71 10366.1 8053.64 6097.48 7251.5 7334.2 6407.12 4648.53 3537.54 3548.42 4509.44 5422.15 7670.04 9446.14 10113.9 11041.4 13749.8 14839.3 10623.7 5977.82 4369.33 3849.25 3445.35 3744.88 4306.49 4949.62 4667.93 4077.28 2819.99 1124.64 1000 1000 1000 115512 140000
45306.3 42484.1 41457 41885.1 42860.8 42880.1 41261.5 37457.2 4070.82 3828.71 3342.08 3620.87 3840.6 4256.66 5084.07 4707.33 3243.55 2471.01 2820.57 3569.6 13976.7 15260 16380 18222.2 20302 22778.2 27687.7 83686.3 140000 140000 140000 7656.54 6411.3 11809.6 12517.5 8520.68 5383.28 5170.55 5448.17 5319.41 4039.82 3203.32 3085.51 3612.16 3877.84 4868.89 6630.96 7181.11 7781.22 8388.89 8348.16 5949.31 4732.95 3650.17 3242.39 3023.72 3233.37 3573.73 4121.72 4102.66 3759.96 2761.18 1153.45 1000 1000 1000 105373 140000
44889.3 43340.3 43212.6 44015.9 44898.3 44714.6 43012.3 39713.1 33808.9 4446.2 14732.5 15932.1 15402.5 4465.12 6935.7 4769.09 3297.37 2761.24 3169.05 4115.96 12524.3 14505.4 16240.3 18315.7 19935.6 21327 24385.9 140000 140000 140000 140000 45710.9 8227.07 15842.5 14530 8730.87 4494.91 3763.47 4168.58 4251.3 3201.72 2731.15 2498.62 2894.13 2990.61 3517.82 4322.73 4798.55 5390.54 5206.92 4560.53 4237.4 3891.53 3196.17 2887.33 2671.87 2837.17 3265.14 3794.83 3789.36 3670.93 2876.1 1410.88 1000 1000 1000 84642.2 140000
44008.5 43325.8 43841.5 45002.7 45976.6 45762 44024.9 40915.8 36317.1 26855 19478.1 18813.4 4004.22 4134.27 5470.73 4054.31 3107.82 2704 3026.85 3857.76 6604.14 13351.7 16241.7 19049.7 20648.3 21353.6 140000 140000 140000 140000 140000 60675.5 28782.2 21071.2 17208.4 9518.03 4285.6 3322.05 3753.95 3819 2751.27 2406.83 1909.45 2481.71 2245.02 2651.43 3393.52 3771.77 4327.42 4219.84 3526.29 3335.01 3071.31 2474.75 2173.55 1925.97 2024.18 2463.23 2848.43 3091.31 3216.14 2595.51 1134.52 1000 1000 1000 65555.4 140000
42746.3 42629.8 43654.7 45183.6 46371.1 46247.3 44494.8 41421 37259.5 31427.7 22753.1 20365.6 18169.2 3893.67 4603.2 3469.81 2778.69 2292.15 2700.68 3428.72 5463.84 13350.2 17787.8 22106 24216.2 25413.1 140000 140000 140000 140000 140000 83039.7 36804.8 26501.1 21649.3 14881.3 4480.91 3259.83 3773.23 3957.88 2639.7 2329.28 1817.18 2363.31 2231.72 2669.44 3121.99 3373.52 3865.96 3894.24 3343 3249.01 2962.44 2353.09 1940.4 1665.11 1743.58 2176.62 2620.06 2792.61 2694.07 2576.3 1000 1000 1000 1000 1000 97231.4
41449.3 41687.2 43118 45055 46590 46660.1 44931.5 41859.8 37927.3 33082.6 26218 21501.8 18208.5 3799.27 4382.08 3256.65 2616.59 2101.32 2616.7 3371.43 10176.2 15757 22313.1 28956.5 31509.8 34699.8 140000 140000 140000 140000 140000 140000 46268.6 31569.5 25991.8 19760.9 10105 4240.27 4756.06 4839.08 3173.56 2665.59 2304.6 2516.95 2153.72 2569.81 2617.03 2853.03 3289.43 3350.57 2883.65 2801.13 2439.18 1923.34 1366.93 1000 1000 1374.94 1712.61 2078.46 2196.48 2498.05 1000 1000 1000 1000 1000 74641.5
40386.5 40891.6 42675.4 45093.2 47133.7 47516.3 45910.6 42861.6 39062.9 34751.2 29470.2 23141.5 17581.9 3649.12 4119.83 3151.81 2632.04 2194.31 2600.81 3302.82 11407.7 17963.5 29596.3 37971.7 38204.2 39814.1 55984.3 140000 140000 140000 140000 140000 51130.3 36849.5 30163.9 22728.3 15338.4 12474.6 10979.5 7251.64 4944.87 3745.9 3307.63 3070.76 2647.66 2834.17 2888.02 3001.72 3478.89 3536.64 3081.63 2799.43 2327.54 1804.81 1262.74 1000 1000 1000 1216.26 1783.13 1874.71 2213.97 1000 1000 1000 1000 1000 61727.3
39968.9 40762.6 42882.2 45695.1 48171.6 48944 47478.1 44474 40763.2 36734.4 32243.4 26482.5 3556.24 3656.48 4001.35 3059.2 2561.71 1991.4 2389.24 3068 5241.15 18030.1 46812.4 47381.2 41370.9 39318.1 42072.5 49919.9 67816.5 94212.7 77870.7 53211.7 45869.4 40582.1 35353.8 27203.2 18879.9 15740.5 14518.5 11963.4 8248.29 5565.21 4267.59 3720.86 3114.9 3319.34 3470.33 3477.47 4177.44 4316.27 3407.16 2941.21 2428.96 1945.27 1578.07 1147.64 1005.45 1450.14 1620.78 1993.32 2102.76 2305.59 1000 1000 1000 1000 1000 49008
40948.8 42142.9 44563.1 47604 50347.7 51344.9 49903.6 46851.5 43050.9 38989.6 34682.2 29721.7 3903.43 3972.96 4221 3138.58 2539.84 1892.01 2265.23 2849.82 4400.83 14881.6 52396.2 49719.2 39931 35203.2 34527.5 34575 34362.6 33330.8 16088.9 12160.1 36420.6 39480.4 39803.2 34823.2 27959.3 21210.2 18752.3 16162.7 12293.6 9030.39 6867.78 5145.08 6771.94 5040.39 4616.62 4611.71 5117.84 5525.27 4025.01 3288.95 2758.42 2270.88 2003.71 1776.55 1743.87 2045.46 1972.96 2240.83 2277.1 1823.2 1000 1000 1000 1000 1000 1000
43386.4 44985.8 47555.3 50590.9 53189.2 54060.7 52603.1 49537.6 45652.9 41476.6 37161.4 32574.9 24986.8 4297.07 4390.02 3114.54 2482.77 1835.73 2203.21 2780.04 4133.54 41822.1 50913.6 47828.4 36287.3 29324.8 27851.7 25887.8 13451 16612.8 15018.6 11996.4 29946.6 36631.7 41876.2 41676.3 37893 31929.5 25492.2 20938.8 16424.7 11366.3 8886.95 5802.73 8962.48 4972.31 4485.31 4321.41 4521.6 4693.03 3635.17 2981.25 2435.01 2000.31 1509.59 1314.74 1110.23 1428.68 1000 1579.07 1686.94 1000 1000 1000 1000 1000 1000 1000
46084.7 47943 50427.2 53118.5 55215 55813.1 54473 51670.3 47964.4 43834.6 39573.2 35200.8 29675.1 4956.03 4853.35 3323.25 2648.32 1942.84 2337.79 2976.48 4740.81 42742.7 49591.9 47278.2 35994.9 25803.5 23925.8 14024.1 15054.7 18017.7 16641.9 14630.8 27100.5 35795.3 43730.8 46258.2 43411.3 38721.5 32632.1 26620 21180.4 14703.6 10894.7 11067 11006.1 6139.25 5054.4 4925.86 4738.55 4825.48 3914.91 3271.72 2728.39 2218.65 1360.67 1230.08 1000 1248.22 1000 1250.19 1413.07 1000 1000 1000 1000 1000 1000 1000
48092.7 49980.3 52157.2 54247.4 55688.3 55976.2 54866.1 52556.5 49355.9 45554 41524.4 37387.8 32588.3 5279.98 5105.07 3602.9 2861.64 2234.19 2625.18 3441.05 6401.96 43301.2 49439.3 49092.1 41365.5 34459.2 30920.2 28612.6 26801 26926.4 19742.4 16846.2 29159.4 39112.1 46481.4 48416.7 45925.2 41812 36227 30001.8 22201.5 15888.3 11262.6 10847.9 10669.1 6787.98 5488.56 5234.4 5007.3 5027.9 4213.14 3483.49 3019.11 2613.73 2190.72 1296.31 1125.36 1154.16 1000 1002.29 1000 1000 1000 1000 1000 1000 1000 1000
48925.2 50694.9 52483 54030.3 54931.1 54955.3 54025.7 52195.7 49586.2 46285.7 42620.5 38763.2 34347.1 26841.7 4384.36 3341.06 2761.91 2143.78 2670.02 3528.13 9976.8 43815.7 50141.3 52207.8 47487.1 43893.9 41155.2 39599 40177.7 41745.1 41242.9 38573.9 40036.8 44018.6 46929.5 46562 43722.8 39541.4 24427.9 19878.7 16315.1 10638.6 7455.82 5608.96 5263.7 4847.98 4833.48 4645.58 4612.77 4818.57 4140.04 3489.44 3069.11 2720.81 2317.86 1943.64 1818.03 1639.84 1174.72 1444.63 1295.64 1000 1000 1000 1000 1000 1000 1000
48836.1 50419.6 51820.5 52898.9 53404.2 53198.4 52344.8 50833.7 48696.1 45901.4 42670.7 39133.8 34972.5 28799 4003.13 3264.34 2811.91 2352.64 2685.74 3508.46 35018.8 43645.9 50779.6 54775.9 52397.9 50945.1 49403.3 48183.7 48208.3 48284 46677.6 43264.7 41419 41834.4 41784 39293.5 9349.4 9374.25 10743.1 6176.19 5318.83 5204.02 4343.14 3806.99 3725.28 3940.78 4179.38 4032.15 4212.7 4824.84 4264.47 3526.93 3049.87 2701.51 2318.83 1837.37 1615.89 1371.1 1000 1000 1000 1000 1000 1000 1000 1000 1000 1000
48053.2 49443.7 50563.3 51324.5 51547.3 51157.2 50287.1 48923.4 47091.6 44698 41862.1 38630.7 34649.6 28679.4 3966.99 3215.67 2792.22 2463.91 2860.44 3982.89 30104.4 42611 50994.6 56352.9 55331.5 54849.6 53214.5 51005.4 49255 47430.2 44264.8 38438.8 4101.73 4075.02 4545.15 4834.74 4874.84 3611.42 3880.16 3752.31 3247.54 3317.82 3319.71 3135.17 3022.69 3392.96 3616.45 3641.2 4006.31 4776.18 4437.66 3645.25 3105.92 2742.13 2356.04 1896.34 1694.86 1494.7 1000 1000 1000 1000 1000 1000 1000 1000 1000 1000
46627.4 47876.2 48799.1 49350.6 49383.3 48849 47917.8 46582.2 44897 42757 40204.6 37201.6 33319.2 26995.7 4324.05 3400.24 2957.39 2678.33 3007.9 4093.09 17957.3 39667.2 49578.1 55388 54075.2 52825.2 50149.6 46429.3 42735.7 38719.5 4017.33 3343.87 3136.17 3052.2 3258.04 3376.15 3699.9 2694.15 2888.35 2968.39 2554.01 2734.49 2877.04 2736.91 2607.91 3036.98 3268.82 3417.23 4003.88 5051.76 4895 3982.05 3428.25 2998.1 2649.63 2236.12 1986.79 1586.49 1000 1000 1000 1000 1000 1000 1000 1000 1000 1000
44473.8 45660.9 46484 46918.6 46833.7 46188 45174.7 43789.2 42121.2 40078.8 37647.1 34714.1 30704.8 4759.38 4562.5 3581.36 3078.24 2803.39 3011.61 3864.55 11330.5 22783.6 45961.3 51535.8 48673.7 45966.3 41780.8 6249.22 4750.27 4030.79 3396.34 2907.36 2691.5 2635.84 2710.8 2686.72 3129.66 2336.47 2609.1 2654.39 2376.36 2528.7 2718.59 2504.38 2388.35 2851.98 3058.59 3327.11 4048.16 5462.45 5786.21 4573.88 3815.43 3186.79 2741.8 2304.14 2003.86 1699.44 1000 1000 1000 1000 1000 1000 1000 1000 1000 1000
41360.9 42593.4 43420.8 43824.3 43676.1 42934.9 41811 40298.4 38527.4 36429.9 33936.6 30826.6 25904.6 4606.84 4193.78 3573.23 3039.96 2789.42 2980.11 3571.24 5468.95 13752.3 17248.9 42274.4 17888 7706.76 6328.64 5237.65 4550.57 3966.36 3434.89 2776.5 2534.17 2504.32 2515.02 2460.11 2997.4 2224.29 2586.31 2648.06 2439.04 2586.36 2769.94 2528.42 2519.04 2930.23 3129.31 3428.23 4008.47 4978.37 5422.84 4759.73 3982.84 3286.54 2812.04 2324.31 1986.38 1605.13 1000 1000 1000 1000 1000 1000 1000 1000 1000 1000
36380.9 37993.6 39031 39526 39357.2 38483.6 37136.1 35309.1 33205.8 30807.4 27910.7 23505.5 4200.38 3995.38 3637.39 3175.61 2686.22 2361.35 2489.45 2946.17 3714.32 7208.94 9419.37 9508.99 6131.74 5542.33 5148.59 4450.57 4126.29 3658.7 3184.18 2716.57 2499.6 2468.82 2459.22 2318.44 2896.87 2118.7 2435.33 2548.48 2334.51 2441.26 2591.5 2307.16 2326.48 2687.81 2919.54 3191.89 3614.35 4187.88 4336.54 4158.71 3683.97 3036.79 2599.6 2063.74 1705.14 1273.15 1000 1000 1000 1000 1000 1000 1000 1000 1000 1000
18687.8 22441.8 29333.4 31200.5 31092.7 29393.8 26487.6 23561.7 21680.5 19915.2 16602 3764.81 3478.69 3379.03 3088.93 2609.75 2067.7 1562.31 1384.34 1881.24 2384.35 4807.32 5225.26 4785.83 4669.91 4627.65 4431.2 3780.29 3621.74 3195.55 2736.17 2520.42 2333.46 2344.54 2347.75 2206.38 2822.33 2043.77 2400.31 2500.87 2361.53 2451.22 2577.02 2313.43 2334.61 2606.95 2841.2 3065.02 3343.37 3735.09 3858.02 3766.67 3445.42 2899.31 2452.98 1902.34 1398.43 1000 1000 1000 1000 1000 1000 1000 1000 1000 1000 1000
3999.76 4108.83 4226.09 15497.5 15769.7 15612.2 14959.9 13550.7 3794.63 3519.8 3335.31 3173.8 2931.86 2890.25 2715.32 2353.37 1997.02 1538.42 1393.29 1628.99 2360.88 4339.12 4465.21 4296.97 4248.35 4394.04 4441.29 3999.38 3880.45 3464.91 2971.61 2718.05 2527.83 2514.92 2390.45 2366.63 2883.37 2004.15 2343.99 2438.16 2230.39 2277.85 2444.21 2142.68 2146.29 2335.2 2571.27 2741.09 2931.27 3222.43 3347.91 3282.34 3093.18 2569.75 2071.1 1080.19 1000 1000 1000 1000 1000 1000 1000 1000 1000 1000 1000 1000
3647.11 3786.48 3883.4 3951.51 3994.62 3994.45 3914.54 3757.07 3564.27 3405.82 3309.91 3129.96 2833 2762.87 2623.12 2278.97 1871.05 1000 1000 1000 2304.91 4079.1 4285.35 4037.09 3968.11 4211.38 4368.72 4095.32 4011.04 3651.96 3204.19 2964.58 2823.75 2871.92 2829.43 2801.95 3001.91 2116.91 2440.14 2476.76 2286.73 2221.74 2267.2 1886.3 1814.53 1934.12 2225.54 2339.46 2447.51 2608.13 2697.57 2642.36 2628.58 2175.04 1636.13 1000 1000 1000 1000 1000 1000 1000 1000 1000 1000 1000 1000 1000
3225.09 3332.79 3384.55 3434.66 3469.09 3464.27 3431.09 3371.72 3314.21 3281.34 3294.13 3272.24 3063.47 2989.66 2762.11 2380.45 1866.26 1000 1000 1000 1601.22 3719.74 4206.83 3866.14 3810.57 4005.82 4164.77 3757.28 3663.22 3182.92 2683.84 2411.59 2202.71 2306.1 2249.57 2178.69 2470.13 1737.15 1972.46 2149.14 1775 1613.43 1852.07 1429.59 1385.78 1586.5 1867.5 2022 2074 2183 2292.83 2329.82 2392.1 1902.29 1001.19 1000 1000 1000 1000 1000 1000 1000 1000 1000 1000 1000 1000 1000
2324.86 2383.29 2424.29 2476.42 2520.92 2512.65 2491.82 2483.86 2455.21 2480.22 2522.46 2536.44 2422.65 2437.7 2228.36 1800.48 1000 1000 1000 1590.3 2398.44 3921.29 4189.94 4047.51 3929.95 4031.2 4179.94 3827.73 3698.68 3236.4 2738.57 2476.73 2282.23 2369.42 2280.8 2220.38 2330.75 1587.63 2034.17 2101.45 1629.12 1602.77 1848.41 1453.12 1453.28 1639.76 1910 2041.97 2005.93 2199.79 2267.32 2435 2446.21 1944.96 1089.61 1000 1000 1000 1000 1000 1000 1000 1000 1000 1000 1000 1000 1000
1000 1000 1000 1000 1009.06 1070.81 1140.81 1237.91 1204.3 1372.39 1544.64 1744.81 1765.63 1881.39 1801.22 1461.91 1168.09 1179.97 2032.88 2640.52 3207.84 4009.59 4160.74 4075.56 3891.36 3987.18 3984.95 3579.13 3505.77 3058.71 2575.51 2324.06 2132.63 2263.26 2127.35 2142.38 2018.89 1690.18 2155.91 2080.85 1737.87 1624.59 1891.57 1537.72 1656.73 1747.31 2011.09 2101.88 2083.25 2257.07 2311.64 2563.86 2497.72 1892.46 1000 1000 1000 1000 1000 1000 1000 1000 1000 1000 1000 1000 1000 1000
1000 1000 1000 1000 1000 1000 1000 1000 1000 1000 1000 1066.36 1326.86 1616.78 1662.78 1516.5 1767.85 2197.53 2843.67 3346.21 3670.51 4132.56 4362.95 3882.89 3687.95 3846.34 3862.49 3327.81 3228.27 2722.68 2223.93 1945.97 1657.45 1954.96 1727.97 1889.99 1308.24 1603.95 2010.9 2146.32 1766.91 1771.65 2139.48 1968.23 2054.09 2121.57 2328.39 2390.91 2363.27 2493.47 2545.6 2740.84 2696.78 2064.14 1341.83 1000 1000 1000 1000 1000 1000 1000 1000 1000 1000 1000 1000 1000
1000 1000 1000 1000 1000 1000 1000 1000 1000 1000 1000 1000 1000 1489.58 1838.35 2079.03 2486.14 2791.28 3284.73 3586.3 3781.91 4098.74 4242.45 3586.45 3478.82 3663.82 3727.44 3222.32 3084.04 2558.97 2160.98 1925.82 1693.4 2039.18 1849.48 2019.85 1431.07 1187.29 1605.71 2115.58 1759.56 1754.22 2179.74 1925.06 2165.36 2186.73 2368.11 2377.72 2310.82 2384.36 2432.88 2493.8 2530.36 1647 1000 1000 1000 1000 1000 1000 1000 1000 1000 1000 1000 1000 1000 1000
1000 1000 1000 1000 1000 1000 1000 1000 1000 1000 1214.58 1697.63 2040.17 2537.3 2851.57 2926.48 3107.44 3206.95 3439.16 3433.04 3428.46 3620.84 3659.79 3309.92 3301.42 3497.23 3573.01 3075.96 2753.2 2313.51 1944.23 1580.12 1272.42 1691.69 1670.67 1801.22 1084.25 1000 1738.98 1711.3 1378.29 1157.1 2141.04 1810.65 2076.24 2037.71 2306.11 2278.29 2216.86 2156.58 2155.59 2062.05 2154.41 1000 1000 1000 1000 1000 1000 1000 1000 1000 1000 1000 1000 1000 1000 1000
