Code/MW_40/1000/MW_40_1000_140/2.9_40_1000_Te_map_shift_80km.grd
DSAA
165 185
-4920000.0 4920000.0
-5520000.0 5520000.0
1000.0000182292096 139999.99791999455
[rows 60 to 89 of 185, columns 68 to 135 of 165]
7760.17 6928.94 7315.44 9615.74 14184.1 18349.3 23098.9 31949 35432.9 37388 38902.7 38967.9 37268.1 32065.3 28839.1 26024 24706.1 24047 22488.2 20051.3 17433.1 14118.9 10064.5 9229.08 11108.5 13266.9 14481.2 14653.7 13753.6 13232.7 13600 16664.8 21476.4 24343.1 26654.1 27671.9 29224.4 30809.1 32032.8 32453.6 30491.6 25957.8 21612.1 18679.7 17237.1 15574.8 14755.4 14457 13588.3 13874.8 13679.6 15661.5 18911 20587 15735.4 12595.6 11978 11761.4 11485.7 11371.1 11787 11799.6 11366.3 10386.6 11654.1 12291.1 13349.8 13651.1
6928.98 6256.72 7096.84 9729.91 12965.1 16874.3 22910.8 32667.8 35562.7 37548 39289.1 39919.7 39356.6 35277.8 31810.7 27578.1 25136.7 23506.3 21166.3 18310.5 15450.1 11413.8 7058.03 5129.49 6471.62 8326.45 9071.78 9575.88 9017.14 8569.99 9101.67 10420.1 13203.8 17664.5 21848.1 23164.3 24609.2 25726.1 26750.4 27493.2 25818.9 22064.1 19204.3 17558.3 17343.4 18010.6 18165 16957.9 15506.4 14591.1 14299.1 17203.8 24193.7 27609.5 21831.6 15949.6 14557.2 13872.8 13119.9 12486.2 12535.3 12598.5 12125.8 10958.1 12128.1 12974.9 14279.3 14726
6020.91 5981.57 7097.4 9352.16 11344.5 13898.1 21097.9 31899.7 35074 37395.8 39420.1 40661.4 41355.9 39128.3 37003.3 31581.1 26908.1 23932.9 20607 17409.1 14252.4 9416.66 5350.86 3757.45 4004.42 4623.94 4438.65 4888.28 4959.31 4825.89 6395.48 6532.62 5953.78 7037.5 8110.7 17145.3 19511.4 21064 21953.9 22790.1 22043.8 20073.1 18500 17535.6 18952.3 21139 20611.7 18749.2 17114.2 15414.8 14619.8 18063.1 30456.8 31828.8 27969.9 19479.6 16918.8 15418.9 13966 12298.1 12100.1 12386.1 12105.9 10738.5 11830 12999.9 14570.1 14901.6
5847.61 5915.76 6963.27 8832.36 10334.4 11696.4 18980.8 27870.5 33284.8 36680.2 39253.5 41108.5 42595.4 41490.3 40534.4 35739.5 29489.2 24923.1 20381.8 17287.9 14602.8 9569.7 4823.37 3215.43 3035.95 3640.2 3491.69 3902.6 4055.5 4390.7 6161.44 5601.97 4847.58 5440.34 5606.91 8706.53 17434.8 19615 20745.5 21444.2 21390.7 20368.2 19234.6 18648.5 22109.6 25965.4 23897.2 20952.8 19285.3 18132.2 18059.2 34201.7 36526.2 36753.7 34214.8 26207.3 20080.3 17298.6 14970.4 12329.1 11911.9 12607.7 12857.8 11659.6 12389.6 13702 15258.6 15200.2
5815.31 5913.34 7007.92 9137.63 11126 13206.8 18275.8 21250.5 29924.4 36296.1 39688.4 42128.3 43954.1 42657.4 41578.1 37078.5 31335.6 25574.1 19396.7 16830.2 14711.3 10142.8 4823.3 3220.51 3077.11 3663.61 3396.03 3837.4 4065.18 4709.4 7147.1 5881.21 4434.27 4850.29 5059.86 15508.6 17960.8 20068.1 21363 22053.5 22045.1 21199.4 20085.8 19557.2 24524.4 29674 27301.2 22610.2 20841.2 20447.3 34282.2 37911.6 39119.9 38963.9 37347.8 33812.4 24416.3 19144.7 15701.1 12810.2 12391.1 14430.9 15025 13946.7 14099.4 15217.5 16777.4 17381.8
5628.41 6130.33 7528.03 10208.4 12061.9 13706.2 16756.7 18194.8 20752.8 35531.9 40012.7 42839.5 44539.2 42770.3 41588.4 37511.2 32691.3 27402 19281.2 17105.6 15030.7 10361.9 5160.37 3607.87 3720.65 4439.9 4085.37 4380.44 4507.06 5729.67 8732.59 8425.19 4762.82 5116.73 14417.8 16089.5 17720.2 19662.8 21172.4 22078.6 22221.6 21461 20256.2 19446.6 24971.5 32749.1 32634 25334.8 22455.1 23806.4 40099.9 41719 42081.7 41680.7 40250.8 38377 34847.3 24423.3 17140.2 13605.8 13229 17485.3 18214.7 17100.8 16705.7 17658.2 19740.9 20526.8
5245.29 6083.16 7719.8 10090.1 11525.1 12373.3 14783 16698.1 19645.8 35540.1 40887.3 43812 45227.5 42964.9 41409.2 37393.1 33512.8 29032.8 20557 17703.6 15309.8 10124.3 4686.06 3099.42 2907.29 3497.83 3747.98 3911.71 4032.48 5241.76 7857.1 9291.67 11454.9 12304.7 13955.4 15229.3 16388.4 18111.4 19840 21010.7 21387.5 20863.3 19736.8 18752.5 23824.1 35204.7 38561.4 35705.1 36876.1 41195.8 43677.2 44389.3 44110.6 43246.4 41999.1 40383.5 37997.1 32735.4 18420.5 13940.2 11908.8 17524.2 19090.9 18418.3 19451.4 22388.8 32430.5 23690
4581.34 5575.38 7033.44 9194.8 10611.3 10622.7 11916.1 15444.5 19329.8 34254.9 41177.1 44261.1 45243.3 42350.7 40782.5 37448.5 34040.2 30116.8 21517.6 17859.5 15091.8 9553.99 4466.41 2843.28 2510.15 2844.62 3318.97 3605.93 3622.15 4070.33 5475.04 6694.42 6852.29 6924.02 8480.61 12163.5 13820 15486.3 17159.8 18552.8 19349.9 19212.4 18408 17715.3 21414 36339.9 45987.8 46976 47152.8 46916.7 47130.9 46714.3 45720.6 44389.8 42972.7 41241.4 38420.8 32420.9 18190.6 13002.2 10067.7 14437.9 16594.5 53761.2 55488.6 47561.3 43116 19243.8
4484.81 5170.92 6287.59 8246.1 9765.02 9199.72 9647.35 15639.5 19793.2 31785.6 41148.9 44651.4 45196.5 41695.5 40078.9 37305.7 34019.9 30260 22485.6 18145.7 14927.7 9147.38 4351.38 2570.85 2218.05 2348.19 2893.84 3210.01 3415.92 3647.73 4084.83 4472.93 4283.01 4675.98 4975.55 6073.31 10681 12837 14258.3 15507.5 16428.1 16736.3 16585.3 16469.2 19032.8 35463.3 52080.7 52542.8 50590.4 48651.4 47982.6 47006 45627.5 44037.1 42310.9 40240.7 36884.4 28273.5 17312.4 11674.1 7490.13 11519.5 64243 114633 94146.4 70047.6 57044.1 14654.3
4305.79 4920.59 6047.84 8860.61 10779.4 10432.9 13627.4 17023.3 20797 31170.7 41606.8 45614.3 45979.9 42220 40100.6 37122.1 33799.9 29605.9 22935.4 18666.1 14919.9 8313.71 4037.31 2296.13 2052.17 1925.91 2590.5 2843.66 3106.33 3272.76 3378.27 3312.22 3212.05 3480.46 4102.6 4654.16 7100.88 10134.5 11383.8 12365.7 13311.6 14027.7 14508.8 15533 18175 33224.4 54880.7 55871.4 53211.3 50566.5 49368.9 47936.6 46239.9 44356.4 42265.4 39624.6 35394.1 25050.9 17206.4 10547 4977.79 6609.61 59833.4 140000 140000 94604.2 65077.5 11981.2
4184.45 5361.26 7927 10998.3 12242 12461.8 14970.7 17909 22768.4 40086 47771.2 51166.6 50754.4 46373.5 42652.6 38447.9 34350.2 29715.7 23844.1 19715.6 15786.7 8658.95 3983.63 2328.06 2017.7 2108.01 2731.19 3305.32 3646.35 3153.21 3171.26 2741.95 2666.09 2746.44 3577.17 4178.6 6954.62 8936.71 9725.37 10289.6 11050.1 11779.3 12374.4 13829.8 17059.4 35948.1 58951.2 59311.5 56087.8 52618 50653.6 48631.7 46463.4 44125.1 41267.4 37519.8 31363.2 23396.1 17977.2 11107.3 7280.08 12151.1 15525.9 17070.7 17706.6 63872.6 51326.8 13428.5
4690.33 5851.8 7683.73 10104.6 11446.9 11921.4 14301.5 18246 44411.7 52296 58402.4 61086.3 59319.3 53450 47657.7 41882.8 36609.7 31475.2 25362.6 21084.9 17305.2 9911.34 4073.09 2410.59 2119.28 2362.93 3038.95 3946.91 4514.1 4192.67 4226.02 3926.45 3422.23 3097.85 3506.15 3756.7 6292.64 8050.77 8617.92 9060.88 9891.81 10627.9 11285.5 12747.3 17664.4 45397.6 61963.3 61571.4 58095.6 54340.2 51841.2 49420.6 46934.1 44334.3 41366 37720.5 32817.6 25963.9 20742.7 16702.4 19783.7 29130.1 32638.4 40172.3 45805.5 46346 43696.4 21642.6
5478.59 5659.63 6113.43 7420.09 8635.91 8763.35 11168.6 49042.2 57022.8 64934.4 72016.6 74567.4 70680 62138.8 53577.8 45965.4 39498.6 33651.3 26989.4 22590.9 19048.9 11721.1 4100.27 2652.1 2234.7 2192.46 2761.82 3119.7 3572.07 3963.91 4657.18 4639.59 3251.33 2327.67 2332.31 2117.43 3331.56 5036.22 5059.37 8031.99 10508.7 12259.4 13474.6 15909.5 37914.3 70917.6 72622.4 68724.4 64107.5 59878.1 56768.9 53844.1 51102.1 48479.3 45890.6 43198.6 40785.8 39016.4 38589.5 39416 40209.1 41355.9 44881 48317.3 49432.7 48027.7 45145.3 38280.9
10024.9 11184.1 38688 8480.73 8126 6533.93 49074 59669.9 70053.5 82296.8 94427.4 97411.3 87624.2 73086.7 60248.2 50376.7 42649.4 36015.3 28604.2 23654.1 19942.3 13826 4190.12 2918.51 2568.5 2159.98 2677.58 2832.46 3256.57 4164.75 14191.1 13453.6 10226.3 8249.75 6662.49 6312.36 6738.67 7181.51 6895.2 14539.2 21034.7 26509.5 45153.6 108140 140000 106267 82866.4 75028 68198 63054.6 58934.6 55407.2 52137.4 49633.1 47518.7 45226.5 43721.4 42953.4 42850.3 42627.7 42095.8 42237.1 44551.9 47010.8 48211.9 47191.2 44868.9 40133.1
40509.4 42994.7 45404.6 43273.4 12250.5 45219.1 57275.8 71487.5 90452 125444 140000 140000 129786 90454.5 69237.8 56285.8 47032.5 39906.4 32598.9 26461.6 21691.8 16280.1 4668.59 3641.44 3040.22 2584.89 2582.74 2618 2994.18 17488.8 21180 20321.2 17821.8 17211 17774.3 20241 24772.4 28103.7 31365.5 105595 140000 140000 140000 138060 104667 84666.6 74635.6 70540.4 65848.6 61581.8 57227.3 53559.8 50175.5 48158.3 46454.9 44262.8 42648.1 41824.2 41931.4 41699.3 41849.3 42437.4 44739.1 47105.6 48461.6 47953.5 46651.7 43234.6
47056 50568.7 53947 54183.4 52683.1 53400.7 65697.2 88876.7 140000 140000 140000 140000 140000 132927 82402.9 64031 52496.7 44699.4 37739.5 32356.6 26355 19502.9 7306.54 5054.09 3678.19 3040.52 2705.53 2739.78 3119.21 4618.02 24986.7 26148.4 24071.6 23380.2 24422.9 29125.1 36278.2 43042.8 50921.5 58706 65491.5 66875.7 66990.1 67374.9 66963.8 64040.9 61372.8 60910.3 58924.8 56911.3 53616.7 50200.6 47090.6 45291.2 43891 41867 40557.6 40089.8 40381.9 40260.7 40565 41224.6 43328 45555.2 46891.1 46507.1 45383.5 42588.8
56933.8 62637.8 68923.6 73143.4 70895 66723.3 77685.3 133607 140000 140000 140000 140000 140000 140000 103097 72855.6 58520.4 49997.9 43357.1 38691.1 34039.1 27447.3 10987.5 6279.98 4565.28 3975.7 3123.11 3366.34 4255.25 5585.93 33857.8 33646 32451.7 31688.8 32290.8 35124 38266 40501.5 41978.6 42927.6 45755.1 47862 50026.2 52146 53535.9 53111 52418 53165.1 52210.6 51863.5 50014 47655.3 45055 43391.3 42234.1 40582.6 39622.7 39568.1 40298.9 40518.4 40663.5 41049.8 42491.7 44182.4 45146.3 44508.6 43198.1 40344.9
69456.4 78775.3 91281.9 102694 96693.5 84321.4 93385 140000 140000 140000 140000 140000 140000 140000 140000 83258.2 65338.2 56057.2 49418.8 44599.5 40007.7 35071.1 16181.8 7771.64 5575.03 5253.2 5858.35 8469.4 38993.2 41395 42425.8 42987.3 42452.8 41057.7 39378.3 39299 40321.4 41450.6 41610 41288.3 42563.4 43823.4 44928.1 45969.2 46841.3 46560.7 45975.9 47291.3 47150.8 48604.6 48002.4 46121 43622.4 42200 41525.1 40365.7 39960.1 40509.5 41710.6 42386.9 42526.6 42296.7 42668.2 43217.9 43258.5 42061.9 40300.9 37210.4
83757.3 98207.6 121550 140000 124384 95328.2 98628.6 140000 140000 140000 140000 140000 140000 140000 140000 89301.5 68800.9 59260.7 52779.6 47831.8 43041.2 37511.3 19412.7 13815.8 13741.7 14486.1 34346.9 44252.7 47713.5 48534.6 47731.8 47459.3 46350.3 43848.2 41934.5 41772.1 42600.5 43650.3 44320.8 42887.4 43085.1 42879.8 42342.9 42060.8 42120.1 41703.9 41511.4 43732.1 44708.1 46899.4 46258.1 44272.4 41874.3 40889.8 40556.5 39908.4 39339.7 39880.7 40783.8 40675.2 39610.2 38063.7 37620.6 37289.1 37225.4 36627.4 34950.5 31762.9
94211.8 112364 140000 140000 128259 92646.5 83893.8 140000 140000 140000 140000 140000 140000 140000 140000 94198.8 72468.6 63077 56954.9 52385.9 48176.3 44013.4 39380.8 30992.5 21819.6 21960 40732.5 46555.1 48822.7 48563.1 46530.5 46694.2 46923 45661.5 44758.3 45506.7 46719.9 47852.8 48198.5 46343.5 45671.4 44861.2 44156.1 43651.5 43049.4 41467 40227.1 41417.5 41952.5 44362.9 44299 42351.8 39816.8 38869.4 38645.7 38856.5 38608 39890.2 41344.2 41606.9 40167.8 36371.6 32570.9 30349.4 30509.3 31132.7 30887.3 29630.1
101078 120233 140000 140000 116503 84222.2 67257.3 111006 140000 140000 140000 140000 140000 140000 140000 95972.5 74560.6 65553.4 59920.3 55335.1 50916.7 46290 40738.7 31322.7 23950.1 24050.8 39938.1 47963.7 51392 51489.6 48763.8 49172.5 50180.8 49323.2 48693.8 49304.8 50133 51047.9 51108.4 49183.1 47980.4 46779 45794 44798 43440.4 40824.5 38660.7 38896.2 39087 42087.2 42350.9 40052.8 36522.2 35121.3 35623.9 37176.4 37845.5 40095.1 42673.9 43521.4 42743.7 39079 33309.4 29198.4 29351.6 30346 30763.1 30458.8
104684 122430 140000 140000 105578 76987.8 57739.8 63893.4 140000 140000 140000 140000 140000 140000 140000 92964.8 74185.7 66480.8 61620.3 57214.5 53021.7 48662.7 43762.5 37815.8 32682.5 35010.4 42725.6 50516.3 55417.7 56032.3 52338 52000.6 53215.1 51100.6 49706 50073.3 50783.8 51601.6 51479 49437.2 47931.6 46552.6 45481 44115.7 42056.3 38264.1 34833.8 33890.4 33834.9 37417.9 37527.7 34165.7 29421.1 28255.9 29691.7 33494.4 35929.8 40179.3 43641.9 44646.3 44603 42185.2 37088.2 29527.7 29246.1 30476.8 31422 31634
104719 119035 133930 126299 95369.2 70964.2 53186.7 50509.9 76138.2 140000 140000 140000 140000 140000 136621 84525.3 69599.5 63272.8 59116.9 54913.3 50862.1 46575 41696 35636.3 30812.7 31301.6 39271.5 48500.8 54661.4 55962.3 52663.4 52497.2 53967.4 51522.8 50119.6 50521.8 51190.3 51865.6 51676.7 49660.2 48034.5 46156.8 44948.5 43380 40856.6 36298.9 32394 31031.4 30890.9 33442.8 32858.4 29696.7 26342.4 25778.5 26959 30003.1 33676.7 39982.1 44299 45234.6 45218.6 42998.8 36830.9 28320.4 28287.5 29653.6 31203.5 31790.2
98684.7 107820 114681 106700 84201.6 64555.8 50053.9 47148.2 51779 71913.3 140000 140000 140000 140000 107018 77891.4 65963.2 60438.7 56653.6 52715.3 48905.3 44834.9 40170.4 34632.3 31145.4 32088.3 38526.4 48196.3 55265 57217.5 53858.7 53530.5 54693.7 52187.8 50850.5 51217.2 51788.3 52291 52103.1 50097.2 48067.3 45407 44034.7 42278 39415.7 34636.3 31023.7 29627.3 29253.2 30788.2 29910.2 27476.6 24894 24656.2 26118.8 29607.5 34842.7 41420.3 45628.9 46353.3 46204.4 44341 37555.2 26764.3 26899.5 28255.9 30027.1 31002.7
87475.9 92257.4 94820.8 88504.1 72745.7 57995.6 47928.5 46785.2 48472.4 51263.4 63769 130042 140000 140000 87975.6 71382.6 61968 57265.7 53975.6 50395.1 46895 43085.2 38566.2 33048 29597.4 30698.5 37211.2 47616.3 55845.8 58751.7 55385 54505.1 54979.8 51855.7 50190.4 50237.8 50516.3 50782.8 50298.4 48034.7 45828.1 42706.5 41483.4 39758.1 37277.7 33693.2 30595.3 29183.7 28758.6 30071.4 29246.6 27014.4 24518 24421.5 26604.8 33585.8 38779.1 43701.8 47521.9 48267 48186.5 46812.3 39355.7 24964.9 25077.9 25978.6 27657.8 28973.4
76295.8 78728.2 79601.2 74959.7 64127.4 54438.6 49753.8 51360.4 53758.9 54430 53327.3 45129.6 59037.3 74396.5 72797.8 64746.9 57588.8 53769.1 51012 47710.4 44354.6 40420.3 34998.1 26639.4 23534.4 23133 28533.7 44661.7 55502.6 60504.3 57506.5 56520.3 56582.7 52701.8 50650.7 50530.1 50584.5 50423.7 49773.7 47327.5 45090.6 41902.8 39913.1 37682.1 35321.4 32573.7 30013.4 28794.6 28569.3 30540.2 30354.3 28295.2 25585 25847.1 30295.9 39297 42993.7 46592 49902.1 50519.2 50509.7 49436.7 43615.3 24221.3 23898.6 23942.1 24846.3 26184.9
69019.1 70530.7 70947.8 67652 60134.3 54123 53138 57005.5 60995.5 61567.8 55895.2 41686.8 13544.3 52476 60595.9 58238.4 53310.5 50466.9 48208.7 44998.5 41407.6 36300.6 24400.9 20699.5 19714.2 19403.8 20285.1 25627.3 46314.1 57036.2 56803.7 58419.5 58906.3 53543.1 50843.4 50528.5 50330.3 49776.4 48729.6 45851.3 43428 40247.1 37951.6 35917.3 34021 31890.5 29721.9 28852 29521.7 33037.4 33998.6 32734.9 29906.5 30204.3 34074.6 39344.7 42357.7 45788.8 48965.7 49271.6 48896.6 47186.7 22692.9 21175.2 20858.5 20270.3 20100.3 20821.5
64342.5 65562.3 65984.5 63588.3 57890.2 53711.9 54319.4 58937.3 63276.5 63573.8 55727.9 40216.2 15460.3 12273.2 51153.2 52357.7 49349.1 47465.2 45649.1 42409.2 38132.9 27546.2 20556.9 19410.9 18859.1 18688.1 19093.2 21075.2 24146.7 25748 24374.2 27066.5 57150 50756.2 48127 48338.4 48194.8 47267 45712.9 42810.8 40704.7 37993.2 35972.5 34370.6 32872.8 31203.2 29426.2 28853.4 30044 33730.5 34359.6 32444.5 29356.8 28787.4 30987.4 35706.5 38141.3 41236.4 44217.7 44087.1 42580.4 22911.5 19315.4 18615 18443.2 17705.6 17347.6 17798.4
60954.7 62095.6 62660 60775.4 55734.5 51900.3 52206.1 55735.7 58238.2 57208.5 49942.3 37152.2 16172.9 13138.5 43475.4 46852.8 45554.1 44652 43290.4 40123.3 34906.6 22823.7 20196.5 19308.6 18809.1 18569.3 18612.5 19849.3 21616.4 22221.9 21350.6 22178.2 27130.8 37815.8 43242.6 45780.8 46309.1 45282.6 43498.5 40918.1 39013.8 36538.1 34769.9 33384.3 32184.7 30835.9 28967.8 27734.8 27536.6 28472.2 27598.9 25686.9 23450.6 22776.9 23662 28439.6 33323.9 35734.1 38501 38012.5 31267.7 19125 18307.7 17813.4 17598.7 16993.5 16780.2 17208
58203.2 59262.7 60043.9 58591 54003.5 50283.8 50135.4 52643.2 53512.8 51321.7 44965.8 34050 15970.6 13807.9 37007.9 41629.2 41824.6 41923.1 41208.9 38536.6 33126.2 22245.9 20003.1 19237.6 18861.6 18600.3 18409.5 19222.6 20537.4 20664.2 19759.2 20331.3 24106.8 30591 39684.5 43745 44639.4 43673.7 41967.4 39880.1 38273 36167.5 34682.7 33405.1 32169.4 30601.8 28308.3 26422.3 25604.8 25237 23555.4 21547.1 19623.1 18526.9 18486.3 22547.3 34032.9 34686.1 37334.7 37048.9 29118 20070.2 19131.5 18479.6 18327.3 17598 17126.7 17230.2
