Code/Outputs/Output_20260212_205319/2.9_30_1000_moho_depth.grd
DSAA
27 27
-780000.0 780000.0
-780000.0 780000.0
-58169.23893861058 -14051.378902977458
-29574.5 -28505 -29497 -36131.6 -29100.7 -33291.5 -29800.2 -19138.1 -18593.7 -19926.7 -16611.6 -16319 -14470.3 -15780.2 -14051.4 -17547.9 -15371.8 -15751.3 -14537.2 -18257.6 -21191.3 -21425 -22134.8 -29333.8 -21618.4 -24012.8 -22290.7
-30817.7 -29282.7 -27900.9 -28479.5 -36385.7 -31799.2 -31519.2 -28943 -24708.6 -23999.9 -25608.9 -26029.8 -26182.8 -26139.8 -27288.4 -26469.2 -26646.5 -25549.6 -24811.5 -27185.1 -26308.4 -26267.8 -23083.8 -32045.2 -26614.8 -24536.6 -21194.6
-29214.9 -31232.9 -26447.2 -27796.5 -27263.1 -27367.3 -29839.8 -26620.6 -26349.2 -25312.7 -24796.7 -24765.7 -24034.8 -24195.2 -24440.2 -25821.1 -25010.1 -25141.7 -23932.9 -25771.6 -24755.2 -24706.2 -22606.5 -33606.3 -24703.6 -27066 -23512.3
-29603.7 -27458.7 -26546.6 -28515 -30062.6 -31985 -28575.8 -28209.8 -25292.2 -23864 -26325.7 -24510.6 -27600.2 -26234 -26650.3 -25195.1 -26320 -25821.4 -26461.3 -25968 -24757.6 -25494 -22698.8 -29413.4 -26141 -26271.6 -26023.8
-36101.6 -26437.4 -28394.6 -27351.5 -31868.1 -34671.1 -32480.5 -25754.7 -25513.3 -25924.1 -25079.4 -25245.6 -26486.6 -25466.5 -25438.1 -26303.3 -24990.9 -26710.6 -25681.4 -24814.7 -24636.3 -25062.1 -24468.3 -28641 -23033.4 -24260.6 -20694.4
-27684.6 -29750.9 -29165.1 -25341.6 -29583.3 -32266.2 -29296.3 -31544.8 -27779.2 -26174.3 -26502.6 -26539.1 -27471.4 -26427.6 -27382.4 -24913 -26651.1 -26100.4 -27394.2 -26870.2 -27532.8 -26200.1 -23782.8 -26611.3 -25819.9 -28251.5 -24619
-29296.5 -27533.6 -29537.2 -26402.7 -31391.1 -35971.1 -32981.8 -27900.5 -27444.4 -24613.3 -26743.2 -25582 -26052.9 -25170.2 -25522 -25110.4 -26226.6 -26101.8 -25640.5 -27372.6 -27443.8 -25075 -26176 -27222.3 -22807.9 -26473.4 -23251.1
-32666.6 -27357 -28387.8 -25901.8 -34030.7 -36649.1 -29970.3 -32417.7 -27680.2 -26944.4 -25778.4 -26121.5 -25769.3 -26972.4 -26046.5 -25664.4 -25342.3 -25993.5 -26397.5 -26697.5 -26610.7 -28772 -24185 -28723.8 -26203.6 -26045.3 -23651.1
-26588.1 -30565.6 -28326.9 -26826.6 -30822.9 -38656.5 -32717.7 -30483.2 -28708.2 -29507.6 -25917.3 -27729.7 -26059 -25006 -26311.2 -26005 -26141.2 -26425.9 -27429.8 -27511.4 -26690.8 -26202.3 -24812.5 -22655 -26362 -26302.8 -23086.2
-30025.6 -31830.8 -27730.7 -29170.5 -31468.9 -40640 -34341.5 -33603.5 -27937.1 -27115.8 -27094.4 -28616.9 -26747.9 -26990.9 -27446.7 -26753 -26267.2 -26180.5 -26849.9 -28779.8 -27945.6 -27014.8 -26590.4 -25778.4 -24019 -26623.9 -24614.6
-30551.3 -27967.2 -26965.5 -28525.1 -29366.5 -46970 -31616 -32514 -32014.5 -28588.6 -26917.2 -26152.8 -27060.2 -26880.4 -26231.6 -25995.1 -26357.7 -26642 -27085.5 -26476 -26842.9 -26626.2 -26621.9 -23470.7 -24848.3 -27037.5 -24703.5
-29782.3 -29243.1 -31135.5 -25749.6 -33690.6 -32435.6 -33198.4 -34501.9 -33800 -33097.3 -28331 -28152.1 -27955 -25942.2 -27404.2 -26178.3 -26683.6 -27197.2 -27993 -27438.5 -27171.2 -27035 -27781.4 -25625.1 -26262.7 -27800.2 -26497.3
-28323.9 -30536.2 -28835.2 -30701.5 -30017.3 -42101.4 -33743.3 -33410.1 -32289.1 -31002.4 -29854.5 -31508.8 -27927 -27710.5 -26744 -29015.3 -27789.3 -26704.4 -29043 -26559.7 -26731 -27177.3 -28112.8 -29347.2 -26401.7 -27606.3 -23761.6
-31180.5 -28517.9 -27181.4 -30317 -30961 -42175.8 -33219 -33876.2 -34352.1 -32193.9 -28141.9 -28194.4 -28895.4 -26303.7 -30598.1 -29953.1 -26920.9 -27815.6 -26153.8 -26547.3 -28186.9 -26156.1 -26338.9 -27384.6 -27216.6 -29411.8 -24424.4
-29168.5 -25963.6 -28572.8 -28069.3 -31530.5 -41600.3 -36592.6 -32082.5 -30861.3 -33554.5 -29537.3 -29723.6 -28714.4 -30314.5 -29854.3 -32864.9 -28162.9 -26505.8 -27503.8 -27307 -26485.3 -27219.7 -26502.3 -26566.3 -26232.1 -26187.7 -27780.4
-27569.5 -28524.4 -28906.9 -28172.7 -49223.4 -40927.6 -39778.3 -32215.1 -30385.1 -32796.7 -30153.4 -31401.7 -28361.8 -30803.7 -31349.1 -31122.3 -27068.8 -29265.4 -25508.4 -27728.1 -27092.5 -27415.6 -27567.7 -28474.6 -28360.6 -25647.6 -25166.3
-29676 -28777 -27478.4 -25712.3 -37009.3 -42021.9 -33404.2 -31792.1 -30806.1 -35945.2 -31981.9 -29634.3 -30301.7 -31705.9 -34167.6 -30077 -29157.5 -26245.3 -28292.6 -27325.3 -27899.9 -27670.2 -27755.5 -27656.3 -27708 -28356.4 -26543.2
-28138.2 -29374.4 -27360.3 -34177.2 -31836.2 -44463.7 -33338.7 -34382.6 -30281.3 -37037.8 -33243 -31490.1 -29624.2 -30733.2 -32746 -29281.1 -28181.4 -28600.5 -27131.5 -28006.7 -28209.1 -28926.9 -28367 -28225.6 -27610.7 -24698.9 -26682.3
-29809.3 -29777.6 -27057.9 -29354.7 -31791.2 -41173.5 -34366.9 -32395.8 -30889.5 -34154 -35155.7 -32101.3 -32501.9 -33047.1 -32624.5 -28808.6 -26627.5 -27291.5 -29032.6 -26476.6 -26958.6 -27434.3 -28105.2 -27932.8 -27283.3 -27941.3 -25517.5
-29104.9 -28361.6 -28590.8 -32702.9 -42535 -44397.6 -34244.6 -32286.4 -31278.7 -32719.3 -34155.7 -34003.4 -32388.9 -32004.4 -31674.4 -35510.8 -30747.9 -30247.2 -31957.7 -36021.3 -32752.2 -27785.4 -29141.3 -28297.1 -28182.2 -29171.5 -28617.6
-30326.6 -29322.1 -29602.6 -33210.9 -43330.7 -36983.3 -36915.9 -31478.7 -30430.1 -35366 -37614.8 -31949.8 -34877.6 -33353.3 -35151.1 -31939 -32375.8 -34309.9 -46061.8 -44257.1 -46427.2 -39179.9 -26796.3 -28856.8 -28684.3 -27935.5 -28312.7
-29533.1 -26858.6 -27750.6 -33666.3 -37709.6 -42833.1 -31092.7 -33794.5 -31486.1 -34551.7 -34628.3 -34788.6 -34331.5 -33229.9 -34531.3 -31578.1 -33306.1 -39912.6 -42360.1 -32605.8 -43820 -43120.3 -25194.5 -28868.9 -26820.4 -28499.4 -26981.1
-30234.9 -27438.4 -27729.7 -35134 -35230.8 -36114.6 -34087.8 -31283.2 -29703.6 -37362.2 -37635.6 -36940.7 -35980 -43811 -39519.7 -35692 -30054.2 -43263.6 -41451.9 -40992.1 -44760.8 -43056.5 -26385.6 -27021.8 -27241.6 -27738.7 -27066.3
-28436.2 -28963 -28585.5 -33200.4 -36910.1 -35888.2 -33696.8 -30593.4 -32282.3 -31661.1 -36415.7 -37978.1 -33980.3 -41126.7 -39585.6 -37122.6 -33622 -42149.3 -42636.5 -39301.4 -45990.6 -37084.6 -23966.3 -27070.9 -26033 -27263.5 -27415.1
-29914.9 -30204.4 -27922.9 -33601.4 -32691.1 -38929.2 -32066.8 -32792.5 -31823.6 -31977.1 -40513.7 -37902.3 -47371.2 -40504.1 -43849.2 -41417.7 -34574.2 -38754.2 -44529.2 -42320.5 -42518.4 -26273.8 -28255.9 -25894.8 -27286.5 -27836 -26063
-27449.2 -30443 -28904 -31462.2 -37031.1 -33035 -33393.6 -31191.9 -28533 -38721.4 -38947.6 -34849.3 -42183.9 -42558.2 -41013.9 -37272.9 -34171 -37809.5 -39528.6 -42881.2 -34796.9 -25911.1 -29070.9 -27792.9 -27826.7 -27728.6 -26665.9
-27326.1 -26925.1 -31706.6 -36630 -35569.8 -37930.5 -36333.6 -34829.1 -45753.1 -36967.9 -50783.7 -47309 -58169.2 -50863 -53813.5 -50754.6 -49563.1 -48647.4 -53348.1 -50275.2 -26134.8 -31506.6 -28867.1 -29720.4 -29884.5 -30864.8 -29303
