Code/Outputs/Output_20260212_205319/2.9_30_1000_topography_anomaly.grd
DSAA
27 27
-780000.0 780000.0
-780000.0 780000.0
-4963.371253909465 12152.669746090536
0 0 0 0 0 0 0 0 0 0 0 0 0 0 0 0 0 0 0 0 0 0 0 -0 -0 -0 -0
0 1359.16 1456.38 1607.72 1065.73 875.278 1071.44 1130.6 1105.06 1169.18 1671.12 1772.86 1918.75 2152.66 2002.52 1702.71 893.445 1473.59 1287.62 1046.19 778.07 511.334 229.16 -22.5298 -225.427 -328.858 -0
0 1740.81 1961.55 2079.34 1428.46 1114.76 1308.01 1416.11 1500.3 1640.84 1976.66 2289.47 2455.08 2524.23 2205.65 1536.02 -8.98025 1926.95 1667.07 1327.59 996.99 644.26 -473.35 192.3 -163.53 -315.886 -0
0 1801.88 2045.37 2112.07 1884.98 1367.54 1362.63 1571.94 1715.54 1924.23 2205.61 2543.72 2706.15 2580.68 2314.86 1655.15 137.06 1865.32 1655.5 1370.24 1064.57 756.75 -563.04 254.47 -122.76 -297.623 -0
0 1834.35 2075.89 2151.7 2326.45 1560.04 1697.06 1769.5 1872.01 2054.82 2248.39 2528.02 2745.54 2652.36 2057.12 1758.65 2049.04 343.59 625.19 1364.8 -549.73 -1311.51 292.77 253.74 -74.5903 -291.792 -0
0 1919.65 2191.84 2278.43 2494.74 2226.98 2260.3 2042.99 2041.41 2114.98 2239.93 2311.58 2452.78 2644.96 1222.51 2281.9 -661.91 -128.3 -180.52 -1237.64 -2342.95 -920.06 -620.82 95.2397 -18.5103 -284.771 -0
0 2012.05 2242.01 2184.51 2167.19 2467.85 2296.15 2093.15 1462.99 2329.2 2416.81 2492.28 2582.71 412.45 2493.38 589.29 2272.76 2945.13 -565.07 -2395.05 -3351.64 -811.58 712.97 610.49 202.07 -297.544 -0
0 2018.14 2243.68 2168.92 2070.25 2292.25 1295.18 2529.82 2506.03 1804.35 2247.97 2769.24 1285.45 2451.67 -1486.15 1618.76 -549.53 1862.84 421 -3895.57 -4963.37 -3476.02 -2498.34 -1437.43 -2581.63 -3532.4 -0
0 2094.37 2256.37 2093.98 1955.12 1848.21 2101.46 2059.86 2339.77 1357.23 1293.45 2309.34 1399.33 2322.3 713.25 1845.73 1324.08 711.12 -1456.78 -4117.96 -4908.6 -3323.12 -705.75 -984.87 -1550.05 -372.809 -0
0 2268.64 2420 2121.2 1858.69 1695.76 1665.13 1557.32 1802.67 1726.54 1412.21 1620.4 2290.88 1819.86 1726.78 1466.93 900.07 -514.64 -311.76 -1530.51 -2412.91 -2246.71 -1758.01 -4191.3 -3861.37 -1191.86 -0
0 2517.53 2477 2054.39 1728.87 1525.53 1387.29 1254.9 1179.46 1148.55 1267.28 1260.14 1575.45 1517.41 1620.32 902.3 1162.44 1020.3 727.87 189.13 -173.42 -346.65 -530.01 -1818.49 -2588.71 -1003.58 -0
0 2979.58 2714.07 1968.96 1544.59 1343.29 1152.72 954.19 872.3 754.59 870.35 869.37 868.77 1231.91 1156.02 750.85 516.47 247.74 -189.62 -552.8 -778.67 -901.74 -1107.99 -1254.54 -1549.79 -1426.27 -0
0 4423.39 4757.13 2305.57 1258.12 1217.44 1069.23 893.58 784.21 639.65 562.25 575.68 374.43 572.32 442.88 40.2697 -434.19 -656.74 -819.99 -949.63 -1152.55 -1076.37 -1623.81 -1815.57 -1987.76 -1767.59 -0
0 7430.88 8211.27 4501.84 1395.59 946.94 860.89 795.92 718.14 600.05 408.98 281.82 211.9 -201.23 -429.41 -612.73 -759.09 -892.86 -1028.3 -1201.43 -1393.5 -1593.4 -1764.74 -2012.04 -2194.98 -2031.56 -0
0 6788.3 7547.17 5883.87 1782.14 767.6 715.97 698.65 684.79 574.76 388.11 213.55 18.2097 -259.71 -467.15 -646.45 -809.45 -934.87 -1044.24 -1226.06 -1497.96 -1674.71 -1926.6 -2199.65 -2409.6 -2283.98 -0
0 4755.14 6308.57 4132.89 902.16 587.19 638.11 816.26 812.73 609.9 349.59 128.79 -51.0803 -360.95 -523.21 -695.08 -851.78 -951.23 -1012.42 -1138.75 -1553.58 -1917.94 -2183.72 -2436.85 -2624.64 -2533.09 -0
-0 954.031 1313.17 915.45 452.92 478.95 662 937.61 1036.44 722.97 412.68 65.3097 -216.63 -506.11 -666.52 -805.33 -908.89 -1011.07 -948.79 -951.01 -1433.91 -2115.95 -2455.49 -2689.74 -3004.96 -2799.43 -0
-0 -1213.65 -932.21 -199.86 136.82 362.51 667.21 1107.64 1264.08 994.6 403.07 -78.7603 -363.13 -630.97 -829.76 -955.92 -1031.98 -1089.37 -1082.1 -884.57 -1322.26 -2224.38 -2714.95 -3043.83 -3263.53 -3056.59 -0
-0 -1356.36 -1162.38 -648.11 -228.62 93.4797 863.64 1489 1635.64 1019.18 169.22 -277.54 -585.18 -791.84 -862.05 -1072.09 -1160.95 -1205.82 -1271.45 -1090.26 -1588.38 -2495.94 -3126.87 -3275.97 -3439.57 -3181.01 -0
-0 -1459.46 -1453.59 -1050.75 -647.32 -105.77 1091.27 2171.53 2354.07 1364.09 -1.84025 -597.57 -807.04 -934.65 -1066.47 -1202.63 -1288.07 -1359.99 -1402.75 -1554.11 -2207.17 -2781.18 -3096.1 -3294.09 -3507.48 -3219.17 -0
-0 -1950.52 -1971.56 -1429.13 -1108.67 -212.94 1378.04 2990.86 3172.35 2049.07 142.34 -830.65 -1014.2 -1094.23 -1205.63 -1318.42 -1424.54 -1510.73 -1625.36 -1869.95 -2298.95 -2772.47 -3073.59 -3363.71 -3557.95 -3295.32 -0
-0 -1811.64 -2032.67 -1952.82 -1548.21 -664.56 938.48 3222.53 5133.03 4875.28 2055.4 -743.33 -1198.11 -1236.08 -1288.79 -1406.62 -1542.81 -1654.82 -1836.52 -2091.17 -2420.29 -2755.39 -3060.14 -3301.2 -3561.4 -3349.5 -0
-0 -1987.93 -2271.57 -2257.61 -2101.66 -1693.77 -409.23 4141.33 8801.97 9777.17 7140.67 1256 -1147.25 -1326.55 -1421.25 -1517.96 -1654.23 -1818.45 -2003.43 -2190.52 -2480.05 -2703.32 -3044.4 -3403.12 -3657.78 -3420.56 -0
-0 -2092.61 -2463.87 -2535.22 -2665.33 -2739.41 -2214.92 3346.72 10313.4 12152.7 10271 3361.27 -651.25 -1257.92 -1435.75 -1588.78 -1750.91 -1934.72 -2106.04 -2305.92 -2519.71 -2706.47 -3000.53 -3391.14 -3721.6 -3490.47 -0
-0 -2171.21 -2582.55 -2694.51 -2831.71 -3057.83 -2968.11 640.17 7480.37 10453.1 7859.87 3499.1 -191.68 -1045.46 -1346.78 -1664 -1894.94 -2108.96 -2253.28 -2408.4 -2525.53 -366.87 -2610.43 -3547.65 -3832.09 -3591.31 -0
-0 -1972.53 -2287.14 -2412 -2533.43 -2676.14 -2812.34 -2396.21 1723.52 3414.88 3141.92 2019.04 179.677 -705.166 -1145.15 -1520.41 -1792.31 -2055.51 -2133.9 -2248.95 -2281.64 544.11 -2743.82 -3283.26 -3489.5 -3226.3 -0
-0 -0 -0 -0 -0 -0 -0 -0 -0 -0 0 0 0 -0 -0 -0 -0 -0 -0 -0 -0 -0 -0 -0 -0 -0 -0
