Code/Outputs/Output_20260212_205319/2.9_30_1000_topography.grd
DSAA
27 27
-780000.0 780000.0
-780000.0 780000.0
-1235.91 16976.9
6561.59 6438.7 6265.53 6258.29 6596.46 5882.5 5934.48 6028.33 5950.23 6107.42 6670.46 6811.09 6977.25 7180.45 7093.62 6660.78 6415.7 6227.56 6038.94 5831.67 5552.8 5282.3 4935.59 4652.65 4432.01 4245.79 4091.12
6751.25 6602.49 6490.08 6663.19 6043.25 5825.4 6049.78 6117.44 6088.23 6161.57 6735.71 6852.08 7018.96 7286.51 7114.77 6771.84 5846.18 6509.77 6297.05 6020.89 5714.21 5409.11 5086.35 4798.46 4566.38 4393.97 4218.78
6857.35 6815.42 6785.78 6903.57 6252.69 5938.99 6132.24 6240.34 6324.53 6465.07 6800.89 7113.7 7279.31 7348.46 7029.88 6360.25 4815.25 6751.18 6491.3 6151.82 5821.22 5468.49 4350.88 5016.53 4660.7 4462.91 4290.64
6893.35 6885.28 6869.6 6936.3 6709.21 6191.77 6186.86 6396.17 6539.77 6748.46 7029.84 7367.95 7530.38 7404.91 7139.09 6479.38 4961.29 6689.55 6479.73 6194.47 5888.8 5580.98 4261.19 5078.7 4701.47 4483.8 4376.46
6888.48 6922.42 6900.12 6975.93 7150.68 6384.27 6521.29 6593.73 6696.24 6879.05 7072.62 7352.25 7569.77 7476.59 6881.35 6582.88 6873.27 5167.82 5449.42 6189.03 4274.5 3512.72 5117 5077.97 4749.64 4490.47 4359.13
6992.99 7019.98 7016.07 7102.66 7318.97 7051.21 7084.53 6867.22 6865.64 6939.21 7064.16 7135.81 7277.01 7469.19 6046.74 7106.13 4162.32 4695.93 4643.71 3586.59 2481.28 3904.17 4203.41 4919.47 4805.72 4498.5 4323.26
7154.02 7125.67 7066.24 7008.74 6991.42 7292.08 7120.38 6917.38 6287.22 7153.43 7241.04 7316.51 7406.94 5236.68 7317.61 5413.52 7096.99 7769.36 4259.16 2429.18 1472.59 4012.65 5537.2 5434.72 5026.3 4483.89 4169.32
7283.06 7132.64 7067.91 6993.15 6894.48 7116.48 6119.41 7354.05 7330.26 6628.58 7072.2 7593.47 6109.68 7275.9 3338.08 6442.99 4274.7 6687.07 5245.23 928.663 -139.141 1348.21 2325.89 3386.8 2242.6 783.763 -1235.91
7336.8 7219.83 7080.6 6918.21 6779.35 6672.44 6925.69 6884.09 7164 6181.46 6117.68 7133.57 6223.56 7146.53 5537.48 6669.96 6148.31 5535.35 3367.45 706.268 -84.3679 1501.11 4118.48 3839.36 3274.18 4397.8 3801.31
7430.68 7419.17 7244.23 6945.43 6682.92 6519.99 6489.36 6381.55 6626.9 6550.77 6236.44 6444.63 7115.11 6644.09 6551.01 6291.16 5724.3 4309.59 4512.47 3293.72 2411.32 2577.52 3066.22 632.926 962.858 3460.94 3108.18
7677.85 7703.86 7301.23 6878.62 6553.1 6349.76 6211.52 6079.13 6003.69 5972.78 6091.51 6084.37 6399.68 6341.64 6444.55 5726.53 5986.67 5844.53 5552.1 5013.36 4650.81 4477.58 4294.22 3005.74 2235.52 3676.31 3813.87
8136.41 8232.37 7538.3 6793.19 6368.82 6167.52 5976.95 5778.42 5696.53 5578.82 5694.58 5693.6 5693 6056.14 5980.25 5575.08 5340.7 5071.97 4634.61 4271.43 4045.56 3922.49 3716.24 3569.69 3274.44 3192.82 3260.42
8749.7 9883.84 9581.36 7129.8 6082.35 6041.67 5893.46 5717.81 5608.44 5463.88 5386.48 5399.91 5198.66 5396.55 5267.11 4864.5 4390.04 4167.49 4004.24 3874.6 3671.68 3747.86 3200.42 3008.66 2836.47 2802.41 2608.61
9722.6 13323.9 13035.5 9326.07 6219.82 5771.17 5685.12 5620.15 5542.37 5424.28 5233.21 5106.05 5036.13 4623 4394.82 4211.5 4065.14 3931.37 3795.93 3622.8 3430.73 3230.83 3059.49 2812.19 2629.25 2500.47 2247.45
9417.82 12588.9 12371.4 10708.1 6606.37 5591.83 5540.2 5522.88 5509.02 5398.99 5212.34 5037.78 4842.44 4564.52 4357.08 4177.78 4014.78 3889.36 3779.99 3598.17 3326.27 3149.52 2897.63 2624.58 2414.63 2211.74 1961.06
6455.13 10263.3 11132.8 8957.12 5726.39 5411.42 5462.34 5640.49 5636.96 5434.13 5173.82 4953.02 4773.15 4463.28 4301.02 4129.15 3972.45 3873 3811.81 3685.48 3270.65 2906.29 2640.51 2387.38 2199.59 1926.81 1729.35
4658.29 5915.48 6137.4 5739.68 5277.15 5303.18 5486.23 5761.84 5860.67 5547.2 5236.91 4889.54 4607.6 4318.12 4157.71 4018.9 3915.34 3813.16 3875.44 3873.22 3390.32 2708.28 2368.74 2134.49 1819.27 1622.16 1419.92
3326.26 3436.02 3892.02 4624.37 4961.05 5186.74 5491.44 5931.87 6088.31 5818.83 5227.3 4745.47 4461.1 4193.26 3994.47 3868.31 3792.25 3734.86 3742.13 3939.66 3501.97 2599.85 2109.28 1780.4 1560.7 1328.01 1138.89
3196.29 3272.78 3661.85 4176.12 4595.61 4917.71 5687.87 6313.23 6459.87 5843.41 4993.45 4546.69 4239.05 4032.39 3962.18 3752.14 3663.28 3618.41 3552.78 3733.97 3235.85 2328.29 1697.36 1548.26 1384.66 1185.69 964.94
3004.56 3154.86 3370.64 3773.48 4176.91 4718.46 5915.5 6995.76 7178.3 6188.32 4822.39 4226.66 4017.19 3889.58 3757.76 3621.6 3536.16 3464.24 3421.48 3270.12 2617.06 2043.05 1728.13 1530.14 1316.75 1142.04 896.414
2843.01 2593.17 2852.67 3395.1 3715.56 4611.29 6202.27 7815.09 7996.58 6873.3 4966.57 3993.58 3810.03 3730 3618.6 3505.81 3399.69 3313.5 3198.87 2954.28 2525.28 2051.76 1750.64 1460.52 1266.28 1054.94 831.516
2721.23 2752.02 2791.56 2871.41 3276.02 4159.67 5762.71 8046.76 9957.26 9699.51 6879.63 4080.9 3626.12 3588.15 3535.44 3417.61 3281.42 3169.41 2987.71 2733.06 2403.94 2068.84 1764.09 1523.03 1262.83 992.97 748.392
2569.55 2550.38 2552.66 2566.62 2722.57 3130.46 4415 8965.56 13626.2 14601.4 11964.9 6080.23 3676.98 3497.68 3402.98 3306.27 3170 3005.78 2820.8 2633.71 2344.18 2120.91 1779.83 1421.11 1166.45 911.693 712.916
2430.85 2430.64 2360.36 2289.01 2158.9 2084.82 2609.31 8170.95 15137.6 16976.9 15095.2 8185.5 4172.98 3566.31 3388.48 3235.45 3073.32 2889.51 2718.19 2518.31 2304.52 2117.76 1823.7 1433.09 1102.63 831.719 620.04
2363.56 2340.73 2241.68 2129.72 1992.52 1766.4 1856.12 5464.4 12304.6 15277.3 12684.1 8323.33 4632.55 3778.77 3477.45 3160.23 2929.29 2715.27 2570.95 2415.83 2298.7 4457.36 2213.8 1276.58 992.143 716.383 529.291
2296.7 2243.47 2208.13 2065.31 1926.42 1763.18 1607.39 2083.37 6795.64 8730.28 8418.05 7133.67 5029.75 4017.64 3514.37 3085.14 2774.13 2473.08 2383.41 2251.81 2214.42 5446.6 1685.77 1068.74 832.837 603.111 409.182
2253.66 2198.03 2152.14 2066.88 1945.36 1841.95 1761.83 2069.26 2702.04 4418.1 5688.86 5753.97 4872.45 3999.78 3409.31 2995.17 2648.85 2423.15 2260.18 2131.35 2000.03 2463.97 1199.93 870.806 712.541 545.772 366.26
