Code/Outputs/Output_20260212_205319/2.9_30_1000_moho_undulation.grd
DSAA
27 27
-780000.0 780000.0
-780000.0 780000.0
-79223.44518778383 -0.0
-0 -0 -0 -0 -0 -0 -0 -0 -0 -0 -0 -0 -0 -0 -0 -0 -0 -0 -0 -0 -0 -0 -0 -0 -0 -0 -0
-0 -45311.1 -50620.2 -51126 -58038.1 -54028.3 -53783.5 -51531.2 -47829.3 -47209.7 -48616.4 -48984.3 -49118.1 -49080.5 -50084.7 -49368.5 -49523.5 -48564.5 -47919.2 -49994.4 -49227.9 -49192.4 -46408.8 -54243.4 -49495.8 -41683.6 -0
-0 -53533.2 -56447.2 -57796.5 -57263.1 -57367.3 -59839.8 -56620.6 -56349.2 -55312.7 -54796.7 -54765.7 -54034.8 -54195.2 -54440.2 -55821.1 -55010.1 -55141.7 -53932.9 -55771.6 -54755.2 -54706.2 -52606.5 -63606.3 -54703.6 -49890.2 -0
-0 -50233.6 -56546.6 -58515 -60062.6 -61985 -58575.8 -58209.8 -55292.2 -53864 -56325.7 -54510.6 -57600.2 -56234 -56650.3 -55195.1 -56320 -55821.4 -56461.3 -55968 -54757.6 -55494 -52698.8 -59413.4 -56141 -49195.8 -0
-0 -49340.7 -58394.6 -57351.5 -61868.1 -64671.1 -62480.5 -55754.7 -55513.3 -55924.1 -55079.4 -55245.6 -56486.6 -55466.5 -55438.1 -56303.3 -54990.9 -56710.6 -55681.4 -54814.7 -54636.3 -55062.1 -54468.3 -58641 -53033.4 -47437.7 -0
-0 -52237.6 -59165.1 -55341.6 -59583.3 -62266.2 -59296.3 -61544.8 -57779.2 -56174.3 -56502.6 -56539.1 -57471.4 -56427.6 -57382.4 -54913 -56651.1 -56100.4 -57394.2 -56870.2 -57532.8 -56200.1 -53782.8 -56611.3 -55819.9 -50926.7 -0
-0 -50299.1 -59537.2 -56402.7 -61391.1 -65971.1 -62981.8 -57900.5 -57444.4 -54613.3 -56743.2 -55582 -56052.9 -55170.2 -55522 -55110.4 -56226.6 -56101.8 -55640.5 -57372.6 -57443.8 -55075 -56176 -57222.3 -52807.9 -49372.2 -0
-0 -50144.7 -58387.8 -55901.8 -64030.7 -66649.1 -59970.3 -62417.7 -57680.2 -56944.4 -55778.4 -56121.5 -55769.3 -56972.4 -56046.5 -55664.4 -55342.3 -55993.5 -56397.5 -56697.5 -56610.7 -58772 -54185 -58723.8 -56203.6 -48997.9 -0
-0 -52949.8 -58326.9 -56826.6 -60822.9 -68656.5 -62717.7 -60483.2 -58708.2 -59507.6 -55917.3 -57729.7 -56059 -55006 -56311.2 -56005 -56141.2 -56425.9 -57429.8 -57511.4 -56690.8 -56202.3 -54812.5 -52655 -56362 -49223 -0
-0 -54055.9 -57730.7 -59170.5 -61468.9 -70640 -64341.5 -63603.5 -57937.1 -57115.8 -57094.4 -58616.9 -56747.9 -56990.9 -57446.7 -56753 -56267.2 -56180.5 -56849.9 -58779.8 -57945.6 -57014.8 -56590.4 -55778.4 -54019 -49503.8 -0
-0 -50678.1 -56965.5 -58525.1 -59366.5 -76970 -61616 -62514 -62014.5 -58588.6 -56917.2 -56152.8 -57060.2 -56880.4 -56231.6 -55995.1 -56357.7 -56642 -57085.5 -56476 -56842.9 -56626.2 -56621.9 -53470.7 -54848.3 -49865.3 -0
-0 -51793.6 -61135.5 -55749.6 -63690.6 -62435.6 -63198.4 -64501.9 -63800 -63097.3 -58331 -58152.1 -57955 -55942.2 -57404.2 -56178.3 -56683.6 -57197.2 -57993 -57438.5 -57171.2 -57035 -57781.4 -55625.1 -56262.7 -50532.1 -0
-0 -52924.1 -58835.2 -60701.5 -60017.3 -72101.4 -63743.3 -63410.1 -62289.1 -61002.4 -59854.5 -61508.8 -57927 -57710.5 -56744 -59015.3 -57789.3 -56704.4 -59043 -56559.7 -56731 -57177.3 -58112.8 -59347.2 -56401.7 -50362.6 -0
-0 -51159.6 -57181.4 -60317 -60961 -72175.8 -63219 -63876.2 -64352.1 -62193.9 -58141.9 -58194.4 -58895.4 -56303.7 -60598.1 -59953.1 -56920.9 -57815.6 -56153.8 -56547.3 -58186.9 -56156.1 -56338.9 -57384.6 -57216.6 -51941.1 -0
-0 -48926.5 -58572.8 -58069.3 -61530.5 -71600.3 -66592.6 -62082.5 -60861.3 -63554.5 -59537.3 -59723.6 -58714.4 -60314.5 -59854.3 -62864.9 -58162.9 -56505.8 -57503.8 -57307 -56485.3 -57219.7 -56502.3 -56566.3 -56232.1 -49122.4 -0
-0 -51165.3 -58906.9 -58172.7 -79223.4 -70927.6 -69778.3 -62215.1 -60385.1 -62796.7 -60153.4 -61401.7 -58361.8 -60803.7 -61349.1 -61122.3 -57068.8 -59265.4 -55508.4 -57728.1 -57092.5 -57415.6 -57567.7 -58474.6 -58360.6 -48650.2 -0
-0 -51386.1 -57478.4 -55712.3 -67009.3 -72021.9 -63404.2 -61792.1 -60806.1 -65945.2 -61981.9 -59634.3 -60301.7 -61705.9 -64167.6 -60077 -59157.5 -56245.3 -58292.6 -57325.3 -57899.9 -57670.2 -57755.5 -57656.3 -57708 -51018.4 -0
-0 -51908.4 -57360.3 -64177.2 -61836.2 -74463.7 -63338.7 -64382.6 -60281.3 -67037.8 -63243 -61490.1 -59624.2 -60733.2 -62746 -59281.1 -58181.4 -58600.5 -57131.5 -58006.7 -58209.1 -58926.9 -58367 -58225.6 -57610.7 -47820.8 -0
-0 -52260.9 -57057.9 -59354.7 -61791.2 -71173.5 -64366.9 -62395.8 -60889.5 -64154 -65155.7 -62101.3 -62501.9 -63047.1 -62624.5 -58808.6 -56627.5 -57291.5 -59032.6 -56476.6 -56958.6 -57434.3 -58105.2 -57932.8 -57283.3 -50655.5 -0
-0 -51023 -58590.8 -62702.9 -72535 -74397.6 -64244.6 -62286.4 -61278.7 -62719.3 -64155.7 -64003.4 -62388.9 -62004.4 -61674.4 -65510.8 -60747.9 -60247.2 -61957.7 -66021.3 -62752.2 -57785.4 -59141.3 -58297.1 -58182.2 -51731 -0
-0 -51862.7 -59602.6 -63210.9 -73330.7 -66983.3 -66915.9 -61478.7 -60430.1 -65366 -67614.8 -61949.8 -64877.6 -63353.3 -65151.1 -61939 -62375.8 -64309.9 -76061.8 -74257.1 -76427.2 -69179.9 -56796.3 -58856.8 -58684.3 -50650.4 -0
-0 -49709 -57750.6 -63666.3 -67709.6 -72833.1 -61092.7 -63794.5 -61486.1 -64551.7 -64628.3 -64788.6 -64331.5 -63229.9 -64531.3 -61578.1 -63306.1 -69912.6 -72360.1 -62605.8 -73820 -73120.3 -55194.5 -58868.9 -56820.4 -51143.4 -0
-0 -50215.9 -57729.7 -65134 -65230.8 -66114.6 -64087.8 -61283.2 -59703.6 -67362.2 -67635.6 -66940.7 -65980 -73811 -69519.7 -65692 -60054.2 -73263.6 -71451.9 -70992.1 -74760.8 -73056.5 -56385.6 -57021.8 -57241.6 -50478.4 -0
-0 -51548.8 -58585.5 -63200.4 -66910.1 -65888.2 -63696.8 -60593.4 -62282.3 -61661.1 -66415.7 -67978.1 -63980.3 -71126.7 -69585.6 -67122.6 -63622 -72149.3 -72636.5 -69301.4 -75990.6 -67084.6 -53966.3 -57070.9 -56033 -50062.9 -0
-0 -52634 -57922.9 -63601.4 -62691.1 -68929.2 -62066.8 -62792.5 -61823.6 -61977.1 -70513.7 -67902.3 -77371.2 -70504.1 -73849.2 -71417.7 -64574.2 -68754.2 -74529.2 -72320.5 -72518.4 -56273.8 -58255.9 -55894.8 -57286.5 -50563.4 -0
-0 -46197.9 -51497.1 -53733.7 -58602.3 -55108.7 -55422.2 -53497.3 -51172.8 -60080 -60277.8 -56694.8 -63107.2 -63434.4 -62084.3 -58813.7 -56101.9 -59282.8 -60785.8 -63716.8 -56649 -48880.6 -51643.1 -50525.7 -50555.3 -44123.3 -0
-0 -0 -0 -0 -0 -0 -0 -0 -0 -0 -0 -0 -0 -0 -0 -0 -0 -0 -0 -0 -0 -0 -0 -0 -0 -0 -0
