Code/Outputs/Output_20260212_124747/2.9_30_1000_moho_depth.grd
DSAA
181 201
-5400000.0 5400000.0
-6000000.0 6000000.0
-82227.448380695 -14740.977784717
[rows 84 to 111 of 201, columns 0 to 62 of 181]
-49832.6 -48738.8 -47372.8 -45955.1 -45173.8 -44878.3 -44625.1 -44431.4 -44724.4 -45461.7 -46186.4 -46898.9 -48086.1 -49557.4 -50763.2 -50766 -51016.5 -51648.3 -52853.3 -54925.2 -56293.3 -57241.7 -57623 -57723 -57558.1 -57662.9 -57452.3 -56863.8 -55918.7 -54612.7 -53193.6 -51110 -49253.6 -48258.7 -48162.5 -48851.2 -49962.5 -51067.1 -51893.1 -52993.2 -53655.4 -53595.2 -53624.1 -54109 -53926.6 -53544.2 -53314 -52592 -53178.8 -53909.4 -53655.2 -53620.4 -54673.5 -55416.3 -55748 -55894.8 -56472.1 -57347.9 -58044.3 -58512.8 -59127.4 -60034 -60900.9
-49350.3 -48084.3 -46680.5 -44987.6 -44053.3 -43810.2 -43699.1 -43571.7 -43801.8 -44371.9 -44825.1 -45143 -45866.5 -47096 -48256.7 -49111 -50208.8 -51397.6 -52231.1 -53806.7 -54940.3 -57441.7 -57439 -57182.9 -56675.8 -56602.4 -56422.1 -55916.6 -55198.2 -53726.1 -52110 -49907.5 -48430 -48250.6 -48743.6 -49295.6 -49872.3 -50739.9 -51567.4 -52425.6 -52970.9 -53667.3 -53745.5 -53847.7 -54175.3 -53510.4 -53454.4 -52743.1 -52932.5 -53953.7 -53562.6 -53771.5 -54775.5 -55509.2 -55812.1 -55837.6 -56275.4 -57223.4 -58119.9 -58789.6 -59308.9 -60037.5 -60822.8
-48732.8 -47393.2 -46064.7 -44225.3 -43136.7 -42813.1 -42820.5 -42808.7 -43021.8 -43433.1 -43619.2 -43543.6 -43702.8 -44486.9 -45756.8 -47209.1 -48772.6 -49314.4 -50590.7 -51946.6 -53528 -55114.6 -56706.3 -56780 -56048.4 -55697.1 -55241.4 -55070.6 -54281.3 -52696.3 -50647.3 -48771.1 -47810.5 -48437.1 -49540.4 -49921.9 -50050.9 -50156.4 -50758.3 -51407.1 -51804.6 -52256.6 -52657.1 -53228.9 -53008.6 -52753.3 -52667 -52552 -52793.8 -53456.6 -53502 -53733.7 -54756.9 -55347.9 -55778.5 -55769.8 -56126.8 -57041.9 -58078.2 -58957 -59743.2 -60246.1 -60844.8
-48125.4 -46661.1 -44951 -43011.3 -41643.1 -41047 -41086.8 -41265.7 -41556.3 -41908.8 -41987.2 -41663.5 -41381.4 -41841.1 -43305.9 -45251.9 -47050 -48126.3 -48610.4 -49504.4 -51882.5 -53671.6 -55009.9 -55014.3 -55061 -54403 -54167.4 -54202.6 -53183.4 -51617 -49707.5 -47779.4 -47172.4 -48040.6 -49248.2 -49832 -49761.7 -49560 -49669.4 -50079.3 -50626.5 -51118.1 -51520.1 -52330.7 -52066.1 -51655.8 -51504.2 -51987.2 -52343.1 -52862.6 -53269.6 -53505 -55073.2 -54799.7 -55094.5 -55302.6 -55586.5 -56405.6 -57514 -58623.8 -59491.8 -60218.8 -61139.5
-47118 -45262.1 -42924.7 -41010.4 -39486.3 -38756.6 -38946.2 -39438.6 -39894.3 -40263.6 -40316.8 -39811.9 -39106.6 -39176.2 -40644.9 -42734.6 -44426.8 -45198.4 -45576.9 -46750.9 -49203.5 -51955.1 -52934.7 -52708.1 -52701.4 -53392.4 -53106.9 -52459.3 -51447.3 -50066.7 -48314.6 -46890.4 -46415.4 -46972.1 -48016.8 -48703.6 -48831.4 -48618.9 -48600.3 -48983.9 -49554.2 -49426.4 -50541 -50783.3 -50772 -50356 -50226.5 -50696.2 -51294 -52499.9 -52889.8 -52956 -53324.7 -53903.2 -54222.3 -54425.4 -54944.6 -55704.2 -56653 -57682.7 -58762.7 -60097.2 -61614.4
-44835.5 -42980.9 -40501.1 -38851 -37531.8 -36965.6 -37391 -38130.1 -38685.1 -39056.2 -39069.1 -38328.7 -37124.1 -36647.2 -37795.1 -39658.8 -41121 -41934.3 -42843.7 -44546.6 -46907.4 -49033.8 -49989.5 -49953.4 -49834.2 -49851.8 -50484.5 -50192.2 -50045.1 -48604.7 -47039.5 -45888.6 -45519.5 -45870.2 -46623.3 -47316.9 -47730.2 -47686.4 -47518.1 -47665.9 -48134.8 -48605 -48889.6 -49111.6 -49364.2 -49233.7 -49269 -49876.2 -50961.7 -52633.6 -52466.2 -52419.2 -52410.9 -52808.4 -53310.6 -53746.8 -54483 -55331.2 -56183.6 -56985.4 -58201.7 -59895.3 -61640.2
-42230.3 -40758.3 -38717.1 -37410.2 -36468.4 -36098.5 -36508.1 -37075.6 -37511.7 -37844.4 -37853.6 -37008.4 -35525.6 -34686.2 -35412.5 -36860.4 -38118.2 -39304.3 -41033.4 -43254.4 -45252.7 -46333.6 -46244.1 -45333.8 -44456.7 -44551.4 -45903.1 -47593.2 -48399.4 -47552 -45985.1 -44838.4 -44633 -45121.3 -45751.1 -46293.8 -46711.9 -46781.6 -46565.6 -46488.7 -46772.6 -47225.1 -47521.1 -47486 -48015.1 -48334.4 -48807.3 -49782.6 -51210.9 -52644.8 -52256.2 -51810.1 -51707.9 -52212.4 -52965.2 -53641.4 -54390.1 -55403.8 -56251.2 -56939.9 -58046.5 -59671 -61212.2
-40434.8 -39173.7 -37784.5 -36760.7 -36028.1 -35599.9 -35616.7 -35713.3 -35819 -36010.9 -36031 -35413.3 -34334.1 -33747.1 -34239.3 -35162.3 -36059.1 -37419.6 -39612.3 -42026.4 -43611.7 -43857.9 -42906.4 -41192.7 -39528.8 -39199.4 -40926.6 -43863 -46121.5 -46289.9 -45094.4 -44057.6 -43977.2 -44542.8 -45026 -45263.1 -45468 -45638.8 -45550.8 -45367.4 -45488 -45996.3 -46550.7 -46950.9 -47363.1 -47944.6 -48758.9 -49880.1 -50728.8 -51839.7 -51599.7 -50998.7 -50976 -51750.9 -52778.9 -53514 -54224.5 -55306.6 -56421.9 -57170.8 -58056.5 -59472.7 -60911.5
-38754 -37781.4 -37008.6 -36212.9 -35503.9 -34888.6 -34499 -34255.2 -34103.3 -34040.7 -33932.3 -33690 -33508.9 -33676.7 -31704.9 -33815.5 -34754.7 -35809.9 -37844.7 -40062.2 -41400.7 -41475.3 -40536.5 -38922.7 -37161.2 -36371.4 -37466.4 -40109.8 -42837.4 -44090.5 -43942.8 -43426.8 -43344.7 -43632.7 -43730.5 -43588.2 -43669.9 -44119.5 -44416.4 -44362.3 -44456.8 -45079.6 -45918 -46581.7 -47159.1 -47937.9 -48888.1 -49823.8 -50457.7 -50552.4 -50459.1 -50011.5 -50151.5 -50917.9 -52069.3 -52821.6 -53616.6 -54792.9 -56251.4 -57356.7 -58115.7 -59329.4 -60827.4
-36352.1 -35933.8 -35679.1 -35206.8 -34595.2 -33967.8 -33565.9 -33422.1 -33319.6 -33001.1 -32545.5 -32392.4 -32841.2 -33610.9 -32081.7 -33998.7 -33954.8 -34633.3 -36167.6 -37896.9 -39010.6 -39279 -39013.5 -38382.4 -37414.9 -36537.9 -36420.6 -37391.9 -39162 -40889.8 -41918.9 -42147.3 -41982.4 -41736 -41394.5 -41134.3 -41475.3 -42453.5 -43308.5 -43650.9 -43945.8 -44652.2 -45551.4 -46290.2 -46973.5 -47880.7 -48831.8 -49486.4 -49713 -49673.9 -49510.8 -49435.3 -49795.9 -50531.1 -51324.5 -52096 -52866.3 -54036 -55614.1 -56981.7 -57878.8 -59062.3 -60669.7
-33399 -33655 -33864 -33849.9 -33518.1 -33071.5 -32873.8 -33051.6 -33205.2 -32836.1 -32074.8 -31676.2 -32068.8 -32799.3 -33232.2 -33395.3 -33723.7 -34501 -35654 -36781.5 -37435.4 -37621.8 -37814.5 -38149.7 -38264.3 -37804.6 -36896.4 -36154.3 -36231.6 -37375.6 -38812.8 -39576.8 -39454.9 -38878.4 -38387.9 -38442.9 -39334.6 -40819 -42202.3 -43178.2 -43967.8 -44687 -45351.8 -45877.8 -46500 -47337.5 -48084.2 -48410.3 -48300 -48123.4 -48378.4 -49105.9 -50094.4 -50594.5 -50878.2 -51265.8 -52042.9 -53400.5 -54947.1 -56035 -56936.2 -58418.7 -60094.9
-30922.9 -31638.1 -32264.6 -32631.7 -32621.3 -32329.6 -32123.1 -32287.2 -32522 -32269.9 -31525.1 -30965 -31011.8 -31376.8 -31853 -32629.2 -33778.3 -35002 -36011.7 -36662.8 -36843.4 -36727.7 -36910 -37593.4 -38260.1 -38200.7 -37192.7 -35716.7 -34522.2 -34461.4 -35382.3 -36262.5 -36479.5 -36019.3 -35780.7 -36275.9 -37468.6 -39076.6 -40868.2 -42694.8 -44194.1 -44895.4 -44991.4 -45064.9 -45425.5 -45740.7 -45778.1 -45646.7 -45462.8 -45489.6 -46325.2 -48179.9 -49936.8 -50764.9 -50611.5 -50693.7 -51475.1 -53024.4 -54303.2 -55083.5 -55822.9 -57213.7 -58850.2
-29736.5 -30522.3 -31254.9 -31795.6 -31988.1 -31771.9 -31297.5 -31023.7 -30909.9 -30619.1 -30139.1 -29706.6 -29709.8 -29939.5 -30507.2 -31735.4 -33414.2 -34904.6 -35879.1 -36396 -36497.3 -36353.5 -36503.6 -37097.2 -37612.8 -37505.4 -36695 -35379.9 -33771.3 -32647.5 -32660.6 -33354 -33942.1 -34114.6 -34292.6 -34920.1 -35821.7 -37150.1 -39357.6 -42245 -44472.9 -44877 -44017.6 -43437.5 -43300.4 -42617.8 -41534.2 -40998.2 -41204.8 -41845.5 -43167 -45508.8 -47968.1 -49210.6 -49537.6 -49680.4 -51011.1 -52445.1 -53532.2 -54183.5 -54698 -55669.5 -57173.1
-29376.5 -30060.3 -30694.5 -31183.7 -31394.9 -31222.6 -30535 -29743.6 -29119.7 -28628.3 -28316.4 -28249.2 -28571 -28949.4 -29531.4 -30741 -32368.1 -33793.2 -34800.5 -35496 -35867.9 -36000.6 -36289.1 -36713.7 -36789.5 -36363.3 -35762.5 -34940.4 -33476.1 -31781.5 -31032.4 -31434 -32256.2 -33059.5 -33638.6 -34096.5 -34383.5 -35394.7 -38207.1 -42186 -44773.9 -44266.2 -42105.2 -40696.7 -39911.4 -38199.5 -36257.8 -35884.6 -37095.3 -38440.4 -39638.2 -41606.2 -44101.6 -45791.3 -46824.3 -48080.9 -49439 -50808.5 -51886.3 -53012.7 -53396.7 -53861.3 -54973
-29349.9 -29911.5 -30347.9 -30608.9 -30670 -30445.2 -29697.8 -28714.4 -27952.8 -27471.4 -27283.1 -27581.9 -28229.4 -28727.6 -29132.3 -29979.7 -31234.7 -32469.8 -33531.4 -34450.6 -35108.9 -35503.9 -35908.8 -36172.1 -35870.6 -35177.7 -34672.1 -34215.6 -33078.4 -31335.8 -30242.7 -30391.8 -31318.7 -32380.1 -33156.9 -33369.5 -33247.6 -34342.9 -37891.5 -42447.1 -44400.1 -42575.4 -39075.1 -36929.5 -35707.8 -33571.8 -31831.5 -32430.2 -34641.9 -36106.9 -36464.3 -37469.9 -39765 -42039.4 -43878.7 -45502 -46711.9 -47466.6 -48789.1 -50667.8 -51432.7 -51651.4 -52353.8
-29394.8 -29841.4 -30083.8 -30153.6 -30070 -29681.5 -28857.7 -28035.7 -27626 -27506.1 -27605.1 -28120.5 -28870 -29280 -29399.4 -29861.3 -30765.8 -31786.5 -32797.3 -33813.8 -34640.7 -35149.8 -35499.5 -35536.4 -34984.7 -34145.7 -33590.6 -33213.4 -32335.7 -30876.9 -29853.1 -29904.8 -30793.8 -31854.9 -32497.2 -32506.5 -32474.7 -34129.7 -38111.3 -42139.8 -42718.8 -39403.7 -35169.7 -32829.1 -31677.6 -29939.3 -29157.1 -30870 -33456.9 -34389.2 -33742.2 -34051.9 -36443.2 -39466.2 -41831.5 -43061.8 -43177 -43175.7 -44554.2 -47140.2 -48910.5 -49069.9 -49268.2
-29439.6 -29771.3 -29959.9 -30108.2 -30108.6 -29576.5 -28552.4 -27784 -27631.8 -27824.3 -28227.7 -28971.1 -29783.2 -30106.3 -30072.4 -30326.8 -30935.7 -31629.6 -32456.7 -33520.4 -34517.5 -35087.1 -35248.9 -35006.6 -34306.4 -33438.9 -32822.2 -32366 -31594.3 -30459.7 -29681.8 -29784.5 -30609.1 -31473.5 -31791.4 -31679.5 -32096.4 -34354.1 -37986.1 -40496.2 -39458.4 -35459.7 -31421.3 -29473.3 -28711.8 -27723.6 -27767.1 -29882.3 -32220 -32610.3 -31752.2 -32313.2 -35118 -38427.6 -40611 -41070.2 -40135.2 -39429.7 -40819.7 -43659.3 -45810.5 -46368.9 -46607.2
-29778.9 -30057 -30241.9 -30642.5 -30859.5 -30267.8 -28968.1 -27839.5 -27307.7 -27323.6 -27926.1 -29083.9 -30215.8 -30677.7 -30685.1 -30827 -31072.3 -31351.7 -32024.6 -33250.6 -34483.2 -35040.8 -34901.3 -34360.1 -33626.8 -32966.7 -32532.8 -32097.4 -31323.4 -30328.8 -29705.3 -29858.1 -30601.9 -31253.7 -31334.3 -31281.4 -32171.6 -34510.6 -37061.6 -37891.6 -35963.3 -32241.7 -28990.4 -27474.1 -26893.4 -26353.6 -26704.8 -28520.2 -30421.1 -31109 -31316.3 -32819.6 -35578.6 -38080.6 -39337.1 -39288.1 -38350.7 -37799.9 -39071.9 -41404.9 -43256.4 -44415.7 -45310.1
-30415.8 -30702.2 -31008.2 -31520.7 -31713.3 -31034.1 -29583.7 -28024.7 -26842.5 -26466.8 -27283.9 -29003.5 -30519 -31059.3 -31017.7 -30928.2 -30756.1 -30725.6 -31465.3 -33020.2 -34456.4 -34861 -34334.3 -33490.3 -32800 -32493.3 -32401.9 -32046.3 -31219 -30293.7 -29803.8 -29964.4 -30541.7 -31003.6 -31156.9 -31424.7 -32555.3 -34319.3 -35541.1 -35270.5 -33441.8 -30542.2 -27894.3 -26317.2 -25629.3 -25317.9 -25686.9 -27065.5 -28847.9 -30509.1 -32294.8 -34525.2 -36398.8 -37275.4 -37407.3 -37617.4 -37921.6 -38450.9 -39866.9 -41301.9 -42582.7 -43655.7 -44942.4
-31052.6 -31347.3 -31841.3 -32220 -32094.5 -31273.3 -29943.8 -28406.3 -27055.7 -26704 -27770.6 -29792.7 -31202.1 -31398.5 -31050.3 -30629.1 -30134.3 -30033.5 -31042.9 -32915.7 -34421.9 -34664.2 -33875.5 -32842.8 -32176.4 -32052 -32015.6 -31491.3 -30590.3 -29972.7 -29904 -30170 -30487.5 -30712.6 -31036.2 -31705.8 -32803.2 -33730.4 -33915.2 -33324.3 -32085 -29898.3 -27315.3 -25413.4 -24794.8 -24938.7 -25468.6 -26642.8 -28565.1 -30922.6 -33455.5 -35428 -36142.2 -35859.1 -35741.4 -36739.1 -38721.1 -40946.3 -42527.6 -43394 -43840.1 -44221.5 -45489.8
-31400.4 -31759.7 -32239.6 -32448.6 -32032.1 -31145.4 -30167.9 -29144.7 -28246.1 -28249 -29387.9 -31009.1 -31721.5 -31368.7 -30742.9 -30137.9 -29544.2 -29564.2 -30800 -32713.2 -34092.4 -34284.9 -33552.3 -32580.3 -31936 -31711.5 -31338.7 -30416.5 -29514.1 -29493.7 -30122.5 -30591.7 -30601.5 -30512.7 -30830 -31658.2 -32566.7 -32936.2 -32758.1 -32387.5 -31590.1 -29715.9 -27083.4 -25205.4 -24990 -25647.6 -26393.6 -27544 -29528.8 -31874.5 -33745.9 -34735.5 -34799.7 -34565.3 -35261 -37431.8 -40754.9 -44021.9 -45885.2 -46197.8 -45943.3 -45690 -46402.8
-31246.8 -31741 -32217.6 -32376.2 -31890 -31095.4 -30529.3 -30143.5 -29862.6 -30067.6 -30868.8 -31580.1 -31500.1 -30866.8 -30288.2 -29735.4 -29206.1 -29380.4 -30629.2 -32239.8 -33257.3 -33423.1 -32975.3 -32299.2 -31775.2 -31400.2 -30677.5 -29495.8 -28773.9 -29365.3 -30515.7 -31011.1 -30716.6 -30380.1 -30545.2 -31207.2 -31904 -32231.4 -32298.2 -32266.1 -31655.9 -29914.1 -27632 -26272.8 -26423.7 -27171.5 -27888.2 -29055.1 -30885.9 -32522 -33078.8 -33073.8 -33235.5 -34072.4 -36082.4 -39372.6 -43226.8 -46245.8 -47791.6 -47905.5 -47158.5 -46430.1 -46341.1
-31314.7 -31814.4 -32260 -32371.7 -31971.5 -31395 -31156.7 -31166.2 -31200 -31330 -31553.5 -31505.6 -31021.9 -30493.8 -30138.6 -29639.6 -29149 -29401.3 -30505.7 -31641.9 -32193.8 -32313.7 -32207.1 -31922.7 -31593.8 -31186 -30359.1 -29259.8 -28878.1 -29781.8 -30867.8 -31026.4 -30542.6 -30195.1 -30224.4 -30569.5 -31096.9 -31684.7 -32158.7 -32266.9 -31672.4 -30341.3 -28918.2 -28246.3 -28382.8 -28704.5 -29180 -30334.2 -31784.9 -32369.2 -31794.1 -31246.7 -32043.8 -34360.3 -37521.7 -40990.3 -44313.8 -46517.1 -47380.2 -47077.5 -46047.2 -45258.7 -44867.2
-32323.8 -32576 -32774.9 -32724.5 -32388.4 -32040.2 -31981.8 -32052.9 -32052.9 -32017.4 -31934.3 -31615.9 -31113.8 -30742.9 -30427.6 -29837 -29335.1 -29589.4 -30448.9 -31113.7 -31329.6 -31523 -31783.8 -31837.6 -31642.8 -31213.6 -30418.3 -29585 -29544.2 -30407.9 -30977.5 -30660.8 -30123.8 -29913.3 -29878.4 -29902.9 -30295.5 -31098.9 -31755.1 -31836.7 -31417.9 -30819.7 -30355.3 -30128.2 -29922.2 -29699.2 -29975 -30969.2 -31782.4 -31384 -30157.2 -29802.7 -31549.1 -34935 -38571 -41691.6 -44058.2 -45425.3 -45452 -44528.1 -43695 -43428.2 -43179
-33906.8 -33925.5 -33875.2 -33588.7 -33143 -32817.9 -32743.1 -32684.2 -32550.2 -32461.5 -32393.5 -32127.7 -31659.7 -31209.3 -30765.9 -30201.9 -29864.5 -30099.7 -30572.4 -30740.8 -30743.9 -31090.6 -31635.5 -31880.2 -31747 -31291.1 -30558.9 -29970 -30153.6 -30856.9 -30999.5 -30432.7 -29891.5 -29652.5 -29416.2 -29205.9 -29538.7 -30389.7 -30998.6 -31099.4 -31081.7 -31239.6 -31402.6 -31231 -30627.6 -30086.5 -30226.4 -30879.5 -31085.6 -30285.9 -29318.3 -29737.7 -32257.8 -35855.6 -39228 -41729 -43278.7 -43889 -43682.2 -43139.4 -42880 -42991 -43007.8
-35448.6 -35426.4 -35350.2 -34941.4 -34191 -33547.1 -33244 -33031.1 -32832.1 -32767.8 -32779.4 -32562.8 -32009.8 -31361.8 -30912.7 -30703.6 -30781.2 -31014.6 -31011.1 -30647.8 -30395.2 -30683.5 -31188.7 -31429.2 -31366.6 -31025.5 -30462.6 -30094.5 -30405.2 -31027.4 -31088.3 -30573.1 -30026.5 -29520.1 -28912.2 -28526.8 -28875.3 -29649.2 -30098.2 -30248.9 -30620.6 -31256.8 -31634.6 -31355.7 -30558.4 -29921.1 -29949.8 -30336.2 -30468.4 -30205.6 -30368.7 -31704.8 -34252.8 -37149.1 -39561.2 -41224.6 -42264.8 -42946.2 -43410 -43898.5 -44442.8 -44728.3 -44405.5
-36239.5 -36405.6 -36726.4 -36448.4 -35414.8 -34319.9 -33666.4 -33304.2 -33074.9 -32991.5 -32975.6 -32739.2 -32137.2 -31428.7 -31110.9 -31302.7 -31734.4 -31931.8 -31581.4 -30905.2 -30435.6 -30417.2 -30583.8 -30673.9 -30675.2 -30496 -30110.9 -29942.1 -30369.9 -30995.7 -31130.4 -30760 -30166.4 -29346.8 -28382.2 -27854.4 -28129.2 -28653.4 -28801.6 -28865.6 -29384.3 -30210.9 -30736.9 -30606.5 -29947.6 -29342.2 -29393.6 -30021.1 -30730.3 -31674.9 -32964.1 -34603.6 -36343.6 -37897.2 -39084.3 -40107 -41142.6 -42339 -43802.3 -45383.1 -46661.6 -47178.5 -46731
-35709 -36267.4 -37438.1 -37510.7 -36538.1 -35260.1 -34314.7 -33739 -33353.9 -33123 -33011.8 -32825.6 -32362.4 -31756.3 -31513.3 -31792.2 -32221.2 -32293.9 -31876.6 -31286.2 -30827.7 -30558.4 -30422.9 -30390.2 -30348.3 -30055.2 -29595.9 -29556.5 -30194.2 -30922.3 -31115.2 -30795.3 -30121.6 -29031.6 -27766.7 -26995.3 -26892.3 -26963.8 -26775.4 -26717.1 -27257.8 -28254.3 -29173.9 -29529.5 -29184.2 -28659.2 -28845.2 -30072.4 -31792.9 -33774.4 -35394.9 -36524.1 -37148 -37422.8 -37765.4 -38609.2 -40041.7 -41945.4 -44201.6 -46474.8 -48222.8 -49053.5 -48963.8
