Code/Outputs/Output_20260212_124747/2.9_30_1000_moho_depth.grd
DSAA
181 201
-5400000.0 5400000.0
-6000000.0 6000000.0
-82227.448380695 -14740.977784717
[rows 56 to 83 of 201, columns 0 to 62 of 181]
-54061.5 -53888.5 -53995.6 -54292.4 -55089.8 -56060.8 -56732.9 -57560 -57859.7 -58593.2 -58519.5 -58603.4 -58586.1 -58465.2 -58857.3 -58053.9 -57295 -57168.1 -57561.1 -58672.6 -58574.3 -58566.9 -58074.3 -57526.7 -57806.2 -58022.6 -56650.1 -57483.1 -56840.5 -55930.9 -55279.3 -55048.4 -55008.9 -55164.8 -56040.7 -57444.3 -59018.9 -60357.8 -61503.4 -62055.9 -61372.1 -61664.8 -61732.7 -61925.1 -61769.1 -61581.1 -61324.7 -61236.1 -62103.9 -61582.1 -61178.4 -61026.4 -60612 -60528 -60455.2 -60510.6 -60635.9 -61263.9 -60493.1 -61574.6 -60707.5 -59891.4 -60067
-54801.1 -54624.2 -54215.3 -54509.9 -55571.8 -56362 -56823.2 -57402.5 -57601.5 -57856.3 -58237.7 -58517.1 -58239 -58286.5 -57874.4 -57633.8 -56658.8 -56560.8 -56622 -56790 -57143 -57312.8 -57194.4 -57344.2 -57496.1 -56490.5 -55631.4 -56875.3 -56528.6 -55722.6 -55193.3 -54729 -54652 -54944.9 -55752.5 -58185.7 -59357.7 -60069.2 -60885.2 -60825.8 -61035.8 -61921.8 -62217.9 -63714.7 -62077.3 -61643.7 -60881.9 -60738.8 -61196.2 -60354.4 -59675.4 -59565.5 -59579.1 -59912.4 -60261.8 -60489.2 -60531.4 -60882.6 -60742.9 -60242.9 -60190.7 -60239.4 -60750.4
-54068.2 -54183.8 -54272.9 -54777.1 -56634.1 -56094.4 -57266.6 -57414.8 -57118.2 -57066 -57505.3 -58824.1 -59323.5 -57760.3 -57107.1 -56149.7 -55730.9 -55534.9 -55422.5 -55754.6 -56506 -56345.9 -55939.9 -56199.9 -56831.5 -55875 -55253.3 -55967.8 -55454.9 -55309 -55194.5 -54927.3 -54749.9 -55177.6 -56261 -58140.9 -58981.5 -58775.6 -59405 -59764.7 -59862.3 -61071.8 -62460.8 -62575.7 -62009.2 -61793.5 -61094 -60695.8 -60432 -59618.4 -59176.9 -59266 -59781.2 -60466.8 -61038.5 -61074.3 -61019.7 -61128.9 -60955.7 -60871.2 -60215 -60782.4 -60911.1
-53701.3 -54032.9 -54281.2 -55265.1 -56438.1 -57641 -57669.5 -57580.3 -56745.7 -56280.1 -56621.6 -57319.3 -57736.7 -56625.7 -55524.2 -54951 -54704.1 -54566.3 -54665.1 -54951.8 -55772.3 -55603.5 -55897.7 -56121.4 -55894.3 -55131.3 -54824.5 -54876.1 -54614.1 -55118.6 -55704.3 -55624.8 -55360.3 -55672.8 -56373.1 -57627.3 -57408.2 -57785.9 -57516.9 -56876.6 -58125.2 -59172.5 -61206.4 -62456.5 -62365.3 -61785.2 -60983.9 -61213 -60438.6 -60099 -60012.9 -60335.5 -61156.7 -61103.6 -61894.3 -62012.9 -61968.6 -61466 -61239.9 -60729.3 -60466.2 -60946.6 -60951.2
-53666.6 -54045.5 -54335.5 -55554.7 -56311.3 -57984.7 -57859.5 -56803.2 -55949.8 -55700.1 -55978.7 -56197.7 -56351.3 -55567.3 -54592.6 -54242.8 -53855.8 -54119.1 -53655.7 -54480.9 -55476.8 -55217.5 -55728.3 -55378.3 -54988.5 -54631.5 -54438 -54340.4 -54421.7 -55265.3 -56135.9 -56245.9 -56018.7 -56131 -56618.9 -56972.8 -56168.9 -55485.1 -53687.1 -53373.4 -55571.6 -58101.9 -60418.2 -62042.1 -62326.4 -61620.1 -61279 -60554 -60659.7 -60949.2 -61021.5 -61407 -61939.1 -62120.5 -63105.4 -63131.5 -62646 -62026.1 -61429.2 -60724.3 -60544.3 -60629.5 -60718.1
-54073.2 -54263.6 -54522.8 -55425 -56115.5 -56897.7 -56943.6 -55699.2 -55219.5 -55301.6 -55613.4 -55732.4 -55660.1 -54847.8 -54068.7 -53789.7 -53436.2 -53280.3 -53216.6 -54049 -55107.7 -55414.2 -55184 -54844.5 -54521.7 -54469.6 -54222.3 -54253.9 -54707 -55410.7 -56466.5 -56738.7 -56628.8 -56778.4 -57222.4 -56774.9 -55858 -53255.3 -50896.7 -50675.9 -53415.3 -57046.1 -59324.3 -61618.7 -62041.4 -61362.5 -61012.2 -60956.9 -61153.2 -61774.6 -61809.3 -62104.3 -62452.7 -63037.1 -63699.7 -63279.4 -62862.1 -62028 -61192.7 -60513 -60014.6 -60045.9 -60177.9
-54991.3 -54674.4 -54356.2 -54748.9 -55202.5 -55444 -55299.5 -54507.9 -54325.2 -54848.5 -55487.2 -55451.4 -55048.6 -54383.1 -53661.6 -53514.3 -53133.7 -52861.7 -52987.8 -53617.6 -54065 -55437.4 -54612.1 -54652.9 -54490.9 -54147.4 -54080.3 -54444.6 -54992.6 -55204.5 -56452.6 -57002.1 -57270.2 -58026.7 -58239.4 -57425 -56391.8 -53591.1 -51119.5 -51056.8 -53910.8 -56575.8 -59992.1 -61582.8 -61732 -60914.1 -60763.5 -60839.2 -61479.6 -61737.7 -61839.1 -62042.3 -62596.7 -62713.3 -63076.5 -62844.9 -62250.1 -61531.6 -60329 -59880.8 -59101.4 -58859.7 -59851.2
-55402.9 -54940 -54201.2 -54344 -54191.4 -54147.2 -53776.6 -53164.7 -53307.9 -54169.7 -54947.4 -55007.1 -54654.2 -53941.8 -53385.7 -53230.5 -52790.5 -52299.7 -52478.5 -53058.3 -52807 -54498.6 -54068.9 -54496.8 -54454.4 -54361.6 -54573.1 -54500.8 -54700.5 -54425.6 -55877.7 -57122.5 -57987.7 -59566.6 -59685.3 -59055.4 -57737.8 -56583.9 -54744.7 -54732.7 -56234.4 -58934.7 -61309 -61548.3 -61351.7 -60125.7 -59763.3 -59314.7 -60552.7 -60979.7 -60612.5 -60770.4 -61217.5 -61254.8 -61704.6 -61744.8 -61097 -60371.7 -59881.6 -59315.9 -58468.3 -58590.1 -59538
-55589.8 -54695.6 -53592.1 -53306.8 -53192 -53157.7 -52717.5 -52409.5 -52714.6 -53608.5 -54519.7 -55104.7 -53955.4 -53355.4 -53065.9 -52560.4 -52176.8 -51729.8 -52118.2 -52573.9 -52742.7 -52720.3 -53534.2 -54411.3 -54972.4 -54593.1 -54346 -53826.1 -53613.9 -54070 -55541.8 -57218.8 -58663.1 -60608.3 -61867.2 -62422.3 -61262.2 -59494.8 -59293 -57464.2 -58700.4 -60895 -62052.9 -61520.2 -60422.8 -58753.2 -57605 -56801.7 -57615.6 -59092.5 -59286.4 -59909.2 -59379.8 -60237.4 -60092.8 -60145.7 -59298.9 -59446.1 -60244.9 -58775.7 -58386.5 -58617.2 -59143.9
-55469.3 -54494.7 -53248.4 -52766.4 -52596.2 -52761.4 -52851.2 -52762.9 -53175.7 -53561.6 -54219.4 -54331.9 -52818.5 -52414.4 -51972.1 -52001.5 -51926.3 -51984.3 -52253.5 -52433.3 -52104.5 -51634.3 -52346.4 -53616.4 -54451 -54353 -54014 -52831.4 -52675.7 -53752.1 -55396.1 -57250.3 -58679.7 -60679.7 -63072.6 -64721.1 -64517.9 -63255.3 -62065.5 -62327.6 -63004.2 -62623.9 -62749 -61164 -59228.8 -57115.1 -56025.4 -55967 -56773.1 -57397.7 -57791.7 -58124.6 -58384.7 -58545 -58799.3 -58751.8 -58542.1 -58957.2 -59705.5 -59413.3 -58877.1 -59356.3 -59944.6
-55348.8 -54293.8 -53076 -52284 -52158.8 -52657 -52467 -53031.5 -53399.5 -54145.6 -54710.2 -54100.7 -52596.3 -51265.7 -50670.9 -51092 -51963.7 -52786.4 -53213.5 -52876.9 -51864.2 -51245.9 -51575.2 -52851.4 -54015.8 -54771.2 -54227.9 -53019.9 -52849.9 -54284 -55707.6 -57623.2 -58758.6 -60554 -63010.2 -64982.1 -65936 -65318.7 -64949.7 -65255.5 -64738.6 -62914.5 -62063.4 -59990 -57905.6 -56227.5 -55350.1 -55452.9 -56119.9 -56909.2 -57424.2 -57877.6 -58209.8 -57858.5 -57682.6 -56760.6 -57602 -58161.2 -58484 -59682.9 -59736.9 -60489.8 -60464.1
-55876.4 -54589.8 -53371.2 -52676.2 -51984.4 -52736.7 -53448.6 -54399 -54257.3 -54735.4 -54569.2 -53823.9 -52215.4 -50066.7 -49552 -50614.3 -52503.4 -53572.8 -54150.8 -53784.1 -52363.1 -51118.9 -50982.2 -52478 -54446.6 -54683.4 -54583.1 -53969 -53674.5 -55336.2 -57072.3 -58512.2 -59039.9 -60959.3 -63121.6 -64225 -65521 -65514.9 -65488.7 -65028.4 -63732.2 -61995.4 -60558.3 -58826.9 -57248.6 -56019.5 -55267.3 -55736.8 -56454.6 -57090.6 -56471.7 -57932.2 -58230 -58010.2 -57195.9 -56957.4 -56789.1 -57441.4 -58118.6 -59671.5 -60551 -60921.8 -60598.9
-56781.1 -55222.4 -53510.1 -52913.8 -51984.2 -52992.3 -54197.2 -54683.9 -54407.4 -54720.5 -54153.9 -53879.1 -51703.9 -49449.1 -49102.4 -51003.5 -52782.4 -54481.3 -55163.9 -54027.5 -52840.4 -51447.1 -51062.3 -52862.8 -53950.3 -55474.3 -55889.4 -55454.4 -55767.4 -56894.2 -58619.8 -59435.4 -59980.6 -61419.1 -62297.2 -63643.4 -64201.5 -64354.7 -63982.7 -63072.2 -61767.8 -60232.6 -58769.8 -57653.9 -56679.6 -55905.1 -55644.2 -56146.7 -56924.3 -57591.7 -57781.2 -58292 -58750.2 -58167.2 -57524.6 -56944.8 -56612.9 -57056.7 -58129 -59792.5 -60727 -61110.8 -60928.6
-56824.8 -55391.6 -53970.1 -52848.7 -52575.7 -53569.4 -54369.7 -54558.1 -54711.3 -54531.8 -54685.5 -53837.5 -51589.1 -49587.2 -49578 -51195.2 -53399.2 -55015.5 -55412.5 -54386.7 -53744.6 -52184.9 -52004.3 -52580.8 -54823.8 -56524.3 -56522.9 -56375.6 -57071.8 -58183.3 -59612.4 -60340.3 -60450.2 -60812.5 -61876.7 -62184.8 -62729.3 -62672.3 -62045.9 -60910.7 -59804.5 -58451.1 -57284.8 -56456.6 -55795.6 -56270.3 -55641.4 -56059.1 -57007.8 -57624.1 -58282.6 -58578.8 -58716.5 -58338.2 -57719.2 -56968.5 -56935.1 -57528.3 -58402.9 -59649.1 -60533.1 -60889.5 -60766.3
-57592.2 -55889.7 -54261.7 -53262.3 -53438.7 -54192.5 -54742.3 -54908.4 -54461.1 -54516.1 -54638.3 -53817.7 -52155.5 -50593.4 -50462.6 -51892 -53292.6 -54233.4 -54861.3 -54652.5 -53621.8 -52217.4 -51923.5 -53819 -56011.8 -56681 -56707 -57202 -57625.2 -59369 -59904 -61059.1 -60766.2 -60823.7 -61185.5 -61349.8 -61170.7 -60755.3 -60479.9 -59340.5 -58211.4 -57124.6 -56306.7 -55419 -55242.6 -55912.3 -55514.2 -55875.6 -56587.9 -56945.9 -57942.2 -58165.3 -58034 -58302 -58534.4 -58073.9 -58537.4 -58636.1 -58827.5 -59468.8 -60087.5 -60202.5 -60249.3
-55861 -54934.2 -53805 -53500.4 -54574.7 -54915.7 -55200.3 -54780.5 -54090 -54212.4 -54462.4 -54036.6 -53067.4 -51935.8 -51705.5 -52168.7 -52621.1 -52870.7 -53347 -53527.3 -53025.9 -52807 -53286.4 -55326.7 -56302.7 -56658.3 -56725 -57647.8 -58714.4 -60434.3 -60831.2 -60783.4 -60621.7 -60587.6 -60433 -60218.1 -59434.5 -59082.7 -58927.7 -58165.7 -57077.2 -56447.9 -55739.8 -55078.8 -54892.4 -55425.8 -55405.6 -55700.2 -56004.4 -56338.7 -57504.5 -57664.7 -57518.2 -57924.6 -58322.5 -58853.4 -59267.2 -59612 -59500.1 -59590.7 -59902.7 -59964.1 -60136.3
-54480.5 -54119 -53662 -53563.2 -54781 -55187.5 -55209.5 -54568.1 -54014.5 -54208.3 -54520.2 -54682.4 -53826.6 -52972.5 -52749.6 -52365.8 -52056.2 -51939.5 -51920.8 -52137.6 -52301.2 -53136 -54363.4 -55731.1 -56693.4 -57058 -57165 -58343.4 -59859.2 -61041.4 -61174.8 -60182.2 -60771.5 -59686.6 -59718.9 -59045.1 -58301.5 -59333 -58297.5 -58454.8 -56782.1 -56297.8 -55800.5 -55298.1 -54503.6 -54853.4 -55290.1 -55387.1 -55678.2 -56321.7 -56917.8 -57712.6 -57492.1 -57234.3 -57562.7 -58564.8 -59587.7 -60043.7 -59989.6 -59961.6 -60066.8 -60160.3 -60250.3
-55365.4 -54460.9 -53466.5 -53405.9 -54245.6 -54974.5 -55057.4 -54687.5 -54564.2 -54675.3 -54940.2 -54871 -54210.7 -53665.9 -53279.7 -52783.6 -52222.3 -52176.1 -51983.4 -51730.6 -51739.4 -52928.8 -54659.7 -56505.9 -57064.1 -57683.6 -58027.6 -59406.3 -60680.7 -61286.8 -60876.1 -60513 -60157.6 -59497.9 -59637.7 -59002.3 -58544.2 -59257.2 -58794 -57889.4 -56823.5 -56399.4 -55925.1 -55455 -54814 -54900.1 -55109 -55118.5 -55614.8 -56502.3 -57119.4 -57419.1 -57527.9 -56693.3 -56783 -57846 -59281.6 -59913.3 -60111.8 -60156.6 -60221.5 -60317.3 -60437.4
-54987.6 -54147.1 -53265.7 -53171.4 -53916.4 -54905.2 -55501 -55497 -55464.8 -55390.4 -55233.4 -55093.4 -55237.6 -54414.6 -54040.6 -53302.6 -53282.3 -52488.9 -52479 -51664.8 -51955.6 -53405 -55293.5 -56907.2 -58214.8 -58215 -58608.5 -59627.3 -61096.4 -61064.3 -60538.6 -60418 -59944.4 -59503 -59594.7 -59290.2 -59192.7 -59083.2 -58662.6 -57796.4 -57168.9 -56329.4 -55876.1 -55124.1 -55181.6 -54921 -55108 -55030.9 -55643 -56804.4 -56837 -56946.1 -57578.3 -56681.6 -56835.1 -57906.3 -58921.4 -59639.8 -59883.5 -60030.1 -60093.8 -60238.4 -60363.9
-53582 -53271.8 -52874.4 -53053.9 -53990.7 -55264.3 -56038.3 -56378.2 -56330.1 -55954.7 -55605.3 -55416.1 -55700.5 -55420.9 -54648.8 -54132.2 -53467.6 -53233.2 -52871.4 -52681 -53220.5 -54403.2 -55856.7 -57592.5 -57950.7 -58041.5 -58225.7 -59484.5 -60540.6 -60429.5 -60005.6 -59159.6 -59058.8 -59618.9 -59346.7 -59243.7 -59008.6 -58957.5 -58613.1 -58010.2 -57269.3 -56243.4 -55464.2 -55040.5 -55145.2 -54980.8 -54978 -54987.2 -55623.7 -56744.8 -56432.1 -57626 -57703.7 -56858.9 -57079.5 -57907 -59075.7 -59510.3 -59574.7 -59668.1 -59748.3 -59848.2 -59939
-52624.6 -52758.5 -52721.7 -53334.2 -54797.9 -55891.8 -56712.5 -57052.4 -56703.9 -56120 -55794.4 -55690.1 -55768.4 -56148.1 -54702 -54196.8 -53507.4 -52986 -53266 -53784.2 -54316.1 -55125 -56525.5 -56939.7 -57252.7 -57264.5 -58095 -58803 -59526.1 -59458.8 -58959.4 -58480.8 -58040.1 -59354.3 -58884.4 -58627.9 -58421.8 -58452.5 -57964.3 -57458.7 -56723.6 -56314.4 -55179.5 -55345.6 -54849.3 -55133.7 -54986.3 -54949.2 -55672.8 -56563.4 -56900.9 -57662.1 -57554.4 -57521.1 -57803.9 -58572.6 -59283.1 -59476.1 -59427.5 -59413.9 -59462.3 -59439.9 -59469.2
-52298 -52793.2 -53216.7 -54002.5 -55426.5 -56258.7 -57222.1 -58484.4 -57533.3 -56211.8 -55776 -56153 -56689.2 -56650.6 -54925 -53524.7 -52420.8 -51976.7 -52657.8 -53894.1 -55156 -55169.9 -55289.1 -56158.4 -56329.8 -57031.3 -57236.1 -58284.9 -58409.6 -58237.8 -57638.8 -56953.2 -57187.5 -57643.4 -57404.1 -57921.8 -57698.4 -57698.1 -56967.7 -56379.8 -55893.1 -55458.3 -54942 -55052.3 -55060.6 -55248.1 -55042.9 -55139.7 -55614.2 -56248.7 -56835.4 -57480.6 -57516.8 -58217.6 -58343.2 -58666.2 -59220.1 -59411 -59357.2 -59404.9 -59399.6 -59220.9 -59157.5
-52410.3 -52903.4 -53818.1 -54630 -55435.6 -56101.6 -56680 -57492.2 -56199 -55667.9 -55446.4 -56014.6 -56533.7 -56299.3 -54600.8 -52594.8 -51445.1 -51419.5 -52246.7 -53397.7 -54395.8 -54663.8 -54997.2 -55498.3 -56061.7 -56679.7 -56890.1 -57610.6 -57582.9 -57278.6 -56781.8 -55863.1 -55720.4 -55646.7 -55870.1 -56606.6 -56333.1 -56150.9 -55782.5 -54967.6 -54419.5 -54287.4 -54355.1 -54309 -54181.4 -54936 -54901.7 -55081.4 -55064.2 -56190.3 -55810.1 -57986 -58253.3 -58186.7 -58136.8 -58752.9 -59157.5 -59341 -59251 -59278.1 -59248.9 -59090.8 -59066.8
-52497.3 -52672.4 -53972.5 -53931.6 -55731.9 -55851.3 -56874.8 -56131.4 -56022 -54942.4 -54871.6 -55457.1 -56113 -55580 -54141.3 -52092.8 -51165.6 -51554 -52456.2 -52971.5 -53225.7 -53986.8 -54705.4 -55538.6 -56458.1 -57096.7 -57147.9 -57051.8 -57204 -56974 -56916.3 -55227.7 -54804.3 -54674.2 -55077.6 -55013.5 -54828.1 -54643.3 -54203.3 -53564.7 -53277.4 -53371.2 -53845.9 -53555.4 -52661.5 -54280 -54154.6 -54643.6 -54915.3 -55811.8 -56312.3 -57570.6 -57919.6 -57843.5 -57842.7 -58788.7 -59229.5 -59223.1 -59157.7 -58945.7 -58910.1 -58910.8 -59046.3
-52520.2 -52292 -52736.8 -52848.6 -53958.8 -54227.5 -55886.9 -54952.8 -54406.8 -54266.1 -54219.8 -54823.3 -55477.6 -54989.7 -53722.3 -52259 -51276.9 -51634.2 -52239.9 -53087.5 -53249 -53769.1 -54674.7 -56006.4 -57164.8 -57910.2 -57720.2 -57282.4 -57034.4 -56837.4 -55642.3 -54686.4 -53955.7 -54051.5 -53348 -53565.6 -53382.8 -53549.6 -53146.9 -52795.9 -52974.4 -52894.1 -52896.4 -53277.9 -52969.2 -53495.9 -53592.8 -54097.8 -54336.7 -55462.9 -56347.6 -56322.7 -56629.4 -56929.2 -57373.2 -58620.2 -59086.3 -59258.9 -58911.8 -58540.2 -58513.9 -58676.2 -59057.3
-52182.3 -51608.7 -51060.4 -51126.5 -51436.8 -51665.6 -52310.1 -52700.9 -52879.4 -52711.6 -53137.7 -53348 -54358.3 -54116.2 -53696.7 -52646 -51643.2 -51941.5 -52931.5 -53915.8 -53921.7 -54187.2 -55258.9 -55961.1 -57692.2 -58142.5 -58017 -57604.3 -57150.5 -56425.7 -55453.9 -54220.4 -53656 -53135.7 -52554.7 -52708.8 -52949.7 -52219.7 -51778.4 -52471 -53123.3 -53080.9 -52923.9 -52880.7 -53266.4 -53300.8 -53170.1 -53591.3 -54431.9 -55120.8 -55134.9 -54938.2 -55298.5 -56071 -56953.5 -58067.7 -58693.8 -58862.9 -58632.7 -58419 -58441.5 -58774.1 -59207.5
-51319.1 -50555.7 -49518.6 -49119.1 -49161.7 -49150.9 -49599.7 -49682.7 -50046.6 -50584.7 -51285.2 -51547.5 -52999.9 -52630.1 -53138.2 -52834.8 -52351.1 -52659.3 -53330.8 -55063 -54862.2 -55416.8 -55753.2 -56618.8 -57520.5 -57939.5 -57870 -57600.3 -56855.4 -56185.3 -54647.3 -53272.4 -52574.2 -51392 -50963.8 -51271.4 -51951.3 -51536.8 -53007.6 -53454.1 -53233 -53534.6 -53434.3 -53319.5 -52886 -53340.1 -53203.2 -53521.9 -53608.5 -54212.7 -54204 -54004.2 -54582.8 -55518.9 -56440.2 -57182.9 -57795.7 -58210.9 -58376.6 -58342.3 -58624.2 -59227.1 -59709
-50506.4 -49478.3 -47971.1 -47356.6 -46905.2 -46757.8 -46598.5 -46522.3 -46875 -47641.3 -48471.3 -49357.8 -50421.3 -51666.4 -52199.8 -52343.3 -52535.7 -53753.6 -53488.3 -55403.8 -55830.4 -55992.1 -56897.2 -57388.4 -58156.1 -58352.9 -57803.5 -57302.3 -56805.2 -55495.5 -53457.7 -52401.1 -50696.2 -49390.6 -49013.8 -49716 -50853.6 -51457.4 -52623.3 -53249 -53224.9 -53808.2 -53603.5 -53773.8 -52941.8 -53600.6 -53147.4 -53635.2 -54499.8 -54180.5 -53707.6 -53766.9 -54525.4 -55373.8 -55900.3 -56335.8 -56962.3 -57650.6 -58111.4 -58396 -58883.7 -59687.8 -60461.2
