Code/Outputs/Output_20260212_124747/2.9_30_1000_moho_depth.grd
DSAA
181 201
-5400000.0 5400000.0
-6000000.0 6000000.0
-82227.448380695 -14740.977784717
[rows 56 to 83 of 201, columns 63 to 125 of 181]
-59799.1 -59801.8 -58859.4 -58701.8 -58711.6 -58545.3 -58395 -58061.6 -57969 -57831.1 -57961.2 -58164.7 -57957.1 -57544.5 -57947.9 -58219.4 -58731.4 -58873.4 -59214.2 -59174.3 -58931.3 -58650 -58563.1 -58801.1 -59297.5 -60093.5 -61205.9 -62685.5 -64253.3 -65788.5 -66754.4 -67319.6 -67532.8 -67294.2 -66575.1 -66084.6 -65485 -64335.7 -63365.9 -62899.7 -62875.7 -63260.3 -64425.5 -64129.5 -64312.6 -64429.4 -64384.2 -64173.8 -63740.7 -63458.6 -63327.5 -63574.9 -63434.3 -63093.5 -62549.5 -61456.9 -60628.2 -60213.7 -59747.4 -59598.4 -58750.9 -57910.7 -57466.1
-60149.3 -59475.4 -59107.6 -58947.5 -58947.4 -58916.2 -59013.8 -58711.7 -58410.7 -58238.5 -58552.9 -58867 -58806.4 -58529.2 -58662.6 -58899.6 -58859.1 -58981.6 -59109 -59010.6 -58831 -58737.1 -58865.8 -59291.1 -59931.5 -60776.6 -61896.9 -63446.8 -64977.9 -66469.4 -67565.5 -68136.4 -68363.7 -68143.2 -67529.6 -66821 -65782.2 -64656.9 -63862.8 -63594.6 -63747.8 -64139.7 -64547 -65051.3 -65338.5 -65390.1 -65087 -64428.9 -63586.9 -63364.2 -63389.1 -63765 -63826.8 -63476.9 -62875.6 -61871.3 -60781.2 -59147.8 -59182.2 -59230.9 -58940.3 -58196.3 -56950
-60745.4 -60669.9 -60091.3 -59883.7 -59944.3 -59940.9 -59346.8 -59402 -59400.3 -59442.9 -59283.1 -59449.9 -59595.8 -58774.7 -59453 -58906.5 -59180.2 -59580.2 -59612.3 -59516.9 -59395.9 -59378.1 -59659.8 -60282.3 -61180.2 -62264.6 -63573.7 -64929.1 -66356.2 -67647.2 -68451.2 -68442.4 -68588.4 -68472.3 -69003.5 -68504.2 -67397.1 -65923.3 -64827 -64433 -64622.4 -65088.4 -65481 -65836.3 -66064.9 -66143.7 -65858.8 -65162.3 -64148.5 -63600.5 -63635.5 -63954.4 -64026.7 -63886.1 -63366.9 -62473.3 -61494.7 -60605 -61082.6 -59811.9 -59355.1 -58443.9 -57999.2
-61117.1 -60570.5 -60517 -61138 -60871.3 -60328.8 -59926.1 -60081.4 -59812.3 -59568.3 -59681.8 -59704.6 -59561 -59907.5 -60088.3 -59728.6 -59838 -60007.2 -60136 -60259.3 -60211.9 -60269.6 -60603.5 -61459.4 -62833.7 -64348.9 -65558 -66640.6 -67608.3 -68472.5 -68926.7 -70539.1 -70846.8 -71352.5 -71443.3 -70668.4 -69413 -67758.4 -66451.3 -65989 -66135.5 -66403.1 -66792.5 -67025.6 -66982.7 -67274.1 -66937.9 -66346.1 -65542.9 -64578.7 -64386.3 -64494 -64443.4 -64654.4 -63740.5 -63520 -62255.6 -61233.7 -61036 -59883.9 -59386.3 -59142.8 -58964
-60760.7 -60703.4 -61421.9 -61652.1 -61218.7 -61188 -60502.6 -60347.6 -59683.2 -59137.9 -59796.3 -60286.4 -60358.9 -60823.2 -60675 -60193.3 -60474.6 -60292.6 -60319.2 -60914.7 -60988.3 -61105.8 -61585.7 -62727.1 -64348.9 -65323.3 -66786.7 -67536.7 -69096 -70227.2 -70685.5 -71732.1 -73093.4 -73822.9 -73600.2 -72849.7 -71703.4 -70070.3 -68264.5 -67481.5 -67425.3 -67295.1 -68198.6 -68567 -68560.4 -68854.8 -68642.8 -67902.6 -67005.7 -65736.3 -65320.6 -65113.1 -65225.1 -64917.2 -64099.6 -63726 -62484.5 -62322 -61226.9 -60522.8 -59985.2 -59472 -59810.2
-60950.6 -61244.1 -61703.8 -61683.4 -61244.3 -61568.2 -61108 -60322.3 -59487.6 -59271 -60231.5 -61142 -61274.1 -61273.9 -61053 -60691.9 -60644 -60562 -60634.9 -61444.2 -61685.7 -61905.6 -62715.5 -63711.1 -65439 -66250.1 -67569.1 -68670.6 -70036.1 -71046.7 -72059.2 -72592.6 -73911.8 -74811.1 -75054 -74575.9 -73595.7 -71712.5 -69722.1 -68545.8 -68304 -68073.1 -68980.1 -69564.9 -70229.8 -70305.8 -70120.3 -69217.2 -68064.3 -66927.1 -66237.9 -65802.2 -65556.2 -65010.1 -64271 -63525.3 -62754.1 -63008.9 -61911.4 -61172.6 -60127.2 -59676 -59783.8
-60710.8 -61016.2 -61629.7 -61578.5 -61209.7 -61400 -60698.2 -60405.7 -59821.7 -59981 -60891.4 -61903.9 -61830 -61782.6 -61836.1 -61434.1 -60851 -60864.8 -61330.8 -61959.2 -62449.4 -62859.9 -63793.8 -65000.5 -65794.5 -66943.5 -68593.4 -70040.1 -70103.3 -70495.1 -72103.7 -72941.6 -73909.9 -74438.8 -75388.4 -75243.5 -74132.2 -71914.9 -70155.4 -69089.2 -68850.9 -68696.6 -68899.6 -69605.3 -70954.8 -71112.9 -70940.1 -70118.1 -68965.6 -67895.9 -67051.1 -66489.4 -65832.3 -65193.9 -64454.6 -63558.8 -62945.6 -62772.3 -62239.1 -61124.1 -59984.8 -59792.6 -59949.2
-60151.8 -60773.8 -61822.5 -60844.3 -61069.7 -61274.9 -60946.1 -60670.7 -60314.4 -60590.4 -61590.1 -62453.7 -62756.7 -62869.1 -62372.7 -61707.6 -61061.5 -61240.4 -61932.3 -62768.3 -63519.7 -64151.4 -65160.5 -66003.4 -67183.2 -67881 -69238 -69722.4 -69916.6 -69920.4 -70822.8 -71594.2 -72503 -73502.6 -74530.4 -74271.7 -72577.6 -71246.1 -70197.7 -69482.6 -69164.8 -68497.2 -68376.6 -68748.1 -69966.8 -70807.9 -70746.7 -70362.1 -69570.8 -68679.9 -67743 -67010.7 -66163.8 -65360 -64604.2 -64059.2 -63433.2 -62936.1 -61617.8 -60714.1 -59359 -59034.8 -59803.6
-59465 -60116.9 -59829.5 -60587.1 -61083.6 -62192.2 -61415.4 -61021.5 -60909.6 -60831.7 -61459.8 -62665.7 -63559.5 -63664.3 -62909.3 -61928.8 -61454.3 -61988.3 -62791.7 -63788.9 -64848.7 -65384.6 -66750.6 -66514.8 -67066.5 -68542.6 -69345.4 -68598.6 -68308.7 -68776.2 -69206.2 -69856.1 -70188.4 -70662.8 -71169.3 -71394.4 -71242.9 -70201 -69640.8 -69237.3 -68582 -67890.3 -67391 -67574.5 -68116 -68905.4 -69625.4 -70284.3 -70256.8 -69516.7 -68512.8 -67317.9 -66290.1 -65401.1 -65006.5 -64337.1 -63324.4 -62418.1 -61371 -60287.6 -59681.7 -59608.1 -59371.7
-59963.1 -60406 -60968 -61128.8 -61471.4 -61644.8 -61890.5 -61812.1 -61640.4 -61797.8 -62577.1 -63425.4 -63622.6 -63251.3 -62526.7 -61823.1 -61991.2 -62694.9 -63569.5 -62699.4 -66067.8 -66942.4 -67868.1 -68618.9 -69448.4 -69929.6 -69762.1 -67207.7 -67471.4 -67668.7 -67596.4 -68484 -68005.3 -68120.5 -69383.3 -69024.9 -69395.9 -69899 -69906.9 -68619.9 -67592.3 -66604.6 -65824.5 -66235.7 -66812.3 -67779 -68836.6 -70109.7 -70549.1 -70323.8 -69076.1 -67456 -66075.6 -65017.8 -64623.2 -64555.2 -63476.4 -61934.4 -60870.8 -59920.7 -59433.2 -59453.8 -59337.5
-60598.4 -61454.8 -61600.9 -61606.6 -61677.8 -62039.5 -62510.8 -62330.6 -62461 -62500.3 -63336.5 -62459.9 -64176.2 -62995.8 -62125.6 -61986.8 -62476.6 -63268.1 -63724.4 -64653.1 -66972.7 -68273.5 -69399.7 -70441.8 -71085.3 -70492.8 -69803 -68168.1 -68037.3 -68095 -67504.5 -67258.3 -66906.7 -66735.5 -67099 -66817.4 -68189.5 -68986.2 -68854.8 -67785 -66732.5 -65787.5 -65232.1 -65326.7 -65824.9 -66926.1 -68265.5 -69634.4 -70644.7 -71007.6 -69759.4 -67914.5 -66994.9 -65780.2 -64716.6 -64130.8 -63279.1 -62133.6 -60981.6 -60401.4 -59409.6 -59298.9 -59092.9
-60890 -61525.4 -61533.1 -61436 -62285.3 -62145.9 -62644.1 -62682.4 -62616.9 -62867 -63256.2 -63249.9 -63688.3 -62926.1 -62294 -62252.8 -62782.9 -63443 -64563.3 -66068.6 -67559.4 -69338.2 -70721.7 -71365.3 -71546.2 -71364 -70321.3 -68962.1 -68390.3 -68117.7 -66748.3 -65498 -65595.5 -65125.3 -66465.5 -66814.3 -67886.8 -68639.4 -68227.2 -67150.6 -66073.9 -65315.5 -64593.9 -64624.9 -64532.7 -65300.7 -66828.5 -68799.1 -70283.5 -70811.7 -70357.9 -68671.8 -67199.3 -65857.5 -65002 -64164.9 -63354.4 -62508.8 -61496 -60676.8 -59801.2 -59484 -59424.3
-61027.7 -61155.7 -61085 -60861.9 -61213.1 -61546.9 -62164.5 -62529 -62196.6 -62901.4 -63480 -64025.6 -64014.6 -63460.6 -62815.5 -62654.7 -63092.7 -64325 -65730.2 -67422.6 -69247.2 -69852.3 -71592.1 -71909.6 -71870.7 -72045.4 -70391.4 -69608.8 -69466 -68357 -65864.2 -64297.6 -64021.7 -64265 -65626.5 -66438.8 -66683.3 -67508.8 -66588.1 -66347.6 -65334.5 -64778 -63964 -63637.2 -63561 -64265.3 -65734.9 -67832 -69570.2 -70404.8 -70333.6 -69173 -67747.2 -66437 -65231.8 -64171.1 -63429.5 -62804.5 -62137.9 -61399.6 -60664.3 -60251.9 -60243.5
-60609.7 -60695.7 -60604.6 -60346.7 -60249.2 -60644.6 -61340.6 -61457.6 -62243.5 -62732.4 -63557.7 -64451.5 -64283.4 -64213 -63683.5 -63503.6 -64017.6 -65349.5 -65769.9 -68599.5 -70117.5 -70884.8 -71982.2 -72198.7 -72103.4 -72181.5 -71499.6 -71059.3 -70551.7 -68781.3 -66385.3 -64480.4 -63586.9 -63645.8 -64888.5 -65600.3 -65442.8 -66112.6 -65785.5 -65414.1 -64561.3 -63536.1 -62994.1 -62724.7 -63075.1 -63544.3 -65557.2 -67673.1 -68881.5 -69733.2 -70123.7 -69366.4 -68025 -66885.3 -65621.1 -64423.5 -63619.2 -63114.1 -62679.3 -62177.1 -61652.4 -61315.1 -61311.2
-60324.6 -60390.1 -60225.3 -59967.2 -59749.8 -59982.7 -60495.9 -61036.2 -61534.5 -62266.2 -63336.9 -64532.3 -64278.9 -64830.4 -64430.7 -64117.1 -64951.9 -66487 -67094.7 -69743.2 -70330.1 -72057.3 -72344 -72894.6 -72876.1 -72350 -72539.1 -72153.9 -71357.9 -69627.6 -67088.3 -65310.5 -64252 -63617.9 -64355.5 -64579.3 -64508.8 -64609.4 -64559.9 -63793.6 -62951.2 -62219.7 -61891.1 -61684.3 -62213 -63019.3 -64957.4 -67299.9 -69967.5 -69702.8 -69616.3 -69016.6 -67976.2 -67131.2 -66260.6 -64953.8 -64648.9 -64052.3 -63454.7 -62870.8 -62470.9 -62206.9 -62264.2
-60239.1 -60181.7 -59898.9 -59583.6 -59511.1 -59833.9 -60253.1 -60661.7 -61088.8 -61917.4 -62977 -64126.2 -64545.5 -64892.3 -64496.5 -64245.8 -65176.5 -66946.8 -68890.2 -70667.7 -71154.1 -72657.4 -73097.3 -72997.5 -72839 -72628.7 -72595.4 -72352.2 -71579.4 -69872.8 -67607.5 -66072.5 -65108.8 -64281.2 -64030.7 -63588 -63460 -63353.1 -62910.3 -62137 -61341.7 -60828.4 -60714.7 -60700.3 -61427.4 -62645.1 -64458.7 -66104.9 -68929.4 -68886.4 -68740.6 -68007.5 -67195.3 -66956.6 -66925.8 -66277.6 -66549.6 -65306.5 -63943 -63233.6 -62886.7 -62864 -62778.4
-60272.2 -59914.1 -59413.4 -59133 -59415.5 -60334.6 -61049.9 -61098.2 -61196.4 -61447.8 -62254.1 -63260 -64154.6 -64335.2 -63952.2 -63947.4 -64835.7 -67127.5 -69616.7 -71159.8 -71804.3 -72749.1 -72826.3 -73083 -73021.4 -72408.3 -72632.2 -72484.5 -71783.7 -70061 -68129.6 -66620 -65696 -64588.7 -63517.5 -62828.9 -62525.5 -62260.2 -61677.8 -60908.8 -60185.1 -59715.5 -59647.2 -59824.8 -60637.8 -61933.8 -63781.1 -65572.1 -67041.5 -67499.9 -67292.6 -66804.4 -66303.6 -66517.6 -66746.7 -67234.5 -66481.7 -65382.8 -63721.5 -63159 -62960.6 -62774.8 -62540
-60282.4 -59712.7 -58985 -58782.8 -59474.8 -60895.4 -61771.2 -62112.4 -61891 -61469.5 -61540.1 -62254.5 -63188.4 -63745.4 -63545.1 -63484.9 -64501.5 -66919.7 -69133.9 -71274.4 -72536.4 -73086.4 -73010.6 -72901.7 -72625.6 -73272.4 -73403 -73833.5 -72750.1 -70674.5 -68450.4 -66925.2 -65648.9 -64282.8 -63056.8 -62311.6 -61894.5 -61418.2 -60722.5 -60090.2 -59481.4 -59052.8 -58915.3 -59048.5 -59653.1 -61004.9 -62782.3 -64396.8 -65367.2 -65827.6 -65708 -65305.8 -65002.5 -65308.8 -65638.9 -66213.8 -65563.5 -64504.9 -62889 -62398 -62319.6 -62222.5 -62069.6
-60234.4 -59716.4 -59053.8 -58915 -59809.8 -61318.5 -62596.4 -63091.7 -62671.1 -61803.1 -61173.9 -61499.7 -62645.9 -63555.2 -63788.5 -63798.6 -64736.5 -67111.8 -69114.8 -71742.7 -73449.9 -73600.1 -73190 -72139.2 -72617.2 -73680.9 -74172.6 -74902.4 -74087.9 -71238.3 -68669.4 -66937.4 -65455.5 -63929.9 -62666.2 -61833.8 -61244.3 -60594.6 -59817 -59273.5 -58919.4 -58662.2 -58448.1 -58436.6 -58923.9 -59988.7 -61014.9 -62545.5 -63267.9 -63572.7 -63780 -63509.1 -63614.3 -63737.7 -64177.5 -64924.2 -64474.2 -63329.1 -61899.8 -61222.8 -61010.2 -61266.3 -61322.3
-59999.8 -59873.7 -59620 -59577.9 -60392.3 -61906.9 -63331.4 -63947.4 -63680.2 -62752.4 -61526.9 -61306.8 -62389.5 -63817.3 -64658.6 -64976.3 -65801.8 -67808.4 -69662.1 -72542 -73668 -73508.9 -72728 -71878.3 -72581.1 -73438.9 -74193.8 -74806.4 -74383.5 -71278.8 -68634.7 -66844.9 -65330.4 -63713.7 -62257.4 -61222.3 -60461.3 -59746.6 -59029.8 -58602.1 -58447 -58337.9 -58100.4 -57981.6 -58358.1 -58800.8 -59481 -60198.6 -60735.5 -61021.7 -61610.1 -62186.7 -62551 -62923.5 -63438.2 -63434.2 -62814.6 -61804.3 -60714 -59955.8 -59626.8 -59755.1 -59826.8
-59699.1 -60055.2 -60224.7 -60405 -61102.1 -62430.9 -63883.7 -65027.5 -65153.2 -64072.2 -62464.3 -61510.6 -62134.5 -63847.7 -65354.5 -66234.5 -67275.4 -69040.4 -70945.2 -72950.3 -73342.1 -72696.3 -72138.2 -71544.9 -72257.5 -73004.4 -73912.2 -74017.4 -72939.5 -70222.9 -68118.1 -66626.2 -65447.4 -63628.1 -61972.5 -60656.4 -59790 -59007.3 -58397.6 -58235.7 -58251.1 -58083 -57755.8 -57440.7 -57473.6 -57676.9 -57984.2 -58029.7 -58290.5 -58833.5 -59954.1 -61125.8 -62219 -62934.1 -62937.4 -62316.6 -61313.5 -60375.5 -59613.1 -58993.6 -58616.6 -58511.8 -58792.3
-59455.3 -60124 -60725.4 -61197.8 -61811.2 -63020.5 -64517.4 -65998.6 -66499.4 -65897.3 -63875.8 -61932.2 -61836.8 -63487.8 -65469.2 -67076.1 -68547.7 -70248.5 -72012.8 -72642.6 -73351.8 -72056.1 -72108.3 -71503 -71522.1 -71809 -72123.4 -71870.1 -70640.3 -68892.3 -67449.1 -66409.9 -65663.3 -63707 -61891.3 -60385.1 -59327.8 -58648.4 -58305.2 -58447.5 -58439.4 -58083.1 -57488.1 -56962.2 -56691.7 -56616.9 -56725.9 -56695 -56899.6 -57484.2 -58937.9 -60517.2 -62135.8 -63152.6 -62908.1 -61674 -60262.9 -59435 -59065.8 -58710.2 -58413.2 -58459.6 -59175.6
-59453.1 -60382.3 -61343.5 -62001.5 -62528.6 -63417.3 -64779.3 -66227.2 -67001.5 -66488.4 -64776.6 -62430.9 -61824.3 -63308.5 -65578.2 -67631.2 -69267 -70888.3 -72538.2 -73255.2 -73400.8 -72456.2 -72659.2 -71313.1 -70779.3 -70277.9 -69991.9 -69714.2 -69197.4 -68312.7 -67340.5 -66359.2 -65232.1 -63630.2 -61801.1 -60184.4 -59067.1 -58580.3 -58700.7 -59144.1 -59182 -58614.7 -57669.6 -56888.5 -56545.5 -56385.9 -56295.8 -56346.5 -56462.8 -56961.6 -58363.4 -59803.7 -61790.9 -62876.7 -62707.3 -61236.1 -59826.1 -59100.3 -58963.9 -58917.5 -58871 -58944.3 -59285.1
-59687.3 -60790.5 -61956.1 -62710.4 -63075.6 -63556.8 -64492.3 -65560.9 -66186.3 -65873.7 -64528 -62897 -62427.1 -63772.3 -66054.3 -68175.7 -69719.2 -71053.5 -72729.3 -74002.6 -73822 -72878.3 -72908.7 -70919 -70486.9 -69852.2 -69329.6 -69117.9 -69131.6 -68716.8 -67830.9 -66501.9 -65080 -63456.3 -61794 -60176.9 -59254.8 -59144.6 -59748.9 -60421.6 -60414.9 -59601.2 -58313.3 -57358.1 -57005.1 -56729.6 -56597.3 -56376.3 -56125.8 -56351.8 -57518.3 -59019.1 -60865.5 -62345.2 -62211.7 -61067.4 -59905.5 -59327.7 -59226.6 -59328 -59274.4 -59568.3 -59785.9
-59776.3 -60883.3 -62084.1 -62975.8 -63353.1 -63524.8 -63908.5 -64384.6 -64714.8 -64653.5 -64094.6 -63450.3 -63454.3 -64752.7 -66933 -68918 -70125.7 -71230.2 -72931.4 -74382.5 -74378.8 -73713.7 -72797 -71253.9 -70908.7 -70443.1 -69791.2 -69709.1 -69801.9 -69434.9 -68325.4 -66684.3 -65142.7 -63799.3 -62446 -61129.9 -60362.7 -60533.8 -61321 -61915.1 -61645.7 -60595.6 -59108.1 -58024.5 -57474.7 -57135.8 -56701.9 -56078.2 -55418.1 -55350.6 -56352.8 -58313.9 -60262 -61651.4 -61640.9 -60786.2 -60097.4 -59558.8 -59514.6 -59506.9 -59666 -59837 -60292
-59705.5 -60570.4 -61730.7 -62795.7 -63574.3 -63821.5 -63925.6 -63929.3 -63934.5 -64047.8 -64154.3 -64247.6 -64664.6 -65931.5 -67913.8 -69807.7 -71002 -72076.9 -73582.7 -74615.4 -74644.5 -74547.7 -73022.4 -71892.5 -71626.8 -71299.4 -70696.4 -70438.8 -70392.5 -69950.1 -68642.9 -67061.5 -65774.5 -64928.5 -64096.6 -63201.4 -62556.5 -62488.9 -62831.4 -62868.4 -62329.1 -61168.3 -59874.8 -58642.6 -57779.3 -57173.6 -56557.6 -55742 -54882 -54600.6 -55612.8 -57564.9 -59551.1 -60781.6 -60571 -60063.6 -59868.3 -59753.3 -59970.8 -60197.3 -60365.7 -60773.5 -61025
-59972.2 -60467.5 -61436.9 -62860.7 -64266.9 -64943.7 -65026 -64796.4 -64628.1 -64787.6 -65211.6 -65691.5 -66308.3 -67532 -69359.7 -71188.3 -72502.7 -73535.5 -74708.5 -74976.4 -75800.1 -74456.4 -72963.8 -72128.6 -71984.4 -71825.3 -71260.3 -70857.2 -70675.6 -69991.4 -68795.2 -67458.3 -66526.1 -66126.5 -65959.3 -65532.5 -64998.1 -64432.2 -64067.7 -63232.1 -62268.7 -61527.2 -60593.7 -59309.2 -57922.4 -56944.8 -56390.3 -55625.2 -54822.1 -54348.2 -55207.6 -56974.2 -58611 -59644.3 -59814.1 -59694.2 -59879.8 -60059.7 -60733.4 -60842.5 -60308.6 -61564.1 -62169.5
-60688.9 -60834.9 -61614.9 -63337.3 -65339.1 -66616.4 -66933.1 -66652.9 -66446.8 -66611.9 -67200.3 -67812.2 -68657.8 -69921.5 -71530.4 -73143.3 -74270.7 -75220.7 -75519.3 -75028 -75729.7 -73818.6 -72039.8 -71477.8 -71664.8 -71888.1 -71731.6 -71297.8 -70870.9 -70136.9 -68968.8 -67665.7 -66705.9 -66468.1 -66679.7 -66889.2 -66700.3 -66035.2 -64801.6 -63391.3 -62468.4 -61939.5 -61257.3 -59759.7 -57878.2 -56633.6 -56119.8 -55550.1 -54856.2 -54361.7 -54856.9 -56289.5 -57777.6 -58838.9 -59301.1 -59895.9 -60608 -61031.8 -61418.2 -61645.6 -61994.3 -62512.6 -62444.9
