Code/Outputs/Output_20260212_124747/2.9_30_1000_moho_depth.grd
DSAA
181 201
-5400000.0 5400000.0
-6000000.0 6000000.0
-82227.448380695 -14740.977784717
[rows 0 to 27 of 201, columns 63 to 125 of 181]
-59521.2 -58949.6 -58157.6 -57714.4 -58269.5 -58077.5 -57582.2 -57507.3 -57698.5 -57959.9 -58256.1 -58625.4 -58970.6 -59267.2 -59633 -59910.2 -59957.2 -59894.8 -60217.3 -60463.6 -60353.9 -60174.7 -59911.2 -59674.6 -59462.5 -59232.7 -59069.4 -58945.8 -58848.8 -58794.6 -58779.9 -58791.9 -58805 -58780 -58768.9 -58763.6 -58785.3 -58764.6 -58766.9 -58789.3 -58716 -58775.1 -58945.1 -58957.6 -59073.4 -59097.1 -59269 -59474.8 -59363.2 -59270.8 -59272.1 -59159.1 -58980 -58736.3 -58382.5 -57887.7 -57516 -57252.3 -56934 -56821.1 -56655.4 -56581 -56628.5
-59967.8 -59132.6 -58182.2 -57671.9 -58540.1 -58323.5 -57598 -57436.2 -57627.6 -57905.9 -58243.9 -58660.4 -59040.9 -59344.3 -59742.7 -60022.7 -60089.8 -60031 -60573.7 -60700.5 -60585.7 -60408.3 -60142.4 -59868.8 -59660.5 -59411.2 -59208.7 -59061.6 -58937.6 -58887.9 -58861.7 -58847.2 -58806.9 -58762 -58726.5 -58672.9 -58666 -58630.8 -58601.6 -58589.7 -58561.5 -58496.5 -58560.2 -58610.7 -58684.9 -58695 -58821.2 -58864.1 -58684.4 -58747.2 -58854.8 -58645.7 -58291.1 -58141.9 -57982.1 -57640 -57238.2 -57019.4 -56645 -56550 -56371.7 -56306.3 -56361
-59631.9 -58766.9 -58067.2 -57738.4 -58271.6 -58160.2 -57540.4 -57436.3 -57665.8 -57925.5 -58291.4 -58720.2 -59072.8 -59421.2 -59769.3 -60062.2 -60171.3 -60295.8 -60742.9 -60603.7 -60445.4 -60317.6 -60068 -59875.6 -59667.7 -59445.3 -59238.3 -59144 -58993.5 -58938.4 -58901.3 -58855 -58782.5 -58721 -58670.3 -58591.5 -58539.7 -58486.5 -58421.6 -58396.9 -58334 -58226.4 -58347.4 -58741.1 -58734.4 -58697.2 -58731.4 -58818.6 -58623.5 -58687.9 -58744.7 -58285.8 -57886.8 -57798.8 -57716.5 -57431.8 -57012 -56787.8 -56464.2 -56363.6 -56225.1 -56171.2 -56223.8
-59245.7 -58546 -58112.6 -57806.2 -57959.2 -57832.6 -57475.9 -57445.2 -57705.9 -57954.4 -58344.2 -58782.2 -59091.3 -59497.5 -59803.9 -60087.5 -60244.6 -60571.3 -60744.6 -60456.6 -60268.4 -60153.7 -59964.7 -59861 -59660.3 -59466.2 -59257.5 -59222.7 -59041.3 -58998 -58943.7 -58860.9 -58760.2 -58673 -58597.7 -58509.1 -58422.6 -58345.9 -58240 -58185.7 -58095.9 -57940.5 -58148.2 -58924.3 -58838.8 -58755.4 -58677.1 -58823.5 -58683.7 -58661.2 -58660.1 -57954.6 -57505.2 -57491.6 -57454.1 -57206.1 -56780.8 -56577 -56302.5 -56185.2 -56077.5 -56046.2 -56097.8
-58877.1 -58389.7 -58155.3 -57868.4 -57648 -57505.1 -57457.4 -57491.4 -57742.7 -57996 -58385.7 -58842.2 -59109.6 -59559.4 -59837.6 -60101.8 -60277.1 -60702.2 -60750.6 -60309.3 -60091.2 -59989.6 -59942.4 -59840.5 -59647.3 -59469.8 -59274.1 -59300.3 -59089.1 -59057.7 -58963.7 -58861.1 -58751.5 -58638.9 -58524.9 -58426.7 -58305.5 -58181.7 -58049.9 -57951.9 -57852.5 -57664.2 -57956.7 -59107.5 -58943.3 -58750.5 -58604.1 -58734.1 -58758.6 -58655.2 -58574.5 -57611.9 -57156.5 -57207.2 -57214.3 -56992.7 -56557.4 -56366.7 -56141.2 -56011.2 -55932.8 -55923.4 -55975.7
-58738.1 -58283.8 -58097 -57807.6 -57534.9 -57410.7 -57424.3 -57498.7 -57854.3 -58140.1 -58439.9 -58995 -59132.1 -59560.7 -59813.2 -60063.6 -60169.5 -60565.6 -60476.2 -60123.4 -59958.4 -59826.8 -59782 -59770.8 -59602.4 -59375.1 -59255.2 -59269.8 -59142.6 -59125 -58996.3 -58861.1 -58716.9 -58564.1 -58414 -58286.8 -58142.7 -58022.3 -57817.7 -57745 -57667.3 -57500 -57874.5 -58983.3 -58732.5 -58566 -58347.5 -58457.7 -58418.2 -58301.6 -58276.2 -57341.3 -56811.1 -56901.9 -56923.9 -56823.2 -56477.5 -56308 -56134.4 -56023.7 -55968.1 -55978.1 -56036.9
-58650 -58264.7 -58009.4 -57722.8 -57464.8 -57370.2 -57382 -57503.6 -57986.5 -58306.7 -58500.5 -59216.5 -59156.5 -59559.8 -59788.6 -59999.9 -60009.1 -60224.9 -60142.9 -59942.3 -59834.5 -59701.2 -59604.3 -59637.4 -59540.9 -59257.8 -59226.5 -59214.6 -59188.7 -59195.5 -59042.2 -58874.3 -58681.2 -58478.6 -58293.4 -58132.6 -57968.4 -57843.1 -57621.4 -57535.8 -57496.2 -57421 -57846.8 -58780.2 -58449 -58288.2 -58080.6 -58110.4 -57973 -57854 -57926.8 -57167.4 -56514.8 -56560.2 -56632.5 -56655.5 -56435 -56288.6 -56170.7 -56079.8 -56047.7 -56078.6 -56139.7
-58553.4 -58272.7 -57973.7 -57636.7 -57393.4 -57324.8 -57360.2 -57633.3 -58137.6 -58454.4 -58610.1 -59438.2 -59181.1 -59559.4 -59759.2 -59862.1 -59819.5 -59864.8 -59807.4 -59760.3 -59709.6 -59574.5 -59434.1 -59442.3 -59458 -59173.4 -59168.4 -59155.2 -59234.8 -59255.7 -59087.5 -58899.6 -58678 -58423.8 -58185.7 -57980.7 -57794.1 -57662.1 -57464.7 -57294.4 -57301.9 -57342.4 -57819.5 -58572.3 -58173.7 -57986.4 -57830.3 -57752.1 -57561.3 -57407.8 -57531.4 -56994.1 -56218.4 -56247.3 -56392.9 -56399.4 -56317 -56254.6 -56203.2 -56139.4 -56138.7 -56186.3 -56235.9
-58954.8 -58714 -57926.1 -57463.4 -57289.7 -57289 -57419.7 -57744.7 -58166.1 -58501.1 -58703.6 -59467.6 -59292 -59580.4 -59758.8 -60006.1 -59764.8 -59775.8 -59696.1 -59661.7 -59576 -59425.5 -59359.6 -59399 -59381.4 -59145.3 -59205.7 -59486.9 -59398.9 -59258.3 -58980 -58993.3 -58743.4 -58408.9 -58093.5 -57826.4 -57593.8 -57480.5 -57293.7 -57175.9 -57090.7 -57150.9 -57438.6 -57938.1 -57896.4 -57713.1 -57549.7 -57342.3 -57097.7 -57308.4 -56693.9 -56402.2 -56000.5 -56254.3 -56346.7 -56357.9 -56334.2 -56311.5 -56302.2 -56277.8 -56295.9 -56339.8 -56400.3
-59447.6 -58797.3 -57685.8 -57309.5 -57185.4 -57239.2 -57431.1 -57813.3 -58182.8 -58535.2 -58877 -59412.4 -59431.3 -59608.9 -59764.8 -60023.9 -59792.7 -59717.4 -59601.5 -59577.4 -59444.3 -59276.1 -59304.5 -59354.3 -59330.4 -59210.5 -59269.5 -59884.8 -59580.8 -59252.8 -58889.2 -59087.6 -58757.1 -58362 -57971.5 -57665.6 -57390.8 -57299.2 -57139.4 -57002.5 -56902.4 -56945.3 -56956.6 -57246.5 -57550.5 -57459 -57223 -56838.9 -57140 -57068.5 -55702.7 -55754.3 -55800.8 -56303.5 -56329.5 -56389.3 -56394.2 -56404.1 -56423.5 -56429 -56464.3 -56501.3 -56574.9
-59866.1 -58739.7 -57449.5 -57175.9 -57093.7 -57201.4 -57443.5 -57817.2 -58229.4 -58587.9 -59061.3 -59378.8 -59577.1 -59650.1 -59704.4 -59934.4 -59937.7 -59677.6 -59521.1 -59507.2 -59326.7 -59201.7 -59305.4 -59285.7 -59288.9 -59260.3 -59314.1 -60218.6 -59660.9 -59149.9 -58988 -59146.5 -58736.7 -58298.8 -57841.5 -57522.8 -57246.3 -57175.8 -57083.5 -56795.1 -56720.1 -56755.7 -56516.4 -56676.4 -57184.3 -57199.1 -56827.7 -56312.6 -56885.2 -56835.2 -54769.8 -55309 -55790.1 -56275.5 -56322.9 -56432 -56453.4 -56490.7 -56531.9 -56571.9 -56613 -56651.7 -56737.1
-59276.8 -58132.7 -57383 -57243.9 -57135.4 -57297.3 -57484.9 -58000.9 -58434 -58809.4 -59302.8 -59589.9 -59795.5 -59845.4 -59729.9 -59966.1 -59791.7 -59751.5 -59616.3 -59582.8 -59434.2 -59298.8 -59549.9 -59279.2 -59220.7 -59091.7 -59192.5 -59804.2 -59435.8 -59049 -59001.7 -59004.7 -58510.2 -58088.5 -57671.2 -57625.8 -57667.6 -57607.5 -57536.2 -56649.2 -56574.9 -56637.5 -56535 -56555.7 -56616.5 -56997.9 -56631.2 -55922.1 -56635.3 -56240.3 -55022.4 -55531.7 -55866.9 -56155.7 -56279.7 -56403.1 -56447.3 -56410.8 -56457.6 -56559.9 -56645.6 -56619.8 -56814.2
-58655.7 -57951 -57489.1 -57316.8 -57189.5 -57402.5 -57558.8 -58216.8 -58634.3 -59113.3 -59494.4 -59799.6 -60016.4 -60044.5 -59765.7 -59898.7 -59865.2 -59837.8 -59730 -59669.8 -59551.9 -59407.4 -59715.4 -59254.8 -59144.7 -58933.8 -59087.3 -59377.6 -59200.4 -58951.4 -58933.2 -58862.9 -58319.3 -57876 -57509.9 -57730.2 -58119 -57976.7 -58007.7 -56877.1 -56429.1 -56544.2 -56546.5 -56432.3 -56046.4 -56798.1 -56305 -55585 -55584 -55508.3 -55279.4 -55758.1 -55930.3 -56065.7 -56247.6 -56372.8 -56434.5 -56304 -56380.2 -56533.7 -56653.7 -56634.4 -56911.9
-58393.4 -57959.7 -57671.4 -57499.7 -57397.8 -57631.9 -57880.8 -58438.4 -58870.7 -59400.5 -59715.9 -59994.9 -60201.4 -60183.2 -59860 -59888.2 -59995.3 -59970.4 -59856.5 -59811.9 -59688 -59493.6 -59684.2 -59152 -59004.4 -58771 -58914.5 -58931.8 -58911.7 -58805.5 -58718 -58641.5 -58134.2 -57722.5 -57418.8 -57728.8 -58122.7 -57884.7 -57941.5 -56822.2 -56430 -56518.8 -56481.9 -56195.1 -55904.1 -56449.4 -55990.2 -55376.8 -54976.9 -55014.4 -55413.5 -55799.6 -55843.3 -56011.2 -56192.5 -56271.5 -56301.1 -56145.5 -56279.7 -56470.5 -56594.1 -56629.9 -56933
-58633.4 -58228.3 -57961.7 -57902 -57822.6 -58017.8 -58361.9 -58722.8 -59155.8 -59669 -59980.2 -60187.5 -60352.8 -60277.1 -60069.9 -60052.3 -60187.8 -60133 -60091.3 -60023.5 -59851.6 -59618.9 -59564.3 -59006.4 -58771.6 -58542.7 -58467.2 -58435.7 -58400.3 -58384.4 -58384.6 -58304.2 -57975.1 -57701.5 -57444.4 -57507.6 -57538.1 -57185.7 -57153.3 -56376.7 -56546.5 -56460 -56319.4 -56003.4 -55857.4 -55901 -55693.7 -55329.3 -55035 -55107.8 -55400.4 -55711.4 -55820.6 -55954.9 -56089.8 -56066.1 -56029.3 -56002.4 -56151.8 -56354.4 -56750.4 -56541.7 -56819.8
-58901.8 -58509.9 -58255.3 -58312.8 -58259.7 -58414.1 -58787.8 -59102.4 -59379.7 -59958.6 -60252.9 -60394.5 -60509.2 -60370.6 -60305 -60223.9 -60354 -60283.7 -60329.5 -60237.5 -60020.6 -59781.1 -59381.3 -58923 -58560.3 -58290.6 -57998.1 -57926.6 -57875.7 -57933.3 -58008.6 -57994.7 -57868.6 -57698.6 -57474.3 -57284.4 -56917.5 -56432.9 -56412.8 -56585.5 -56605.5 -56391.8 -56156.6 -55827.1 -55597.9 -55360.2 -55175.1 -55148.8 -55107.3 -55209.9 -55390.8 -55640.2 -55796.7 -55892.9 -55899 -55830.7 -55779.2 -55851.8 -56017.1 -56326.5 -56993.1 -56496.4 -56653.6
-59351.4 -59005.1 -58735.5 -58810.2 -58777.2 -58862 -59216.9 -59479.6 -59935.9 -60451.6 -60675.5 -60853.9 -61184.4 -61215.3 -61109 -60394.5 -60487.3 -60381.1 -60430.5 -60305.9 -60064.2 -59706 -59223.3 -58695.4 -58295.7 -57883.3 -57542.8 -57436.9 -57401.6 -57487.9 -57620.4 -57743 -57680.5 -57550.7 -57402 -57221 -56916.7 -56594.7 -56500.7 -56553.6 -56554.2 -56346.3 -56051.3 -56263 -55747 -55292.5 -55183.7 -55188.9 -55217.2 -55373.2 -55497.4 -55616.1 -55691.1 -55637.3 -55661.9 -55564.3 -55506.1 -55592.4 -55782.8 -56141.2 -56585.4 -56514.1 -56594.2
-59845.5 -59479.1 -59311.4 -59305.5 -59312.7 -59327.6 -59651.8 -59965.6 -60480.4 -60901.3 -61116.5 -61353.9 -61885.9 -62149.6 -61975.1 -61110.9 -60592.8 -60500.2 -60476.3 -60341.8 -60079.1 -59598.8 -59042 -58446.2 -57903.2 -57427.2 -57109.4 -56942.5 -56931.9 -57044.4 -57224.5 -57419.5 -57473.8 -57436.4 -57347.6 -57226.7 -56994.3 -56857.8 -56740 -56635.4 -56539.6 -56301.2 -55957.4 -56763.4 -55984 -55307.9 -55293.8 -55309.3 -55414 -55551.3 -55625.4 -55606.9 -55588.4 -55401.2 -55367.7 -55283.1 -55246.7 -55316.9 -55542.2 -55912.7 -56189.2 -56495.4 -56404.5
-60265.9 -59909.4 -59766.2 -59704.9 -59659.3 -59676.6 -59969 -60344.8 -60874.5 -61267.9 -61489.5 -61745.6 -62219.8 -62578.4 -62385.4 -61792 -61188 -60564.1 -60530.3 -60330.7 -60029.5 -59479.6 -59076.4 -58204.2 -57656.7 -57162.2 -56852.6 -56629.5 -56637.9 -56779.6 -56996.4 -57207.3 -57345.9 -57389.8 -57358.7 -57294 -57181 -57065.1 -56967.1 -56758.9 -56574.3 -56385.3 -56043.9 -56875.8 -56001.9 -55530.8 -55526.1 -55564.8 -55692.1 -55806.3 -55806.4 -55677 -55557.8 -55287 -55193.4 -55095.9 -55054.1 -55163.2 -55405.7 -55717.7 -56217.9 -56445 -56317.2
-60597.9 -60336.7 -60093.5 -59955.1 -59799.9 -59899.1 -60201 -60653.3 -61099.1 -61545.2 -61844.3 -62005.3 -62185.7 -62536.4 -62365.5 -62468 -61750.8 -60645.2 -60527.8 -60240.7 -59948.4 -59381.5 -59397.6 -58126 -57579.8 -57107.4 -56771.2 -56520.6 -56534.4 -56688 -56929 -57155.5 -57343.3 -57443.6 -57465.8 -57424.7 -57334.5 -57232.9 -57155.5 -56837.9 -56763.7 -56620.3 -56341.4 -56600 -56050.1 -55911.3 -55863 -55929.7 -56042.7 -56092.8 -56004.8 -55863.3 -55619.6 -55372.7 -55162.6 -54992.2 -55025.5 -55154.9 -55395.2 -55767.2 -56269.6 -56418 -56374.5
-60923.3 -60727.8 -60457.6 -60159.6 -60091.2 -60257.9 -60643.8 -61095.3 -61312 -61863.4 -62182.1 -62287.8 -62216.8 -62557.8 -62699.5 -63270.4 -61844.5 -60742.2 -60529 -60172.8 -59893.6 -59459.7 -59485.5 -58333.9 -57550 -57188.6 -56779.6 -56529.6 -56540.2 -56702 -56938.7 -57173.8 -57391.7 -57523.4 -57582.2 -57562.8 -57500.5 -57407.7 -57273.7 -56973.4 -56980.5 -56860.7 -56638.5 -56436.9 -56309.6 -56266.7 -56242.4 -56319.3 -56413.8 -56409 -56257.6 -56089.4 -55737 -55456.9 -55148.9 -54953.8 -55058.7 -55208.8 -55449.2 -55877.4 -56304.1 -56494.6 -56418.2
-61099.1 -60812 -60575.7 -60196.4 -61080.7 -61210.9 -61474.5 -61652.4 -61796.8 -62457.5 -62509.6 -62648.1 -62599.5 -62792.7 -62564.8 -62734.9 -62255.1 -60922.7 -60606 -60227.9 -59884.6 -59416.8 -59270.6 -58737.9 -58217.4 -57830.3 -57062.2 -56961.6 -56956.5 -57060.2 -57233.3 -57370.3 -57545 -57660.4 -57711.5 -57711.2 -57661.7 -57525.7 -57505.7 -57301 -57151.2 -57083 -56891.9 -56724.4 -56674.8 -56711.5 -56667.7 -56745.8 -56858.2 -56840.4 -56743.2 -56459 -56085.5 -55746.6 -55428 -55227.8 -55293.6 -55486 -55731.5 -56228.4 -56556.1 -56633.1 -56418.6
-61227.6 -60937.6 -60685.4 -60230.2 -62049.7 -62137.7 -62383.6 -62334 -62288.8 -62962.8 -62934.3 -62985.4 -62968.6 -63031.2 -62730.7 -62277 -61758.4 -61243.9 -60722.6 -60291.1 -59881.9 -59522.3 -58969.2 -58644.8 -58767.7 -58521.2 -57474.2 -57434.1 -57415.7 -57453.8 -57595.1 -57651.8 -57740.7 -57816.4 -57847.8 -57860.7 -57815.9 -57722.8 -57537.9 -57599.9 -57427.2 -57285.9 -57141.5 -57020.3 -57066.9 -57134.2 -57107.4 -57206.1 -57304.9 -57285.1 -57245.3 -56846.7 -56434.1 -56063 -55721.4 -55556.9 -55599.6 -55783.6 -56041.9 -56580.1 -56772.8 -56606.9 -56309.4
-61271.2 -61056.6 -60802 -60470.9 -61405.7 -61489.9 -61709 -61665.9 -62211.7 -62908.9 -62989.7 -63246.5 -63328.7 -63228.2 -62738.6 -62238.9 -61760.8 -61274.1 -60803.9 -60414.4 -60003 -59661.7 -59333 -58859.2 -59003.3 -58596.3 -57884.1 -57874.8 -57847.4 -57808.5 -57889.4 -57871.9 -57921.9 -57988.1 -57996 -57994.5 -57847.9 -57878.2 -57826.7 -57589.5 -57614.2 -57484 -57399.9 -57328.1 -57314.3 -57441.2 -57478.1 -57553.7 -57691.7 -57679.8 -57637.2 -57295.8 -56989.8 -56664.6 -56323.4 -56168.3 -56189.4 -56369.3 -56516.2 -56793.9 -56855 -56403.7 -56015.9
-61366.8 -61163 -60910.7 -60695.8 -60707.3 -60788.9 -60991.3 -61386.3 -62144.8 -62768.7 -63119.7 -63478.9 -63638.5 -63331.6 -62691 -62188.8 -61712.6 -61272.2 -60863.7 -60545.3 -60141.8 -59853.9 -59648.8 -59307.4 -59014 -58701.1 -58410.9 -58317.8 -58277.9 -58183.3 -58188 -58137.5 -58114.4 -58154.4 -58140 -58126.6 -57898.3 -58096.4 -58022.8 -57718.3 -57694.7 -57680.1 -57664 -57634.3 -57599.8 -57656.2 -57796.2 -57952.7 -58073 -58104.3 -58051.9 -57783.1 -57570.3 -57285.7 -56978.3 -56821.2 -56818.9 -56985.1 -57013 -57052.8 -56951.8 -56446.9 -55827.4
-61420.1 -61207.4 -61025 -60888 -60857.9 -61007.3 -61232.8 -61709.2 -62267.6 -62698.3 -62924.2 -63122.9 -63080 -62975.5 -62193.9 -61747.2 -61378.9 -61051.7 -60752.2 -60630.5 -60580.2 -59926.2 -59797 -59453 -59176.1 -58939.5 -58978.4 -59033 -58454.1 -58385.9 -58366 -58429.2 -58348.9 -58310.8 -58311.6 -58329.8 -58120.7 -58319.8 -58258.3 -57799.3 -57917.1 -57905.8 -57956.4 -57928.6 -57978.3 -58064.7 -58402.6 -58439.3 -58600.6 -58664.6 -58612.8 -58382.3 -58180.2 -57860.1 -57623.6 -57372.9 -57133.8 -57414.9 -57502.3 -57414.2 -57248.5 -57015.3 -56749.7
-61447 -61304.9 -61170.7 -61137.8 -61195.3 -61420.5 -61672.1 -62000 -62280.6 -62480.8 -62568 -62558.3 -62312.3 -62474.7 -61579.5 -61261.3 -61039.2 -60866.5 -60648.5 -60741.8 -61082.7 -59969.9 -59885 -59650.4 -59377.1 -59289.4 -59614 -59775.6 -58566.1 -58538.8 -58597.7 -58688.4 -58555 -58425.1 -58519.3 -58570.6 -58365.3 -58556.9 -58395.3 -58087 -58115.8 -58191.5 -58284 -58242.7 -58360.4 -58611.9 -58927 -58949 -59156.9 -59283.2 -59221.7 -59003.1 -58794 -58485.8 -58212.2 -57723 -57248.4 -57887.5 -57964.7 -57783.4 -57587.9 -57333.6 -57507.1
-61341.4 -61275.3 -61318.9 -61343.2 -61508.9 -61762.8 -62000.8 -62184.6 -62226.9 -62284.4 -62193.8 -61924.2 -61789.1 -61422.3 -60851.4 -60644.1 -60510.4 -60498 -60449.9 -60654.5 -60798.1 -60085.3 -60008 -59668.1 -59765.8 -59258.5 -59463.2 -59460.2 -58940.1 -58677 -58665 -58753.9 -58794.3 -58710.1 -58823.1 -58905.8 -58780.4 -58827.9 -58549.4 -58465.1 -58514.7 -58677.1 -58613.2 -58581.4 -58750.6 -58952.6 -59209.8 -59778.8 -59542.8 -60176.1 -59571 -60240.2 -60063.6 -59595.9 -58595.7 -58164.1 -58011.6 -58368 -58234.1 -57999 -57706.2 -57423.2 -57669.6
