Code/Results/Ref_30/2160/MW_30_2160_140/2.9_30_2160_Te_map_shift_60km.grd
DSAA
145 165
-4320000.0 4320000.0
-4920000.0 4920000.0
1000.0000181831159 139999.9979163575
[rows 90 to 119 of 165, columns 68 to 135 of 145]
88422.8 89594.3 90293.2 87525.3 78803.7 68761.9 66585.9 69889 75081.6 79793.1 82856.3 83144.7 82877.7 82216 81705.5 80900.8 78080.1 67211.5 50211.5 36546.3 27111.2 24732.7 24283.2 24190.1 24472 24335.4 24022 23097.7 21959 20347.2 18960.9 17945.6 17735 18243.9 19171 20302.6 21237.6 21550.2 21142.3 19912 18071.1 16534.3 15432.2 14605.8 14330.1 14634.1 14866.3 14386.8 13623.3 12901 12097.2 11609.8 11238.4 10782.1 10395.6 10341.5 10727.3 10530 10803.4 11062.4 11149.4 11132.7 10974.6 10924.2 11374.6 11920.5 12048.5 11809.5
92023.7 92615.3 92924.8 90814.4 84747.8 76985.4 73429.3 75882.9 80121 83481.4 85452.2 84893 83760.9 82664 82108.3 81076.2 77299.1 63636.8 46256.9 32793.2 25158.5 23536.1 23528.5 23706 24185.8 24026.2 23467.7 22222.3 20903.8 19258.6 17879.7 16706.4 16376.5 16958.4 18270.5 19995.4 21287.2 21664.4 21147.4 19664 17615.4 15801.6 14439.5 13310.8 12883.6 13328 13778.4 13074 12206.9 11542.9 10641.7 10120 9691.36 9169.87 8578.07 8373.43 9208.99 9131.65 9533 9813.48 9825.61 9994.12 9864.4 9747.84 10279.2 11208.7 11629.3 11655.5
96107.6 95940.4 95580 93893.4 90177.5 86137.4 83762.3 84057.6 86092.5 87968.5 89005.1 87903.2 86290.2 85148.5 84662.1 83399.3 78648.4 60728.4 42552.9 30027.3 23993.1 22667.8 22776.7 23058.5 23583.6 23291.8 22605.8 21359.7 20081.3 18516.4 17242.6 16202.9 16005.7 16748.9 18335.4 20110.3 21288.9 21547.1 21014.3 19705.8 18023.1 16242.8 14688.3 13430.9 13094.9 13676.4 14146.8 13302.3 12192.6 11165.4 9675.56 8921.73 8698.76 8756.14 8034.91 7875.07 10446.7 9965.7 10787.9 11522.8 11596.5 11808.5 11493.8 11509.8 12969.1 14243.3 14607.5 14851.5
100618 99799.8 98738.8 97197.3 94870.1 92552 91067.4 90475.8 91083.5 91861.8 92219 90780.5 88872.2 87705 87074.4 85567.8 80432.6 58364.2 39655.3 28028.1 22601 21475 21815.8 22359.4 22897.3 22561 21770 20559.4 19274.3 17694.3 16343 15349.3 15237.2 15996.6 17190.9 18361.5 19378.2 19522.1 19001.3 17906.1 16659.7 15291.1 14210.6 13413.7 13336.1 13615.5 13855.2 13238.3 12272.2 11612.5 11089 11102.6 11091.4 10925.2 10950.1 11870.2 13115.6 12900.9 13159.7 13422.5 13481.3 13534.2 13422 13597 14376.4 15022.4 15126.3 14928.3
106579 105329 103737 101943 99937.8 97973.4 96407.4 95194 94816.9 94601.4 94200.8 92366.2 90192.1 88961.7 88303.2 86924.7 82512.9 60918.5 39871.3 28245.4 22743.8 21892.9 22639.7 23640.4 24460.4 24206.7 23347.5 21756.8 20038.3 18166.6 16520.5 15009.4 14357.5 14642 15371.9 16234.1 16932.2 17089.3 16829.3 15978.6 14719.4 13323.3 12122.8 11252.9 10979.4 10783.7 11025.3 10677 9734.15 9196.01 8431.31 8282.63 8215.48 8042.04 7751.94 7905.61 9155.11 8780.44 8873.79 8656.66 8298 8380.76 8419.05 8404.35 8952.41 9952.85 10481.4 10589.3
110094 108408 106425 104297 102072 99903 98056.2 96528.1 95813.5 95643.7 95535 94384 93101.1 92616.3 92498 91636 88310.3 66308.9 36237.5 24323.3 18443.2 17897.7 18788.5 20112.1 21268.4 21188.7 20263.9 18658.7 17006.7 15354.4 13539.9 11433.5 10648.5 10644.1 11074.5 12146.3 12938.9 13145.1 12751.1 12055.1 11153.2 10110.9 9101.58 8372.78 7911.63 7367.27 7494.13 7382.38 6270.82 6140.05 5834.57 6103.43 5966.88 6217.09 6357.23 6203.36 7475.94 6880.86 6820.93 6469.18 6204.86 6237.04 6210.96 6166.76 6335.05 7101.6 7895.5 8232.2
113483 111700 109607 107312 104990 102751 100847 99270.8 98480.8 98325.9 98292.4 97480.2 96554.9 96395.4 96579.6 96050.3 93448.4 80140.3 35752.6 22343.2 13988.7 12750 13144 13674.2 14267.7 15580.8 16325.3 15644.9 14503.8 13207.9 11530.2 9437.97 8730.22 8606.29 8716.25 9398.56 9929.53 10006.2 9672.21 9266.47 8759.4 8027.26 7292.58 6640.59 6085.76 5863.37 5598.64 5455.2 4892.43 5192.93 5135.64 5175.76 5083.71 5454.19 5814.65 5596.92 6483.47 5690.11 5688.89 5443.8 5272.88 5218.79 5125.25 5184.73 5214.14 5649.67 6400.92 6832.01
115409 113593 111503 109127 106691 104318 102232 100487 99602.3 99433.9 99520.5 99100.8 98755.3 99054.7 99691.1 99760.8 98095.8 89164.2 38204.6 22839.1 10867.6 9394.02 9691.3 9808.85 9730.59 10342.2 12367.2 13317.5 12733.7 11517.7 9749.64 7666.16 7087.13 7050.04 7130.73 7590.89 7989.73 8102.18 7939.73 7648.32 7244.45 6679.77 6247.66 5693.31 5072.37 4787.41 4518.09 4282.53 4327.01 4514.82 4514.59 4549.6 4539.25 4822.54 5231.88 5136.95 5817.62 5552.64 5627.82 5320.78 5123.4 5045.19 4947.52 5056.66 5089.29 5441.9 6094.87 6476.57
116780 115008 113004 110645 108175 105701 103444 101521 100411 100108 100368 100278 100376 101058 102123 102731 101746 94522.7 42604.8 24752.8 11274.2 8549.72 8503.29 8551.61 8667.19 9641.7 13560 14216 13056.4 11456.9 9168.55 6588.37 6112.21 5997.2 5914.3 6355.15 6779.08 6946.26 6850.55 6639.88 6348.52 5856.68 5549.88 5087.14 4688.67 4451.43 4214.54 3980.89 3935.13 4083.12 4143.7 4192.57 4236.67 4451.1 4680.79 4701.34 5193.82 5325.56 5541.7 5318.53 5182.22 5097.09 4949.2 5058.74 5131.59 5425.35 5977.5 6321.86
116634 114904 112990 110649 108137 105554 103120 101028 99743.2 99421.2 99886.8 100201 100809 102044 103680 104942 104664 98539.9 56042.1 25966.3 15777 11154.2 10406.8 10518.7 11791.1 17969.6 19054 17354.9 15236 13211.8 10531.4 6401.01 5760.66 5539.26 5371.91 5837.34 6377.96 6884.2 6847.77 6513.75 6197.73 5704.77 5287.47 4815.13 4434.55 4146.6 3854.16 3674.76 3643.73 3756.17 3867.45 3950.61 3985.42 4144.88 4301.88 4391.3 4805.1 5173.09 5518.7 5510.02 5338.38 5203.56 5013.74 5104.47 5265.45 5605.8 6218.29 6634.46
114949 113270 111444 109106 106497 103767 101099 98791.7 97364.5 97106.4 97551.6 98058.3 98972.6 100587 102716 104550 104806 99097.2 71572.3 26913.7 17988.1 13334.6 11809.8 12002.7 15991.3 20625.1 20670.7 18934.8 16698.3 14343 10974.8 5036.93 4505.65 4238.16 4080.59 4342.46 4684.53 5095.12 5283.29 5024.82 4891.08 4551.5 4332.37 4052.94 3942.79 3903.09 3605.14 3483.68 3434.91 3529.56 3717.64 3846.37 3872.55 4038.47 4162.92 4302.46 4752.62 5048.13 5454.97 5484.75 5213.52 5056.06 4911.41 5020.77 5249.32 5647.22 6263.52 6597.05
111185 109597 107906 105588 102908 100032 97162 94670.1 93077.6 92837.4 93793.5 95382.8 97320.5 99713.1 102539 105119 106118 101194 77802 26219.5 17723.1 13567.5 12054.6 11984.9 14688.1 19315.5 19648.1 18118.8 16075.1 13918.1 10836 5298.41 4696.81 4383.88 4214.49 4143.08 4293.84 4725.55 5000.06 4786.52 4605.7 4252.67 4091.24 3913.65 3786.73 3638.73 3417.17 3326.08 3252.26 3308.12 3495.46 3632.74 3669.98 3789.01 3861.97 3979.58 4340.23 4509.17 4856.79 4854.29 4657.68 4491.34 4343.36 4437.34 4610.31 4944.13 5409.59 5604.74
106870 105416 103894 101662 98965.6 96010.5 93049.8 90498.6 88871.9 88664.5 89918.4 92154.8 94779.9 97780.1 101163 104373 106017 101621 80057.9 26159.8 18054.7 14196.7 12360.8 11960.3 14451.7 19139.6 19323.4 17560.2 15343.3 13225 10258.9 5089.06 4541.77 4248.28 4163.71 4031.66 4049.87 4473.39 4756.86 4609.62 4447.45 4097.52 3984.77 3867.61 3680.17 3543 3414.83 3327.59 3224.73 3251.39 3443.78 3583.58 3635.61 3729.58 3811.61 3927.85 4290.23 4393.98 4717.89 4738.36 4553.42 4348.48 4182.7 4244.33 4388.64 4730.61 5165.56 5284.86
103028 101728 100358 98236.8 95547.8 92552.7 89547.7 86968.9 85359.6 85130.8 86306.2 88539.8 91316.8 94521.3 98226.3 101940 104103 99937.2 78550 26563.2 18694.6 15436.6 13481.9 12778.9 16163.7 19975.3 19732.2 17482.9 14899.5 12774.1 9762.25 4953.13 4387.88 4067.28 4011.32 3922.51 3846.41 4174.31 4484.59 4406.38 4226.91 3872.8 3784.69 3713.44 3456.74 3328.51 3263.02 3168.37 3060.21 3076.01 3258.54 3418.36 3515.48 3580.31 3650.49 3779.86 4095.8 4194.45 4513.56 4555.48 4406.31 4197.74 3978.69 3999.59 4163.51 4494.71 4874.72 4975
100172 98984.5 97668.9 95582.3 92870.3 89813.2 86732.4 84073.7 82408.8 82003.6 82811.9 84567.6 86919.8 89838.5 93572.2 97625.2 100204 95927.2 73443.1 27277.4 19248.1 16441.9 14699.7 13981.7 17318.8 20582.6 20326.7 17898.5 15136.2 13037.7 10011.6 4989.11 4396.28 4019.19 3969.39 3894.86 3777.98 4029.69 4338.9 4311.6 4126.2 3767.76 3665.28 3606.19 3368.49 3256.57 3168.36 3065.31 2948.62 2961.91 3117.76 3224.72 3340.8 3411.61 3466.39 3599.54 3891.52 3948.6 4250.53 4295.03 4232.55 4029.04 3800.5 3840.65 4025.09 4316.7 4675.88 4787.85
97283.6 96222.7 94941.5 92860.6 90136.1 87030.9 83878.2 81124.9 79363.7 78718.1 79099.5 80240.5 81884 84119.2 87425.1 91473.1 94345.4 89865.8 67186.1 28234.7 19382.3 16526.6 14819.8 13887 15894.3 19839.6 20187.4 18085.3 15603.1 13738.7 10962.9 5064.09 4471.75 4110.76 4069.13 3948.89 3800.56 3986.53 4339.26 4347.96 4126.25 3761.96 3667.15 3539.04 3358.74 3271.67 3125.64 2967.7 2873.34 2902.96 3041.24 3143.71 3262.99 3319.88 3392.34 3490.9 3799.95 3833.88 4068.46 4146.78 4091.28 3874.88 3647.53 3639.26 3860.59 4121.87 4498.83 4652.11
94043.4 93123.2 91888.4 89855.9 87197.1 84144.4 81022.7 78263 76453.9 75630.7 75690.8 76338.7 77355 78849.8 81417.4 85020.1 88031.9 83775.5 62944.5 29579.7 19295.8 15879 14093.2 12974.9 13587.7 17421.5 19251.7 17971.9 16054.9 14456.4 11869.7 5265.52 4479.03 4107.46 4117.95 3962.6 3793.45 3957.89 4294.74 4313.13 4095.88 3727.23 3614.07 3460.39 3370.28 3300.19 3103.91 2939.34 2846.42 2885.21 3026.8 3106.03 3201.88 3247.56 3347.49 3441.11 3716.26 3752.92 4007.47 4126.28 4060.62 3832.9 3583.39 3558.3 3803.85 4135.23 4560.22 4679.87
90828.6 90001.2 88765.5 86763.8 84177.6 81210.3 78167.4 75452 73624.5 72673.7 72499.9 72783.5 73310.2 74196.6 76025.1 79031.7 82037 78482.5 60298.7 31020.3 19152.4 14845.3 13025.6 11873.2 11824 13752.5 17929 17746.8 16413.9 15025.4 12501.9 5587.83 4726.32 4257.86 4188.3 4061.02 3841.44 3899.53 4284.91 4398.4 4157.85 3734.74 3541.72 3404.05 3350.65 3293.2 3049.69 2842.25 2726.6 2764.42 2907 2956.67 3039.45 3116.06 3213.34 3344.58 3677.96 3820.16 4068.22 4191.28 4158.77 3878.43 3569.18 3564.72 3870.46 4249.27 4651.16 4840.43
87573.4 86777.8 85537.5 83573.9 81069.3 78209.4 75277.6 72635.7 70804.6 69746.7 69377.6 69358.2 69482 69854.6 71022.8 73364 76178.5 73448.8 57865.1 32189.8 19476.9 14146.5 12214.4 11198.3 11084.2 12579.2 17815.7 18099.8 16860.7 15469.8 12933.5 5786.4 4922.96 4506.97 4409.1 4293.5 4069.95 4003.31 4274.55 4352.53 4223.08 3813.15 3521.75 3376.56 3336.75 3285.09 3072.3 2855.91 2769.42 2837.99 2965.8 2998.35 3050.91 3092.54 3180.7 3304.95 3594.08 3690.14 3941.7 4013.18 3960.78 3721.94 3432.31 3427.53 3692.56 4084.39 4570.89 4739.97
82222.1 81456.9 80248.7 78414.5 76083.4 73460.4 70812.8 68433.6 66739.9 65649.9 65077.7 64718.5 64391.9 64150.6 64463.9 65838.4 68035.9 66242.6 53393.9 32193.7 20058 14272.7 12302.8 11447.7 11490.7 13839.8 18899.4 19003.6 17747.8 16450.3 14197.9 6022.47 5072.26 4593.3 4399.31 4310.3 4084.04 3885.91 4131.85 4273.46 4161.13 3628.6 3344.73 3230.26 3157.47 3129.53 2897.8 2680.99 2611.51 2659.1 2747.27 2724.23 2755.89 2805.37 2880.21 2983.22 3240.13 3395.97 3683.79 3724.62 3685.62 3395.24 3075.94 3070.37 3470.13 4063.28 4711.09 4939.25
72724.4 71980.3 70984.6 69472.7 67624.9 65598.1 63528.6 61599.7 60077.1 58862.5 57838.3 56770.2 55551 54070.4 52849.7 52379.7 53157.6 52413.5 43019.4 29180.9 20010.1 14822.4 13054.3 12397.5 12787 16541.9 19914.5 19764.2 18461.8 17105 15074.3 6464.66 5341.02 4883.7 4541.11 4458.17 4231.91 3936.82 4179.62 4233.57 4063.42 3608.52 3365.81 3232.8 3174.71 3159.06 2943.01 2749.47 2641.73 2632.5 2706.85 2640.88 2653.38 2698.01 2767.43 2905.72 3192.18 3339.75 3640.88 3665.75 3642.11 3370.07 3082.43 3078.44 3549.21 4186.62 4845.19 5123.16
65532.7 64767.3 64053.3 62918.7 61608.2 60173.6 58536.5 56766.4 55061.6 53335.3 51389.6 48944.7 45930.5 42090.4 38362.5 35215.9 33461.5 32820.3 29510.4 24287.4 19390.4 15521 13903.3 13497.7 14511.6 18774.9 20863.7 20465.5 19067.7 17647.6 15759.7 7547.63 5782.04 5227.59 4742.21 4631.76 4366.21 4009.6 4256.44 4207.56 3939.59 3533.29 3319.88 3163.96 3104.19 3107.9 2903.53 2705.33 2601.31 2612.89 2666.28 2556.66 2609.67 2664.99 2695.95 2848.46 3108.28 3237.28 3501.96 3540.52 3495.86 3276.65 3022.82 3067.01 3534.99 4260.07 5064.72 5341.44
65588.4 64847.9 64251 63240.1 62059.4 60764.2 59093 57070.6 54880.2 52469.7 49513.9 45590.4 40412.1 33884.8 28094.3 23617.5 21089.2 20715.2 20849.2 20132.4 18231.1 15669.2 14078.9 13914.6 15674.3 19802.9 21191.1 20517.5 18971.9 17489.8 15732.8 10568.8 6934.13 6214 5440.99 5122.48 4734.23 4322.09 4590.75 4369.23 4007.11 3608.34 3387.77 3209.23 3159.35 3141.71 2930.28 2762.24 2654.23 2635.07 2644.18 2578.97 2657.11 2679.06 2579.8 2727.76 2957.98 3054.6 3307.84 3294.38 3279 3068.73 2881.21 2958.55 3430.44 4195.2 5030.97 5413.76
68449.6 67820.8 67344.3 66454.1 65254.4 63909.4 62088.7 59833 57395.6 54605.7 51106.2 46468.8 40101.8 31534.9 24114.4 18816.1 15204.9 14800.8 16498 17353.9 16983.3 15804.1 14691 14898.3 17963.3 21339 21894.8 20740.5 18901.6 17358.8 15882.4 13417.6 8186.26 7286.32 6222.36 5579.05 5012.39 4532.33 4747.42 4392.14 3999.03 3644.13 3433.86 3244.53 3160.73 3132.99 2964.07 2799.48 2670.47 2612.99 2635.72 2606.25 2613.61 2653.37 2637.54 2614.16 2808.98 2902.88 3169.6 3114.74 3148.44 2884.28 2713.73 2789.85 3244.38 4011.82 4911.78 5421.01
70767 70286.6 70015.5 69325.4 68087.5 66742 64888.6 62538.3 59955.4 56959.5 53241.4 48423.3 41688.5 31587 22529.1 16696.2 12187.7 11514.4 13898.5 15841.6 16438.3 16357.5 16256.1 17501.8 21842 23670.4 23514.1 21911.8 19811.1 18189.3 16852.4 14794.9 8742.82 7857.64 6729.84 5857.2 5130.51 4553.91 4735.95 4301.31 3908.23 3557.7 3321.4 3144.89 3094.03 3091.62 2941.17 2773.63 2631.26 2598.62 2650.5 2608.07 2595.41 2635.82 2585.21 2657.42 2821.58 2870.3 3131.29 3024.2 3082.08 2882.65 2560.26 2581.68 3050.29 3858.03 5351.62 6316.74
72500.4 72212.2 72172.4 71678.9 70440.8 69102.7 67202.6 64711.8 61953.7 58721.5 54802 49908.3 43103.9 32168.3 21281.4 14459.4 9339.2 8650.68 10735.2 13847.2 15306.3 16001.4 16684.1 19474.2 24121.7 25079.2 24570 22744.3 20529.6 18955.4 17790 15898.9 8189.58 7484.82 6476.08 5701.1 4977.45 4376.86 4524.5 4123.3 3747.08 3445.76 3240.21 3099.07 3084.83 3094.48 2929.13 2766.4 2600.73 2603.99 2655.35 2588.02 2548.68 2568.49 2507.21 2572.34 2761.41 2809.82 3077.99 2932.56 2994.88 2836.34 2536.26 2698.84 3127.41 4013.4 5249.88 6024.55
73912.8 73772.9 74008.4 73732.2 72581.1 71196.4 69113.4 66328.5 63262.9 59704.6 55567.5 50496.5 43550.4 32120.8 19741.2 11587.9 7580.85 6863.17 7967.04 10755.9 12883.3 13847.6 14320.5 15814.9 22725.6 24314.5 23964.2 22177.6 19996.9 18590.7 17677.1 15963.4 7583.08 6891.9 5897.99 5276.59 4628.57 4042.31 4170.15 3859.46 3487.12 3241.39 3088.5 2987.92 2971.77 2997.88 2930.25 2831.35 2711.47 2701.28 2728.04 2641.98 2589.34 2598.08 2543.68 2594.13 2752.62 2861.28 3081.73 2933.66 2962.05 2754.77 2495.67 2600.14 3003.36 3634.04 4506.32 5141.2
75351 75398.3 75884.1 75782.3 74606 73005.1 70533 67255.8 63705.4 59708.2 55140.3 49628.1 42020.5 29750.6 17813.1 9595.19 6691.69 6016.59 6649.71 8515.49 10509.2 11542.8 12220.8 13412.6 17527.2 21350 21671.6 20305 18629 17662.9 17095 16056.2 7580.83 6770.65 5658.29 5041.94 4409.44 3797.82 3952.39 3698.18 3362.64 3138.84 3009.79 2921.13 2905.86 2952.33 2892.57 2806.8 2692.82 2702.45 2731.84 2635.02 2572.65 2567.6 2485.5 2494.04 2619.52 2652.71 2863.29 2721.56 2774.73 2501.54 2184.5 2295.11 2759.36 3180.18 3917.65 4700.14
77464.8 77723.7 78385.2 78315.6 76919.7 74873.2 71771.9 67787.2 63622.4 59109.4 54070.6 47980.5 39270.4 26537.9 16546.5 8286.24 5948.17 5343.68 5806.36 7045.8 8910.86 9957.16 11016 12359.6 14811.1 18211.2 19147.5 18394.4 17284.9 16675.1 16338.3 15767.6 7700.65 6741.83 5657.26 5031.05 4413.33 3812.2 3983.08 3741.77 3422.81 3203.31 3086.1 2996.51 2984.7 3030.21 2976.29 2888.92 2754.59 2763.14 2784.64 2691.44 2640.84 2585.37 2463.83 2457.98 2567.77 2626.27 2823.49 2617.64 2672.25 2374.32 1979.16 2087.36 2575.02 2978.41 3568.25 4238.75
80755.3 81160.7 81878.7 81663 79818.4 77078.4 73085.2 68181.9 63251.7 58139.4 52560.7 45694.5 35124.4 23217.9 15858.7 7793.6 5458.59 4889.88 5317 6104.49 7865.85 9176.72 10492.6 11834 13585.5 15857.1 16981.5 16678.3 15933.2 15519.8 15218.9 14649.8 7991.61 6634.69 5573.19 5030.67 4444.75 3900.98 4057.88 3828.62 3522.8 3307.38 3199.94 3106.39 3107.58 3145.46 3089.51 2998.49 2908.29 2932.41 2938.65 2845.36 2807.53 2660.09 2509.16 2459.64 2549.9 2577.66 2804.23 2604.85 2622.46 2298.1 1748.4 1785.35 2271.35 2642.81 3174.57 3727.16
