Code/Results/Ref_30/2160/MW_30_2160_140/2.9_30_2160_Te_map_shift_60km.grd
DSAA
145 165
-4320000.0 4320000.0
-4920000.0 4920000.0
1000.0000181831159 139999.9979163575
[rows 60 to 89 of 165, columns 0 to 67 of 145]
1000 1000 1000 1000 1632.74 2492.51 3259.76 4182.13 5167.72 6107.6 6584.69 6618.01 6400.31 6597.15 7492.8 5897.68 5624.38 5702.93 5760.26 6059.55 6312.25 6369.42 6061.91 5958.91 5846.15 5894.65 5462.51 5261.58 5247.85 5181.01 5026.23 4691.8 4497.75 4516.71 5726 13035.9 29163.1 51529 89863.3 105681 109052 110919 113065 115160 117026 118942 120798 122704 124322 125151 125546 125559 124955 123686 121737 119061 117569 116642 115742 115948 116926 117594 118542 118777 119114 119917 120048 120196
1000 1000 1000 1000 1507.15 2367.6 3107.26 3930.24 4749.97 5675.75 6117.52 6106.88 5825.15 5726.83 6536.34 5111.65 4892.08 4871.85 4893.43 5021.11 5165.55 5140.72 4892.64 4846.88 4771.59 4794.31 4534.01 4427.58 4467.66 4334.54 4240.88 4074.89 4027.03 4076.43 4963.77 10821.2 26536.3 51046.9 87355.7 102392 105871 108011 110545 113064 115327 117611 119765 121929 123803 124944 125648 125956 125675 124778 123189 121156 120304 120087 119898 120838 122268 123274 124500 125087 125667 126698 127135 127516
1000 1000 1000 1000 1252.84 2166.3 3021.49 3906.88 4550.21 5178.79 5367.03 5291.33 5130.78 4914.41 5328.59 4551.24 4356.05 4276.65 4283.6 4345.38 4408.29 4370.27 4160.4 4138.69 4070.95 4056.84 3887.93 3802.26 3895.11 3739.87 3647.75 3549.04 3580.2 3692.67 4403.36 8583.81 23373.8 50027.1 81582.4 96539.6 100422 103032 106198 109456 112354 115187 117795 120350 122571 124075 125119 125737 125757 125185 123952 122452 122097 122471 122796 124188 125919 127104 128406 129128 129806 130867 131429 131882
1000 1000 1000 1000 1226.08 2049.02 2934.08 3627 4044.68 4432.24 4479.11 4394.7 4402.85 4277.53 4546.02 4073.75 3852.09 3769.2 3752.55 3781.69 3807.46 3799.98 3655.76 3625.74 3575.48 3548.22 3460.54 3386.15 3504.38 3371.61 3295.92 3228.05 3288.53 3416.8 3991.47 6904.09 20094.7 46718.9 72420.3 86987.6 91752.7 95237.3 99621.9 104106 108026 111710 114970 118043 120670 122570 123966 124908 125268 125032 124111 123004 123102 124004 124818 126560 128544 129874 131177 131975 132739 133781 134369 134844
1000 1000 1000 1000 1000 1747.97 2686.63 3297.66 3547.15 3817.44 3815.31 3731.35 3754.15 3622.9 3719.27 3439.44 3243.01 3185.35 3156.13 3188.16 3187.89 3181.8 3071.41 3029.93 3004.57 2955.24 2929.08 2865.86 2954.68 2882.28 2775.8 2682.65 2778.84 2925.73 3404.34 5571.57 17448.6 41311.4 63596.7 75625.2 80851.4 85292.1 91208.8 97523.9 102991 107766 111768 115372 118381 120639 122355 123603 124285 124349 123687 122930 123414 124777 126093 128196 130387 131721 132922 133700 134564 135643 136299 136734
1000 1000 1000 1000 1000 1863.01 2761.3 3237.73 3379.66 3563.81 3555.95 3498.76 3520.22 3411.56 3469.85 3254.15 3072.11 3031.22 3008.42 3032.86 3035.16 3020.05 2917.94 2856.62 2820.57 2770.2 2772.3 2725.45 2788.97 2746.68 2634.65 2548.36 2653.5 2784.25 3107.43 4962.52 14683.6 36250.6 56787.8 65996.6 70269.4 74301.4 80776.1 89514.7 97411.6 103709 108579 112750 116148 118763 120813 122427 123517 123885 123499 123080 123908 125570 127274 129638 131907 133239 134418 135212 136069 137156 137779 138166
1000 1000 1000 1000 1000 1803.92 2713.7 3082.3 3210.43 3387.39 3395.18 3350.74 3372.59 3273.99 3316.98 3123.33 2943.27 2936.68 2892.53 2924.4 2942.14 2926.99 2837.67 2731.02 2684.89 2649.7 2682.42 2626.92 2659.4 2628.45 2525.48 2426.23 2543.49 2699.13 2998.49 4707.55 12777 32130.8 51376.4 59118.6 62551.2 65688.6 70883.1 80329.8 91170.2 99409 105191 109839 113571 116461 118744 120577 121874 122393 122088 121858 122859 124689 126681 129176 131587 133043 134301 135236 136147 137191 137785 138151
1301.03 1000 1000 1000 1155.39 1887.5 2684.92 2960.67 3086.74 3237.17 3253.2 3208.8 3229.1 3149.14 3173.03 3020.09 2872.71 2871.75 2810.95 2844.68 2845.51 2835.79 2767.24 2691.09 2672.18 2641.31 2659.53 2603.32 2624.05 2570.59 2473 2387.06 2481.55 2696.85 3052.15 4658.3 12288.3 29796.9 47416.4 54390.1 57304.2 59866.1 63766.1 71498.7 84236 94785.4 101503 106616 110626 113699 116095 118004 119361 119902 119514 119236 120128 121883 123934 126377 128876 130536 132147 133439 134500 135577 136196 136566
1742.3 1000 1000 1317.01 1382.35 2034.46 2787.15 3064.52 3160.93 3310.53 3319.49 3265.15 3275.68 3190.41 3219.8 3030.46 2901.75 2881.9 2817.55 2845.85 2838.76 2832.61 2780.4 2712.69 2712.12 2672.97 2721.82 2653.42 2662.6 2598.02 2493.87 2421.52 2491.56 2754.75 3110.41 4674.37 12704.8 28910.4 44849.4 51325.1 53951.7 56175.9 59237.4 64991.1 76381.9 89070 96979 102687 106994 110213 112655 114547 115890 116302 115778 115341 116089 117607 119548 121794 124229 126159 128179 129829 131031 132101 132688 133011
2129.2 1520.11 1364.4 1609.35 1567.66 2136.13 2822.97 3050.75 3121.89 3265.54 3263.23 3228.85 3246.43 3174.3 3213.72 3030.97 2893.89 2868.58 2811.69 2847.42 2856.38 2867.82 2827.04 2753.26 2776.53 2769.15 2843.85 2767.94 2749.73 2694.64 2600.03 2525.15 2592.5 2818.99 3171.96 4673.61 13418.8 28623.8 43243.3 49439.9 51928.6 53964.2 56515.8 60937.8 69576 82605.1 91958.7 98425.8 103100 106508 109026 110955 112288 112615 112065 111564 112167 113387 115084 116951 119198 121270 123647 125631 127055 128166 128815 129022
2578.93 1839.91 1653.02 1768.24 1652.94 2188.65 2853.16 3047.3 3131.55 3279.33 3274.14 3237.72 3259.79 3200.33 3256.62 3053.11 2915.94 2884.37 2831.54 2875.56 2909.81 2921.92 2869.48 2792.95 2833.87 2833.03 2903.99 2824.38 2792.04 2738.15 2636.41 2549.22 2626.17 2839.36 3209.95 4758.54 14054.8 28694.7 42324 48370.8 50825.2 52770.7 55019.5 58663.7 65496.7 77231.2 87734 94933.3 99931.1 103493 106078 108047 109367 109649 109066 108447 108782 109592 110857 112159 114048 116162 118821 121107 122830 124068 124708 124727
2980.22 2126.89 1910.98 1905.63 1804.8 2291.56 2890.69 3080.52 3168.98 3323.37 3320.4 3281.88 3308.96 3265.46 3335.94 3116.94 2971.48 2939.69 2880.07 2922.73 2939.73 2962.79 2910.54 2851.79 2900.7 2901.09 2964.07 2875.25 2840.35 2779.07 2675.23 2597.47 2664.25 2872.52 3307.06 4888.67 14310.2 28852.4 41934.1 47910.6 50389.4 52317.8 54401.1 57570.8 63284.2 73311.2 84246 92014.6 97255.3 100873 103455 105385 106643 106867 106219 105476 105549 105965 106786 107487 108934 111105 114027 116587 118578 119995 120635 120547
3543.68 2551.73 2213.48 2084 1959.42 2390.45 2950.23 3124.15 3196.66 3367.54 3368.88 3333.95 3371.76 3323.97 3400.63 3169.24 3011.21 2962.5 2902.32 2934.98 2944.97 2971.96 2934.58 2883.9 2923.86 2925.1 2976.8 2885.97 2854.94 2787.35 2677.68 2590.36 2644.93 2851.73 3323.54 4812.24 14095.6 28897.2 41814.3 47775.7 50302.4 52255.7 54271.1 57191.2 62293.1 71145.9 81879.1 89885.1 95193.1 98729.6 101190 103021 104193 104382 103724 102911 102783 102803 103192 103365 104465 106706 109829 112633 114855 116499 117278 117188
41566.6 3067.63 2454.71 2338.86 2092.36 2515.92 2974.91 3107.03 3152.13 3301.24 3296.18 3263.31 3301.09 3253.73 3315.75 3095.39 2953.48 2910.07 2850.47 2888.93 2896.53 2916.64 2883.17 2830.38 2869.14 2864.47 2921.6 2839.98 2819.53 2759.81 2642.81 2547.63 2597.93 2819.19 3295.48 4673.2 13339.2 28610.8 41738.1 47757 50347.1 52341.6 54344.4 57149.2 61967.1 70232.6 80618.1 88579 93799.2 97159.3 99404.9 100978 101982 102203 101661 100910 100658 100393 100439 100270 101123 103356 106589 109510 111886 113727 114700 114708
53299.3 46478.3 2701.95 2557.42 2247.17 2579.92 2971.5 3065.28 3103.41 3237.42 3227.35 3187.03 3221.53 3192.03 3253.67 3061.42 2949.37 2915.19 2849.53 2883.18 2871.59 2888.16 2857.57 2801.71 2843.16 2875.04 2942.31 2862.51 2851.5 2806.73 2686.72 2590.42 2615.93 2838.45 3295.16 4640.77 12523.1 28053.9 41659.5 47795.8 50454.1 52489.4 54519.3 57339.2 62163.2 70429.9 80613.8 88275.4 93260.1 96281.9 98141 99368.2 100129 100388 100129 99614.4 99438.8 99153.8 99115.7 98865 99574.2 101614 104656 107453 109797 111703 112807 112980
61079.8 54920.1 40350.5 2894.59 2460.69 2654.46 2991.62 3041.41 3057.12 3156.99 3143.53 3107.03 3141.9 3124.36 3188.64 3030.5 2918.3 2886.11 2833.07 2852.94 2850.69 2862.36 2839.54 2788.57 2854.69 2886.98 2932.71 2864.75 2866.73 2834.18 2730.66 2628.72 2628.4 2834.29 3272.53 4557.54 11975.9 27699.6 41899.5 48139.6 50834.1 52899.5 54977.6 57896.7 62910.9 71584.4 81598.9 88812.3 93482 96054.1 97397.9 98329.3 98991.3 99323.5 99342.1 99126.2 99105.5 98934.1 98957.8 98750.9 99334.5 101051 103685 106161 108292 110104 111243 111555
67391.2 60727.5 50286.3 3135.52 2554.99 2663.83 2915.97 2917.74 2899.51 2987.36 2973.92 2947.04 2989.07 2975.04 3036.69 2855.07 2742.56 2718.33 2644.87 2677.21 2669.11 2673.45 2648.53 2602.36 2670.45 2681.15 2747.32 2692.02 2709.5 2696.97 2610 2523.56 2533.24 2745.94 3182.9 4390.44 11554.1 27674.9 42484.4 48799.3 51503.9 53590.7 55738.6 58826.6 64202 73474.6 83120.3 89754.2 94073.2 96248.1 97116 97825.8 98582.2 99017.1 99197.4 99177.7 99236.9 99168.7 99261.9 99104.8 99556.2 100934 103123 104941 106737 108381 109489 109898
72999.2 65407.6 55106.8 3421.3 2566.18 2609.59 2805.24 2763.11 2740.97 2836.74 2833.09 2809.24 2864.27 2872.64 2935.75 2757.86 2632.77 2607.64 2510.25 2526.48 2514.99 2536.48 2502.76 2435.21 2535.23 2594.32 2686.04 2602.98 2645.23 2647.87 2566.86 2466.8 2492.51 2718.77 3157.97 4364.29 11357.7 27593.5 42857.1 49311.8 52056.5 54172.4 56395.9 59643.7 65271 74504 83468.8 89611.9 93649.7 95658 96245.8 96860.4 97686.3 98167.3 98380.1 98390.8 98448.5 98409.7 98540.8 98472.9 98947.3 100307 102336 103538 105075 106560 107615 108079
78171.9 69353.5 58350.8 33131.6 2905.14 2837.14 2964.47 2908.93 2863.62 2953.08 2942.14 2913.76 2963.02 2966.85 3030.43 2867.95 2727.8 2685.26 2608.78 2595.56 2572.45 2632.12 2662.44 3003.68 3585.28 4183.64 4519.59 4705.72 4748.03 4636.94 4376.72 4152.97 3945.83 3921.04 4438.68 6384.36 14279.6 28998.4 43118.6 49520.9 52308.5 54466.8 56777.8 60165.9 65715.4 73925.7 81712.9 87326 91015 92742.8 93076.8 93663.5 94616.4 95167.3 95383.5 95356.7 95379.8 95298.6 95461.6 95625.2 96481.9 98303.6 100670 102092 103730 105093 106093 106572
83654.9 73216.2 61048.6 39954.9 3254.58 3034.52 3097.8 3079.86 2980.86 3122.59 3105.11 3073.29 3116.94 3108.26 3185.83 2928.38 2776.7 2730.8 2662.05 2643.25 2616.58 2820.54 3418.33 4865.6 8944.88 13995.9 18694.8 23013.8 25301 25319.7 23753.5 20900.7 17791.1 15539.7 14846.4 16660.4 23787.8 36408.2 46907.8 52256.3 54731.7 56803.5 59267.5 62979.6 68429.6 75049.7 80708.6 84968.9 87854.9 88944.7 88742.9 89194.1 90348.3 91099.8 91447.5 91515.3 91629.3 91504.9 91611.2 91738.2 92780.2 95125.4 98215.4 100344 102393 103886 104849 105339
90520.7 77815.9 64179.4 43202.8 3869.84 3323.94 3342.39 3255.72 3176.99 3240.73 3208.95 3178.42 3233.21 3207.69 3284.81 2992.2 2849.22 2800.4 2747.18 2730.84 2704.1 3255.01 5015.38 10671 19214.2 31158.9 41984.7 47145.3 49124.6 49212.5 48826.1 47946.7 45967.5 42018.7 37541.2 36985.9 42418.7 50363.4 57378.1 61223 62781.8 64383.9 66934.1 70914.4 75669.6 80221.8 83717.5 86295.5 88084.3 88448.5 87634.2 87588.7 88525.8 89351.1 89902.7 90221.9 90560.4 90381.5 90081.3 89506.1 89774 91796.5 95316.6 98236.4 100896 102599 103548 104039
100210 84098.5 68716.3 47006.8 4628.12 3607.3 3610.65 3415.17 3303.34 3354.39 3321.31 3302.99 3358.63 3336.11 3420.42 3117.51 2976.67 2931.97 2866.8 2855.38 2863.9 3903.42 7726.36 17307 31589.3 48873.8 59232.8 66352.3 70445.7 72191.9 73396.3 74898.5 76183.1 76310.5 74330.1 71053.2 70743.4 73867.9 77048.9 77795.5 76999.6 76876.7 78280.9 80986.8 83961.4 86708.4 88755.1 90245.3 91297.7 91227.1 90164 89739.3 90289.9 91040.8 91737 92306.4 92852.6 92592.5 91759.1 90220.5 89011.5 89527.5 92444 95784.1 99038.7 100970 101894 102372
115410 92696.1 74481.7 51165.7 5371.14 3652 3571.44 3318.7 3184.16 3231.35 3216.67 3204.84 3261.52 3245.75 3323.15 3045.02 2925.96 2897.58 2839.87 2822.5 2857.34 4379.98 11037.6 22677.1 43599.1 61222.8 75485.7 86312.5 92368.7 94956.6 96224.1 97371 98214.4 98262.5 97231 95549.2 94249.6 93610.3 93117.3 91797.1 89771.4 88285.7 88167.7 89303.2 90862.3 92450.7 93628.3 94487.6 95108.9 94809.4 93665.3 93060 93388 94086.9 94897.8 95683.5 96436.5 96099.7 94771.6 92388.3 89709.1 88264.1 89826 92992.1 96614.3 98805.6 99763.1 100247
140000 105977 82320.6 57148.7 6823.31 3920.28 3701.91 3322.12 3146.37 3193.37 3184.63 3159.44 3230.87 3181.01 3263.54 2962.16 2844.63 2843.77 2821.05 2811.27 2875.24 4912.12 13529.4 27385.3 51494.7 71679.4 89156.6 100722 106740 109082 109797 110269 110469 110012 108722 106847 104985 103410 101909 99936.7 97520.9 95498.1 94589.4 94838.1 95613.9 96534.1 97206.2 97707.2 98052.2 97587.3 96367 95655.8 95853.2 96521.4 97414.3 98363 99279.7 98820.4 97018 93930.5 90118.2 87069.9 87153.5 89768.1 93601.4 96027.3 97023.4 97540.9
140000 129496 93641.2 64797.6 15710.7 4439.69 3915.83 3446.23 3225.71 3229.82 3208.1 3181.66 3265.89 3233.52 3311.4 3023.22 2917.07 2900.31 2913.84 2903.33 2962.65 5485 15054.4 32013.2 57228.6 80885 99305.3 110651 116447 118459 118720 118759 118512 117671 116076 113896 111572 109419 107336 104937 102231 99865.2 98495.5 98231.9 98557.1 99063.8 99426.9 99704.3 99856.3 99276.5 97958.7 97129.5 97208.2 97831.1 98766.9 99826.8 100850 100228 97958.2 94245.5 89544.5 85197.8 83986.7 86006 90022.5 92700.1 93790.1 94411.9
140000 140000 113288 75895.1 22399.5 5561.22 4393.18 3638.04 3295.29 3257.32 3228.57 3176.42 3202.9 3181.91 3256.62 2940.47 2810.41 2814.28 2878.45 2884.66 2951.81 5616.29 15704.5 35134 60841.4 87689.1 106498 117662 123064 124689 124593 124275 123696 122564 120699 118225 115512 112927 110424 107692 104724 102085 100416 99869.3 99954.1 100236 100405 100539 100523 99798.9 98351 97376.1 97315.5 97848.4 98772.1 99883.8 100973 100300 97641.8 93366.9 87872.2 82340.2 80012.6 81682 86038.1 89042.6 90303.5 91102.4
140000 140000 140000 93290.3 44147.6 6699.25 4726.43 3898.91 3455.88 3405.77 3399.62 3305.12 3297.36 3236.34 3325.16 2980.78 2835.93 2842.44 2871.79 2862.79 2921.36 5480.79 16059.2 36526.4 61649 90825.1 110304 121649 126854 128153 127748 127146 126279 124873 122738 119941 116846 113884 111047 108035 104812 101944 100144 99567.3 99636.6 99890.5 99988.3 100050 99914.3 99048.5 97458 96329.5 96111 96497.5 97336.3 98431.1 99545.3 98872.9 96048.8 91356.9 85262 78703.7 75473.7 76946.9 81830 85375.6 86912.3 87923.8
140000 140000 140000 127328 62358.8 8177.58 5056.48 3949.06 3414.83 3351.62 3323.47 3249.52 3232.12 3153.57 3230.72 2880.47 2715.21 2703.22 2735.79 2707.07 2745.99 5329.3 16589.5 37293.6 61887.7 93389.9 113517 124959 129942 130878 130100 129187 127969 126197 123690 120440 116827 113380 110143 106804 103275 100176 98360.6 97947.7 98179.6 98509.4 98620.9 98655.6 98448.2 97465.7 95742.9 94498.7 94157.9 94410.7 95155.6 96214.8 97355.2 96686.4 93816.5 88812.6 82178.5 74891 71171.9 72611.3 78062 82332.9 84249.7 85540.9
140000 140000 140000 140000 89382.3 11180.9 6179.36 4407.54 3513.36 3390.08 3337.48 3253.09 3237.84 3135.83 3216.84 2779.36 2602.96 2586.1 2598.57 2580.17 2612.81 5305.19 17599.2 37760.6 62138.8 96959.1 117870 129386 134016 134452 133190 131835 130161 127955 125004 121210 116941 112848 109058 105278 101361 97991.3 96179.6 95974.6 96400.5 96821.1 96926.1 96910.3 96642.7 95567.7 93756.6 92457.8 92088.7 92301 93020.3 94118.1 95352.4 94727.6 91819.5 86614.6 79643.8 71984.7 68022.2 69424 75431.9 80629.8 83029.7 84663.9
140000 140000 140000 140000 140000 28410.4 7401.23 4916.54 3772.41 3575.39 3503.1 3407.77 3401.16 3249.23 3318.7 2815.11 2617.42 2584.28 2581.25 2553.7 2607.87 5272.84 18750.1 38214.6 62868.6 101652 123098 134494 138663 138504 136680 134820 132678 130019 126614 122262 117269 112394 107889 103537 99147.1 95479.3 93708.1 93739.7 94364.4 94879.1 94958.1 94885.7 94571.4 93446.9 91624.6 90362.5 90065.8 90327.2 91120.3 92351.2 93758.7 93244.1 90366.9 85080.3 77961.5 70170.2 66000.4 67232.8 73727 80077.7 83047.7 85000.4
