Code/Results/Ref_30/2160/MW_30_2160_140/2.9_30_2160_Te_map_shift_60km.grd
DSAA
145 165
-4320000.0 4320000.0
-4920000.0 4920000.0
1000.0000181831159 139999.9979163575
[rows 30 to 59 of 165, columns 68 to 135 of 145]
32768.3 32913.6 33000.4 33279.2 33754.8 33738.7 33362.7 33084.3 33106.9 33316.6 33745.7 34049.4 34223.9 34365.3 34501.6 34930.8 35016.3 34762.7 34489.6 34243 34079.2 33825.2 33467 32179.9 30163.9 28088.1 25540.7 22943.7 20236.3 18578.2 18185.6 18590.5 17127.7 15144.5 13132.4 11148.5 10204.9 10396.4 10676.8 10324.1 9699.85 9753.73 10680.3 11922.1 13779.7 15589.7 17239.6 18620.4 21083 23490.6 25039.3 25225.6 25339.1 25134.4 25045 25070.3 25431.4 25785.7 26227.2 26907.9 26829.6 26868.2 27041.5 26990.5 26240.5 24448.8 22262.2 20231.1
36366.7 36458.2 36433.5 36554 36865.3 36910 36683.2 36312.7 36184 36176.1 36435.4 36610.9 36763 36942.6 37101.2 37441.7 37370.8 36999.3 36615.8 36198.5 35873.5 35494.1 35103.4 33741.7 31669.5 29464.4 26713.2 23970.4 21113.2 19575.2 18908.4 19003.5 17255.8 15180.5 13129.9 11179.2 10272.3 10568.1 10907.4 10494.1 9820.56 9792.17 10613 11647.9 13573 15483.1 17200.6 18578.5 20897.7 23217.8 24731.2 24975.2 25175.8 25013.2 24953.2 24958.8 25288.1 25626.6 26032.7 26681.5 26613.2 26653.1 26824.3 26746.4 26005.2 24187.4 22086.1 20124.8
39019.9 39117.8 39030.7 39105.2 39399 39573.1 39588 39075.5 38753.5 38454.6 38483 38519.9 38661.1 38881.2 39016.8 39225.8 38982.1 38488.3 37972.9 37331.6 36807.2 36269.9 35817.6 34213.1 31921.6 29482.6 26505.7 23688.6 20907.2 19541.3 18759.9 18729.5 16979.5 14993.6 13042 11164 10310.7 10663 11073.5 10743 10126.8 10027.8 10700.9 11492.9 13369.6 15332.3 17118 18536.9 20836.9 23110.4 24653.6 24982.3 25259.7 25130.3 25082.5 25058.4 25351.6 25675.7 26058.5 26683.7 26603.8 26654.9 26827.8 26735.8 25983 24146.7 22115.9 20253.7
41193.2 41369.4 41311.4 41434.8 41843.2 42176.8 42465.8 41839 41309.5 40643.4 40311.4 40105.5 40212.1 40509 40588.6 40640 40160.3 39486.3 38764.6 37808 36997.7 36270.4 35670.3 33616.4 30898 28105.7 25004.3 22309.7 19842.1 18691 17986.8 17973.9 16462.1 14715.9 12929.9 11086.6 10232 10585.8 11011 10801.9 10260.6 10141.3 10723 11369.3 13069.5 14996.8 16811.3 18245 20523.2 22838.2 24499.1 24934.6 25275.4 25177 25123.2 25064.4 25334.3 25665.9 26074.9 26695.2 26559.3 26596.3 26784.9 26694.4 25924.7 24055.9 22010.5 20180.3
43023.5 43307.2 43379.7 43656.2 44293.9 44795.6 45316.4 44601.9 43883.3 42861.8 42087.6 41501.6 41451.6 41732.6 41735.5 41616.3 40815 39847.6 38813.5 37474.2 36341.9 35437.1 34598.1 31916.3 28777 25972.6 23215.7 20932.8 18848.3 17880.4 17274.5 17278.6 15986 14429.9 12770.1 10892.3 10005.6 10318.7 10720.6 10596.6 10131.6 10076.8 10631.1 11222.6 12656.7 14503.1 16340.8 17750.8 20017.2 22440 24248.8 24799 25210.6 25161.5 25122.1 25052.3 25314.8 25662.2 26129.8 26778 26603.8 26645.9 26853.5 26758.5 25959.2 24043.1 21932 20066.5
44170.5 44560.5 44806.8 45314.9 46345.4 47069 47782.8 47029.6 46078.1 44759.1 43599.2 42596.1 42340.5 42568 42475.8 42215.9 41052.6 39605 38088.7 36298.7 34868.2 33796.7 32629 29302.4 26246.7 24013.9 21839.4 19818.4 17863.6 16989.3 16500 16583.2 15464.5 14022.7 12455.6 10547.5 9636.31 9886.95 10268.5 10203.8 9761.45 9795.8 10367 10921.3 12267.1 14045.7 15814.7 17129.8 19292.5 21793.2 23780.7 24479.8 24979.8 25006.9 24990.3 24921.4 25175.7 25547 26081.7 26807.7 26690.9 26784.7 27013.5 26904.4 26072.1 24089.2 21897.5 19965.3
44581.7 45042.6 45441.1 46202.2 47744.3 48708.7 49581.4 48872.8 47657.5 46132 44682 43313.1 42908.9 43151.5 42961.1 42732.9 41173.8 39019.2 36875.3 34695.8 33096.1 31883.7 30358.3 26937.4 24457.3 22831 21042.4 19090.2 17018.3 16081.3 15731.7 15935.3 14994.7 13568.4 12028.3 10152 9247.37 9420.82 9767.45 9689.64 9245.83 9375.57 9960.92 10482.5 11801 13595.8 15236.5 16404.8 18395.4 20960.3 23168.7 24027.8 24595 24685.8 24687.8 24616 24865.8 25269.2 25917.2 26804.3 26796.7 26958.2 27191.9 27103.8 26224.9 24123.8 21838.9 19812
44336.4 44812.8 45297.1 46239.6 48300.8 49410.3 50318.4 49710.2 48284.8 46738.8 45237 43701.2 43307 43689.7 43534.8 43735.5 41900.7 38886.7 36112.4 33787.3 32127.1 30733.2 29119.2 26011.4 23876.4 22497.3 20766.5 18763.1 16536.3 15473.4 15259.1 15582.8 14778 13290.2 11669 9863.53 9010.83 9183.42 9473.35 9341.3 8910.11 9074.79 9666.09 10119 11432.5 13261.7 14803.7 15873.9 17711.1 20258.4 22613.4 23540.6 24222.6 24361.3 24363.7 24267.5 24508.7 24974 25805.8 26910.6 27005.6 27199.1 27429.3 27319.8 26350.4 24146.6 21769.4 19677.4
43338.2 43792.1 44277.1 45249.3 47596.4 48500.2 48970.8 48598.7 47211.7 46032.6 44890.4 43484.2 43322.8 43957.4 44148.7 45202.4 43543.8 40268.2 37253.1 34920.9 33074.3 31448.6 30071.9 27213 25058 23628.2 21617.1 19400.4 17043 15804.4 15604.4 16020.4 15249.4 13627.7 11612.2 9636.75 8813.38 8978.4 9235.23 8991.52 8490.57 8624.75 9241.33 9747.15 11161.7 13062.3 14656 15722.7 17480.4 19986.6 22344.2 23231 23940.2 24057.9 24004.5 23842.2 24049.8 24620.2 25641 26886.6 27036.3 27204.5 27411.8 27236.1 26183.2 23802.8 21324.9 19257.4
42021.7 42443.2 42908.5 43859 46103.8 46455.1 45903.5 45733.3 44789.8 44401.3 43977.2 42983.8 43195.5 44184.4 44915.3 46768.4 45370.1 42483.2 39744.3 37436.6 35311.6 33398.6 32343.6 30035.2 27884.3 26159.4 23380.5 20620.3 17998.3 16557.8 16273 16738.8 15970.1 14164.2 11896.9 9778.36 9005.91 9295.86 9539.82 8938.3 8145.7 8282.1 8866.49 9529.11 11027.4 13041.5 14696.1 15778.5 17490.8 19898.3 22166.5 22982.5 23624.9 23668.8 23534.6 23296.8 23426.5 24016.4 25044.3 26283.6 26499.9 26714.8 26902.5 26641.3 25542.4 23159.9 20698.3 18733.2
40804.2 41212.8 41732.2 42747.5 44809.3 44824.2 43623.2 43201.3 42564.1 42739.2 42934.9 42408.4 43005.5 44352.3 45578.9 47829.5 46481.5 43939.2 41573 39373.5 37182.4 35117.5 34237.3 32864.9 31339.7 29341.7 25607.8 21997.6 18976.5 17284.4 16920.5 17073 15978.8 14010 11730.4 9638.68 8833.04 8972.06 9049.71 8112.5 7257.6 7344.1 7644.31 8417.06 10193.6 12443.6 14167.2 15165.1 16758 18971.5 21109.8 21907.4 22534.3 22573.4 22411.9 22118.2 22072.7 22446.6 23161.1 24251.3 24663.6 25045.1 25184.8 24872.2 23823.9 21480.7 19195.8 17464.9
39558.8 39975.9 40643.6 41856.6 43898.8 43826.2 42388.6 41590.1 40942.7 41201.4 41715.6 41600 42532.5 44205.7 45836.5 48074.7 46622.7 44289.1 42144.2 39995.1 37964 35998.5 35236 34619.3 34029.9 32477.8 28695.8 24124.8 20391.5 18197.5 17768.8 17780.4 16225 14069.6 11923.2 9911.3 8764.06 8633.83 8515.49 7500.1 6647.15 6645.44 6728.01 7495.8 9407.37 11621.2 13160 13996.2 15409.5 17301 19176.1 19962.5 20571.9 20645.4 20515.4 20208.8 19962.5 19951.6 20221 20989.1 21578 22093.5 22220.7 21987.9 21027.1 18938.5 17014.4 15502.3
38386.7 38828.1 39728.4 41275 43537.9 43537.7 42050.3 40892.7 40038.7 40058 40592.3 40714.5 41940.9 43891.4 45734.8 47805.7 46223.9 44005.4 41997.1 39913.3 38005.2 36202.9 35595.1 35462.4 35578.8 34478.3 31214.1 26214.5 21823.7 19059.7 18666.7 18666.6 16673.3 14320.5 12267.5 10403.5 9200.86 8944.74 8755.41 7816.04 6860.88 6781.2 6764.18 7409.13 8964.25 10821.2 12019.3 12656.6 13868.1 15417.1 16964.4 17685.5 18220.6 18442.9 18503.8 18348.7 18066.3 17804.8 17717.1 18057.9 18570 19158.9 19300.3 19150.6 18337.7 16705.6 15020.5 13678.4
37776 38244.6 39450.3 41413.6 43977.8 44038.1 42607 41087.4 39880.5 39468.6 39822.3 40027.7 41492.3 43561 45390.6 47088.2 45433.5 43245.4 41338.7 39301.2 37479 35889.8 35465.6 35772.8 36572.4 35748.3 32981.8 28371.7 24124.6 21096.7 20325.2 19577.4 17199.3 14309.1 11664.5 9472.11 8153.43 7755.84 7226.24 6528.76 5846.89 5728.56 5568.88 6205.89 7641.61 9376.21 10490.3 10883.4 11754.3 13065.4 14407.3 15049.4 15524.9 15977.6 16317.2 16367.3 16059.2 15634.5 15269.6 15235.1 15533.8 16151.6 16376.4 16327.5 15683.2 14407.3 12998.7 11818.4
37936.7 38390.6 39859.3 42221.1 44950.4 45099.7 43692.3 41756.2 40098.5 39181.3 39282.5 39560 41320 43643.1 45503.7 46836.6 45057.4 42709.6 40701.5 38534.1 36644 35078.6 34787.4 35611.6 37148 36620.2 34366.1 30600.5 26984.7 24182.4 23240.1 22032.4 18672.8 14022.5 10539.9 8135.24 6757.68 6286.76 5580.59 5310.08 4891.71 4778.81 4665.78 5146.54 6181.91 7689.62 8928.69 9174.62 9950.97 11163.2 12227.9 12835.4 13398.7 13901.5 14323.4 14545.1 14413.9 13993.1 13444.6 13144.1 13240.7 13862 14127.5 14181.7 13690.6 12679.2 11492.2 10596.9
40133.3 40477.6 41897.1 44207.4 46456.4 46383 44826.6 42388.4 40181.8 38640.3 38376.9 38793 40978.4 43495.7 45387.5 46404.8 44508.1 41891.5 39638.4 37176.3 35067.5 33426.7 33219.7 34457.7 36641.4 36538.1 34432.3 31061.1 27887.9 25389.8 24524.6 23326.2 19970.3 13959.6 9939.77 7557.94 6293.82 5787.37 5075.24 4818.24 4458.42 4413.4 4260.67 4694.02 5512.82 6593.38 7896.81 8228.65 9139.91 10402.3 11294.3 12004.2 12613 13084.9 13499.8 13832.3 13818.5 13420.2 12733.5 12191.4 12135.7 12812 13113.8 13202.8 12773.6 11840.8 10854.8 10188.7
44387.2 44485.4 45296.1 46722.4 47624.3 46835.4 44887.1 41852.2 39009.7 36747.8 35943.9 36437.6 39062.2 41809.8 43872.1 44806.4 42874.3 39926.2 37307.4 34384.1 31939.6 30116.8 29799.8 30886.2 33744.5 33967.9 31274.5 27786.8 24899.5 22681.7 22155.4 21242.6 17956.5 12572.2 9610.4 7697.9 6643.59 6123.61 5286.93 4891.64 4541.32 4456.61 4292.64 4718.26 5489.28 6378.71 7448.31 7780.86 8794.56 10093 11038.1 11704.1 12250.7 12671.6 13103.9 13512.5 13553.2 13175.4 12421 11706.8 11547.3 12281.7 12599.5 12701.4 12299.7 11444.5 10550.8 9874.65
47853.8 47756.7 47942.4 48407 48163.6 46771.8 44348.1 40646.5 37097.6 34166.1 32799.1 33136.4 36187.1 39352.8 41934.7 43054.1 41089.3 37695.1 34476.7 30888.5 28071.3 26090.2 25327.7 25881.2 28634.1 28902.8 26282.3 23621.8 21179.4 19176.9 18853.4 18217.4 15048.8 11351.5 9366.06 7797.76 6897.71 6395.84 5504.21 5042.81 4796.52 4697.95 4540.01 4951.58 5785.55 6728.96 7788.67 8071.77 8989.31 10181.4 11136.5 11496.5 11854.9 12254.1 12637.8 13054.1 13126.2 12787 12047.3 11225 10932 11688.7 12029.4 12183.8 11855.3 11183.7 10371 9615.71
48353.3 48289.7 48331.1 48435.3 47748.1 46092.7 43455.4 39350.5 35408.4 32268.5 30673.9 30846.8 33967.1 37542.3 40768.2 42125.4 40374.5 36766 32710 28365.9 25331.9 23178.6 22009.1 22233.7 24347.4 24627.1 22755.3 20627.1 18316.9 16335.2 15828.1 15066.9 12104 9917.21 8443.34 7085.79 6308.45 5815.16 5098.7 4837.13 4700.02 4684.28 4492.38 4920.82 5831.5 6890.73 7984.67 8241.55 8726.85 9554.64 10246 10474.1 10720.6 11078.8 11400.5 11802.8 12040 11848.3 11131.7 10332.6 9970.42 10671.1 10998.3 11188.2 10966.8 10523.6 9843.55 9098.26
47528.5 47574.9 47713.2 47789 47080.7 45557.3 43088 39341.3 35840.4 33194 31745.8 32008 34731.2 38104.6 41377.2 42695.1 41507.7 38473.6 34158.2 29026.6 25221.9 22467 20984.4 21545.2 24692.1 25353.4 22504.1 20070.6 17594.9 15385.5 14429.5 13123.7 10330.3 9032.75 7926.29 6918.09 6310.03 5832.34 5274.9 5115.51 5059.91 5101.61 4866.92 5278.58 6188.3 7170.07 8063.37 8161.16 8338.27 8827.89 9167.56 9317.86 9525.44 9946.56 10306.6 10728.6 11108.9 11029.3 10357.6 9476.51 9066.33 9724.55 10039.1 10241.2 10077.8 9828.43 9327.97 8690.07
46759.8 46907.8 47183.1 47304 46768.2 45575.7 43627.7 40733.7 38101.9 36188.6 35115.2 35512.6 37577.9 40307.5 43075.7 44146.1 43386.8 41160.6 37691.3 33308.7 29368.7 25877 24977.5 29263.8 34932.9 36072.1 31915.9 23960.4 19626.7 16838.8 15379.1 12871.8 10030.5 9314.73 8573.05 8175.53 7908.96 7522.93 7057.92 6686.94 6599.18 6661.79 6492.14 6847.55 7638.46 8658.06 9279.44 9103.05 9030.14 9214.29 9287 9336.91 9645.14 10222.5 10778.3 11373.3 11802.7 11603.5 10760.4 9724.61 9370.15 10095.9 10440.1 10686 10595.7 10486.3 10228.2 9639.21
46203.6 46388.4 46803.7 47038.3 46781.2 46027.8 44688.8 42616.8 40765.5 39444.2 38715.2 39148.9 40809.9 43060.5 45236.5 46004.3 45367 43559.2 40687.4 37071.7 34114 32046.3 33084.3 36056.2 38702.2 39561.4 37858.1 34523.2 29158.1 24578.1 24083.8 22086.7 14089.3 12582.3 11744.6 11035.4 10809.1 10933.9 11117.2 10637 9992.9 9865.5 10016.8 10190.6 10842.6 12142.4 12869.4 12584.8 12231.6 12209.8 12032.6 11860.1 12229.4 13301.8 14726.2 15628.8 15368.9 14467.7 13172.9 12166.3 12169.4 13160.7 13515.3 13840.3 13942.6 13895.2 13609.4 12773.9
45920.9 46037.2 46519.3 46824.1 46820.5 46508.2 45769.5 44461.9 43315.7 42509.8 42069.7 42590 44039.7 45933.6 47476.8 47958.9 47227.9 45503.1 42750 39184.1 36398.4 34724.7 35771.2 38106.8 40194.6 41509.7 41159.8 40098.8 38419.1 36610.9 36687.4 36143.3 33139.1 22562.6 17604.3 16255.6 16008.1 16242.6 16461.6 16066.3 15334.6 14901 14990.8 15069.1 15570.6 16768.3 17738.5 17941.4 17559.7 16972.9 16213.4 15690.5 16079.1 17870.5 19668.9 19928.5 19041.3 17657.7 16044.5 15214.8 15714.1 16556.3 16567.7 16784 16796.2 16558 16233.6 15396.4
46685.6 46574.8 46888.1 47042.9 47140.9 47194 47033.7 46476.4 46047 45824.9 45768.5 46426.4 47503.1 48857.7 49782.6 49907.9 48828.6 47003.7 44090.1 40120.7 37273 35833.2 37204 39796 42503.9 44426.3 44827.8 44668.9 43839.4 42926.6 43002.2 42209.7 39723.5 34424.6 26332 21815.5 20243.9 19797.8 19719.3 19261.4 18463.9 17862 17678.8 17351.1 17570.5 18756 20018.3 20606.1 20283.8 19378.9 18115.2 17288.6 17947.1 20231.3 21920.6 21464.4 20063.3 18284.1 16408.3 15476.9 15848.1 16574.8 16422.7 16833.3 17001.3 16658.9 16390.7 15649.3
49133.3 48674.9 48441.2 48066.2 47888.8 48027.3 48296.6 48409.1 48674.2 49057.4 49313.8 50039.2 50716.4 51410.3 51604.2 51182.4 49758.3 47899.5 45064.3 41402.1 39034.4 38066.6 39308.6 41785.4 44098.5 45306.1 45067.3 44685.8 43723.5 42769.1 42633.6 41672.6 39531.8 36586.7 33574.4 30200.1 27603.9 26159.1 25148 23754.3 22158.5 20967.8 20410 19630.7 19474.1 20454.7 21697.2 22244.3 21566.9 20432 18982.1 17908 18536.8 21004.9 22294.8 20871.4 18902.2 17149 15500.1 14635.8 14941.6 15406 14965.5 15241.6 15446.6 15161.2 14948.6 14336.6
53890.6 52992.8 51915.9 50506.7 49280.7 48860.5 49316.6 49997.2 50907.6 51842.1 52416.7 53226.5 53661.9 53700.4 53096.2 52188.7 50643.4 48836.9 46031 42034.4 38904.5 36898.6 36687.2 37774.7 38971.6 39312.6 38711.5 38489.4 38152.1 37979.4 38187.2 37450.1 35711.8 33720.7 32443.7 31104.4 29815 28767.8 27651.9 26106.6 24157.7 22512.3 21598 20829.8 20692.1 21393.6 22212 22454.8 21604.2 20543.5 19272.4 18261.3 18492.8 20195.5 21356.2 20286.9 18748.1 17385.2 16140.3 15535.3 15832.3 16029.5 15413.1 15370 15355.7 14939.5 14594.9 13992.6
62068.4 60712.7 58650.3 55665.9 52075.2 49752.4 49747.9 50959 52516.2 54036.7 55103.3 56194.6 56550.6 55986.6 54652.4 53215.1 51175.9 48939.6 45520.2 40624.1 36352.6 33432.6 32000.2 31696.4 32005.8 32317 32564.8 32912.9 33275.2 33615.1 33805.1 33178.5 32084.5 31125.5 30976.6 30753.3 30255.2 29576.4 28629.3 27312.7 25475.5 23968.7 23121.7 22562.7 22674.1 23551.1 24180.8 24265.7 23304.8 22275.8 21352.9 20697.3 20988.1 22192.7 22826.2 21817.6 20317.9 18928.7 17731.6 17248.2 17755.5 18050 17471.3 17373.4 17310.8 16799.7 16314 15532.9
73992.8 72241.7 69187.8 63737.7 56210.3 50322.4 48627.7 50673.1 53287.5 55806.1 57908.5 59689.3 60153.2 58923.1 56580.5 54352.8 51687.4 49010.7 44939.6 39489.5 34832.7 31779.2 30150.5 29563.1 29720.9 29989.6 30368.5 30893.7 31423.8 31935 32222.5 32122.5 31754.8 31586.2 31825.2 31709.1 31277.2 30479.2 29421.9 28294.8 26825 25668.2 24989.7 24607.6 25088.8 26262.1 26648.4 26523.2 25609 24832.6 24004.6 23261 23230 23960.5 24495.4 23642.1 22300.8 20883.9 19570.5 19144.8 19889.6 20394 20013.6 19948.5 19823.1 19080.1 18446 17414.4
90927.9 88430.2 82505.2 71160.7 57859.2 46997.4 42618.6 46363.9 51346.5 55962.1 59637.8 62727.8 63110.4 60141.8 56402.4 53678.7 50766.1 48098.1 43978.8 38863 34412.9 31350.3 29537.3 28803.4 28855.2 29163.7 29793.2 30568.2 31290 31995.9 32317.2 32383.6 32200.3 32145.8 32395.4 32313.3 31799.6 30937.5 29843.7 28798.9 27396.2 26426.2 25818.6 25476.4 26055.3 27278.4 27542.5 27181.7 26239.3 25181.4 24043.5 23147.5 23029.6 23720.7 24423.1 23738.6 22640.4 21403.3 20224.4 19861.6 20349.3 20607.6 20186.3 20059 19901.2 19380.5 18960.5 18448.6
107656 104580 96837.3 80726 60914.5 45415.6 34543.5 30478.4 28204.5 26143.4 46667.5 57021.9 59396.6 56788.4 54181.4 53163.2 51647.1 50241.1 46727.8 41258.1 35453.6 31224 28918.2 28034.8 28149.6 28459.6 29213.6 30005.3 30704.4 31091.2 31036.6 30903.3 30773.1 31355 32512.3 33153.4 33042.3 32342.3 31291.1 30171.6 28434.7 27144.6 26433.5 26188.3 27074.9 28463 28616 27945.8 26860.1 25746.1 24554.2 23403.5 23042.2 23713.6 24544.3 24074.5 23111.4 21863.8 20660.1 20316.9 20785.9 20999.7 20591.3 20449 20277.9 19866.7 19683 19187.2
