Code/Results/Ref_30/2160/MW_30_2160_140/2.9_30_2160_Te_map_shift_60km.grd
DSAA
145 165
-4320000.0 4320000.0
-4920000.0 4920000.0
1000.0000181831159 139999.9979163575
[rows 90 to 119 of 165, columns 0 to 67 of 145]
140000 140000 140000 140000 140000 47142.8 10400.5 6485.16 4212.54 3942.98 3838.01 3703.34 3688.67 3453.46 3581.9 2935.32 2660.46 2618.12 2591.39 2564.11 2624.61 5740.98 19326.9 38891.6 64923.8 108438 129610 140000 140000 140000 140000 138198 135568 132447 128596 123703 117963 112203 106804 101731 96807.3 92879.5 91195.8 91453.8 92252.8 92850.9 92919.1 92810.1 92471.2 91356.7 89616.1 88483.2 88346.6 88767.3 89736.7 91189.5 92837.1 92496.2 89711.5 84495.6 77449.1 69664.1 65300.1 66390.9 73614.4 81524.3 84953.4 87003.3
140000 140000 140000 140000 140000 140000 13145.5 9053.32 5995.23 5170.46 4903.4 4694.59 4552.24 4119.11 4379.31 3310.92 2897.51 2850.6 2774.96 2773.88 2813.31 6244.59 19449.6 40475.8 69807.9 117469 137184 140000 140000 140000 140000 140000 138781 135228 130976 125634 119264 112645 106238 100325 94866.7 90743.8 89125.8 89503 90387.7 91022.6 91084.6 90957.8 90621.9 89570.4 87974 87032.7 87117.6 87785.7 89020.5 90773.2 92736.6 92647.3 90050.9 85070.8 78273.8 70562.9 65957.6 67145.5 76435.3 86102.9 89351.5 91055.9
140000 140000 140000 140000 140000 140000 14845 10565.7 8039.7 6827.18 6455.53 6117.1 5733.5 5349.55 5471.99 3658.77 3163.29 3132.03 3044.26 3010.16 3009.43 6673.3 19854.5 44042.3 81577.9 126894 140000 140000 140000 140000 140000 140000 140000 138012 133455 127836 121138 113965 106728 99988.9 94038.6 89718.8 88007.2 88297.4 89115.4 89698.2 89718.2 89569.7 89251.2 88289 86876.5 86164 86513.2 87484.1 89062.1 91187.2 93523.7 93771.2 91523.4 86848.6 80394.4 72879.2 67985.7 69500 83075.7 92131.5 94618.4 95734.7
140000 140000 140000 140000 140000 140000 15427.3 9725.46 6463.81 5509.5 5254.96 5024.14 4865.2 4702.49 4687.16 3677.38 3396.46 3388.73 3244.9 3192.44 3224.46 7415.48 20996.5 49745.8 103100 135011 140000 140000 140000 140000 140000 140000 140000 140000 135665 130029 123381 116133 108635 101480 95226.9 90639.5 88544.8 88459.2 89004.2 89410 89322.7 89122.9 88812.2 87955.1 86750.1 86302.4 86951.6 88250.9 90184.5 92715 95440.1 96116.4 94166 89883.6 83975.9 77082.7 72849.8 77590.9 92119.5 98565.4 100256 100790
140000 140000 140000 140000 140000 140000 18381.2 9375.83 4727.31 4005.6 3913.55 3725.11 3629.49 3580.59 3592.7 3550.32 3505.81 3486.39 3361.15 3353.01 3441.36 8053.87 23748.6 56762.6 116396 140000 140000 140000 140000 140000 140000 140000 140000 140000 137403 131943 125654 118752 111499 104423 98096.7 93204 90499.4 89808 89924.1 90060.2 89820.5 89543.7 89232.9 88485.8 87506.9 87369.5 88379.8 90051.3 92371.9 95245.8 98446 99523.4 98064.1 94459.8 89334.4 83820.3 82269.8 90927.4 101357 105946 107036 107103
140000 140000 140000 140000 140000 140000 23512.2 10815.5 5139.25 4177.33 4058.4 3906.8 3808.84 3741.55 3758.03 3742.28 3672.5 3648.81 3532.53 3574.76 3779.95 9629.74 29345.5 65002.3 124763 140000 140000 140000 140000 140000 140000 140000 140000 140000 138745 133546 127696 121308 114548 107933 101868 96848.9 93543.6 92154 91752.4 91550.3 91102.3 90705.7 90366.9 89700.8 88950.4 89139 90531.8 92594.8 95213.4 98463.8 101902 103366 102213 99191.9 94852.1 90484.7 90814.6 99126.6 107355 111031 111591 111132
140000 140000 140000 140000 140000 140000 140000 12752.3 5962.24 4554.76 4430.61 4363.81 4326.71 4322.6 4469.41 4653.74 4551.9 4481.49 4287.61 4334.66 4891.56 12680.3 38710.6 79683.9 129639 140000 140000 140000 140000 140000 140000 140000 140000 140000 139801 134903 129470 123571 117421 111384 105732 100779 97045 95017.1 94084.4 93509.9 92822.6 92275.1 91864.7 91240.5 90686.4 91188.9 92943.2 95365.1 98278 101840 105519 107271 106429 103795 99863.1 96049.9 96921.5 104448 111686 114900 115203 114635
140000 140000 140000 140000 140000 140000 140000 15198.9 8457.08 5650.65 5475.89 5602.2 5840.54 6124.42 6605.4 7903.49 8247.32 7288.17 6452.13 6766.03 8131.4 17325.7 46742.2 105655 132753 140000 140000 140000 140000 140000 140000 140000 140000 140000 140000 136237 131182 125737 120147 114654 109431 104646 100679 98146.8 96729.3 95779.8 94834 94103.2 93588.6 92961.5 92551.9 93339.5 95425 98150.6 101369 105148 109010 110917 110219 107700 103969 100419 101339 108135 114612 117333 117301 116642
140000 140000 140000 140000 140000 140000 140000 17913.9 11031.9 7574.06 7409.81 8043.7 9159.47 10007 10537.7 11870 12500.1 12638.3 9777.61 10141.1 11910.3 25639 52205.9 112446 134787 140000 140000 140000 140000 140000 140000 140000 140000 140000 140000 137813 133106 128122 123049 118048 113227 108642 104559 101605 99698 98340.2 97092.2 96142.8 95492.3 94830.5 94522.5 95537.4 97912.3 100897 104352 108317 112311 114239 113571 111096 107447 103964 104687 110780 116663 119028 118753 118028
140000 140000 140000 140000 140000 140000 140000 21434.4 13332.8 9686.37 9644.27 10705.4 12225.4 12806.3 13001.9 14468.1 16506.9 21041.5 21840.8 22176.2 24221.5 34401.3 56409.4 116266 136558 140000 140000 140000 140000 140000 140000 140000 140000 140000 140000 139598 135257 130716 126118 121567 117116 112759 108660 105366 102985 101195 99627.8 98438 97624.6 96888.2 96633.9 97840.4 100470 103683 107297 111402 115462 117309 116487 113845 110018 106247 106391 111756 117138 119201 118718 117907
140000 140000 140000 140000 140000 140000 140000 140000 16014.2 11599 11547.8 12765.3 14485.8 15055.3 15542.2 18032.4 22007.1 27464.1 28333.8 29042.7 31218.3 38856 59872.1 119871 138644 140000 140000 140000 140000 140000 140000 140000 140000 140000 140000 140000 137284 133114 128920 124758 120636 116543 112557 109091 106335 104174 102335 100918 99924.6 99071.9 98834.1 100217 103097 106519 110279 114488 118555 120236 119104 116106 111910 107637 106984 111471 116268 117946 117191 116249
140000 140000 140000 140000 140000 140000 140000 140000 17862.6 11029.7 10982.8 12430.9 14989.8 16144.8 17396.5 21198.7 25585.3 30580.8 30943.9 31398.9 33562.7 40844.7 63229.9 122440 140000 140000 140000 140000 140000 140000 140000 140000 140000 140000 140000 140000 138981 135128 131251 127388 123538 119698 115907 112417 109387 106883 104780 103121 101905 100877 100597 102126 105251 108876 112798 117158 121305 122821 121299 117804 113033 108003 106245 109594 113670 114833 113656 112512
140000 140000 140000 140000 140000 140000 140000 140000 19669.7 10334.9 10155.1 11400.2 14405.3 16498.1 18357.4 22098.2 25443.3 30520.5 30660.1 30690.9 32803.5 41182 68850.8 125460 140000 140000 140000 140000 140000 140000 140000 140000 140000 140000 140000 140000 140000 136905 133268 129638 126026 122436 118909 115579 112538 109896 107641 105807 104417 103250 102936 104576 107863 111583 115576 119988 124125 125434 123503 119468 114044 108196 105265 107377 110611 111182 109553 108194
140000 140000 140000 140000 140000 140000 140000 140000 140000 7892 7867.86 8814.32 10312.9 12206.4 14577.4 18675.9 21165.3 27013.8 27079.4 10845.3 12726.8 40213 101475 128727 140000 140000 140000 140000 140000 140000 140000 140000 140000 140000 140000 140000 140000 138642 135158 131683 128247 124847 121533 118418 115518 112916 110642 108761 107310 106120 105834 107537 110835 114496 118426 122738 126725 127773 125468 120963 115006 108494 104575 105480 107846 107845 105825 104289
140000 140000 140000 140000 140000 140000 140000 140000 138990 6555.13 6586.24 7371.02 8313.76 9767.63 11609.6 14947.1 16515.6 19855 8427.56 8165.48 10445.9 35923.4 110148 131976 140000 140000 140000 140000 140000 140000 140000 140000 140000 140000 140000 140000 140000 140000 136992 133584 130214 126888 123666 120650 117828 115272 113042 111208 109811 108717 108518 110217 113397 116906 120652 124739 128471 129265 126699 121921 115670 108773 104170 103991 105643 105210 102944 101330
140000 140000 140000 140000 140000 140000 140000 140000 135680 6016.8 6092.35 6815.28 7645.53 8931.08 10241.1 12887.2 14139.3 13363.8 6831.06 6619.07 9123.14 24775.6 115675 135043 140000 140000 140000 140000 140000 140000 140000 140000 140000 140000 140000 140000 140000 140000 138725 135309 131917 128557 125304 122255 119399 116820 114593 112784 111435 110420 110242 111842 114836 118152 121707 125577 129068 129660 126934 122012 115593 108429 103245 102050 103046 102262 99869.4 98276.4
140000 140000 140000 140000 140000 140000 140000 140000 8890.38 5937.58 6044.63 6696.04 7428.04 8417.71 9195.48 11571.9 12570.2 10024 6103.27 5865.8 8210.22 20920.5 119379 137571 140000 140000 140000 140000 140000 140000 140000 140000 140000 140000 140000 140000 140000 140000 140000 136738 133254 129778 126394 123204 120207 117505 115191 113334 111986 110981 110752 112216 115045 118233 121688 125448 128806 129278 126452 121432 114886 107470 101703 99528.5 99808.1 98691.6 96318.2 94837.8
140000 140000 140000 140000 140000 140000 140000 140000 8468.1 5850.61 5962.21 6558.78 7173.49 7908.66 8403.4 10629.7 11299.6 8495.51 5688.28 5466.94 7656.06 19785.4 121823 139482 140000 140000 140000 140000 140000 140000 140000 140000 140000 140000 140000 140000 140000 140000 140000 137873 134287 130679 127131 123752 120559 117680 115227 113283 111908 110893 110594 111920 114616 117736 121166 124892 128193 128599 125695 120585 113923 106286 100002 96940.6 96559.2 95145.5 92825.9 91495.5
140000 140000 140000 140000 140000 140000 140000 140000 8405.1 5896.76 6008.16 6579.85 7127.77 7736.9 8196.88 10267.9 10585.1 7784.98 5487.82 5344.36 7342.1 19789.4 123266 140000 140000 140000 140000 140000 140000 140000 140000 140000 140000 140000 140000 140000 140000 140000 140000 138821 135165 131449 127744 124149 120716 117612 114970 112900 111478 110458 110097 111275 113841 116925 120363 124094 127370 127722 124722 119482 112658 104769 98002.5 94116.7 93194.5 91556.9 89305.1 88115.8
140000 140000 140000 140000 140000 140000 140000 131316 8907.4 6122.1 6269.36 6932.48 7532.31 8181.65 8657 10670 10729.2 7490.07 5348.05 5254.9 7328.42 21185 124161 140000 140000 140000 140000 140000 140000 140000 140000 140000 140000 140000 140000 140000 140000 140000 140000 139606 135901 132093 128240 124431 120726 117343 114453 112209 110711 109697 109303 110287 112627 115618 119042 122763 125999 126274 123128 117675 110565 102220 94635 89503.5 87739.7 85829.9 83652.6 82578.6
140000 140000 140000 140000 140000 140000 140000 45723.5 10502.6 6859.49 7107.58 7990.5 8728.04 9326.33 9695.88 11805.8 11844.5 7726.53 5353.63 5290.49 7801.09 24072.5 125124 140000 140000 140000 140000 140000 140000 140000 140000 140000 140000 140000 140000 140000 140000 140000 140000 140000 136514 132592 128575 124540 120551 116875 113718 111280 109692 108740 108370 109092 110985 113674 116964 120578 123706 123872 120547 114827 107324 98246.7 89204.3 81769.2 78341.1 76080.2 74053.1 72986.9
140000 140000 140000 140000 140000 140000 140000 48323.8 12769.6 7654.16 7990.76 9005.51 9853.44 10315.6 10588 12845.7 12945.1 8392.29 5530.59 5532.86 8473.11 26550.9 126713 140000 140000 140000 140000 140000 140000 140000 140000 140000 140000 140000 140000 140000 140000 140000 140000 140000 137042 132928 128683 124382 120090 116123 112714 110102 108440 107610 107412 108019 109533 111858 114931 118374 121362 121466 118082 112270 104613 95150.6 85168 76100.8 71401.9 69008.2 67078.5 65897.2
140000 140000 140000 140000 140000 140000 140000 53497.9 14963.1 8264.12 8595.77 9641.3 10512 10870 11140.7 13612.4 13981.5 9617.02 5731.16 5825.58 8831.1 27149.5 129123 140000 140000 140000 140000 140000 140000 140000 140000 140000 140000 140000 140000 140000 140000 140000 140000 140000 137743 133377 128862 124277 119699 115476 111865 109129 107428 106708 106723 107380 108709 110756 113596 116847 119692 119806 116522 110846 103356 94081.6 84307.1 75772.1 71527.4 69250.2 67279.2 66010.8
140000 140000 140000 140000 140000 140000 140000 60444.8 15827.9 8256.08 8591.86 9688.53 10609.9 10983.6 11401.4 14241.4 14955.6 10084 5854.48 6023.5 8705.46 26574.2 131760 140000 140000 140000 140000 140000 140000 140000 140000 140000 140000 140000 140000 140000 140000 140000 140000 140000 138057 133425 128647 123816 119028 114654 110947 108179 106489 105791 105908 106586 107813 109665 112287 115339 118043 118226 115167 109823 102750 94009.4 84919.3 77491 74163.4 72095.6 70116.1 68858.9
140000 140000 140000 140000 140000 140000 140000 68415.4 15315.8 7578.06 8123.64 9419.41 10378.8 10755.7 11333.3 14672.3 15793.5 8815.69 5510.57 5733.73 8593.85 25313.3 134272 140000 140000 140000 140000 140000 140000 140000 140000 140000 140000 140000 140000 140000 140000 140000 140000 140000 135568 130667 125663 120676 115848 111566 108010 105423 103897 103308 103471 104140 105281 106950 109322 112117 114632 114929 112291 107663 101460 93661.5 85536 79076.8 76183.2 74233.8 72284.6 71101.5
140000 140000 140000 140000 140000 140000 140000 74835.2 41821.3 7380.08 8472.2 10021.6 10788.2 11198.6 11776.9 15166.6 16460.3 16069.8 5166.79 5549.51 9008.3 23456.7 134604 140000 140000 140000 140000 140000 140000 140000 140000 140000 140000 140000 140000 140000 140000 140000 138291 133378 128323 123193 118077 113145 108615 104829 101805 99709.3 98559.1 98208.3 98513.1 99252.5 100379 101933 104094 106634 108966 109472 107554 103950 98976.2 92572.6 85844.9 80480.7 77791.4 75706.5 73791.2 72710.6
140000 140000 140000 140000 140000 140000 140000 79115.1 51304.4 8178.66 9663.38 10665.7 11053.8 11682.4 12176.2 15445.4 16485.3 15666.7 5267.34 5779.39 9123.07 20647.8 132913 140000 140000 140000 140000 140000 140000 140000 140000 140000 140000 140000 140000 140000 136125 131152 125910 120526 115137 109900 104982 100609 97039.2 94403.6 92419.5 91180.9 90659.3 90739.8 91372.7 92369.1 93654.2 95250.9 97359.8 99796.5 102059 102909 101799 99277.2 95679.3 91022.7 86024.7 81800.4 79134.1 76834.2 74941.4 73977.6
140000 140000 140000 140000 140000 140000 140000 81218.1 57146.7 7555.51 8885.58 9488.74 9399.77 10615.3 11436.6 14903.8 15486.9 7043.19 4565.04 5213.44 8318.17 16702.8 38364.5 140000 140000 140000 140000 140000 140000 140000 140000 140000 139802 134726 129678 124447 118826 112691 106111 99428.3 93176.8 88238.2 84924.8 82858.2 81747.9 81196.9 80834.2 80817.2 81180.6 81923.9 83141.1 84670.2 86393.1 88311.4 90665.8 93271.3 95709.1 97041.5 96727.3 95238.5 93020.2 90051 86638.1 83354.8 80567.9 78039.7 76158.2 75334.8
140000 140000 140000 140000 140000 140000 140000 82056.3 59907.8 7985.66 8887.61 8995.01 8693.24 9693.28 11205.9 14491 14281.9 5376.2 4201.56 4873.64 7557.74 13396.8 28298.9 134511 140000 140000 140000 140000 140000 137964 131470 125299 119106 112632 105263 95251.3 53709.9 50515 49622.8 50105.3 51813.3 54633.5 57896.8 60859.3 63477.2 65668.6 67319.9 68809.4 70336.7 72070.9 74356.2 77025.3 79738.1 82447.8 85486 88571.7 91350.9 93238.6 93757.7 93289.1 92265.4 90697.8 88505.3 85743.6 82734.3 79916.2 77962.3 77261.8
140000 140000 140000 140000 140000 140000 140000 81509.5 59645.7 8060.13 8646.69 8617.43 8278.42 9265.23 11410.7 14306.9 13311.4 4898.5 3989.13 4585.51 6922.71 10236.3 19092.3 33241 127749 130396 131720 129032 122568 114530 105109 29774.8 27642.8 27011.2 27381.5 28378.6 29570.3 30570.3 31243.3 31696.6 32236.9 33251.2 35058.1 38266.1 43893.1 49244.8 53180.4 56437.4 59416.4 62558 66612.1 71438.2 76062.2 80150.9 84086.1 87631.1 90689.9 92962.1 94169.6 94520.7 94213.1 93387.1 91792 89225.8 85969.2 82917.5 80896.2 80329.5
