Code/MW_50/1000/MW_50_1000_200/2.9_50_1000_moho_undulation.grd
DSAA
181 201
-5400000.0 5400000.0
-6000000.0 6000000.0
-132227.44838069502 -0.0
[rows 87 to 115 of 201, columns 64 to 127 of 181]
-114043 -115728 -117480 -119288 -121186 -122889 -124075 -125281 -126565 -127983 -128709 -128276 -127252 -126181 -124884 -123335 -121578 -119362 -117475 -114525 -112591 -112548 -114043 -116541 -119982 -122667 -123745 -124164 -125127 -125784 -125088 -122539 -119058 -115992 -113366 -111317 -110250 -110780 -112343 -113566 -113753 -112965 -112295 -111837 -110782 -109467 -107625 -106595 -106747 -107262 -107030 -106543 -106693 -107349 -108242 -109238 -110443 -111624 -112959 -111685 -110653 -109868 -108441 -108145
-114989 -116978 -118951 -120769 -122319 -123299 -124145 -124605 -125941 -128337 -130040 -130026 -128570 -126766 -125053 -123293 -120950 -118642 -115039 -111376 -109908 -110734 -112851 -115291 -118629 -121284 -122376 -123071 -124235 -126281 -125907 -124607 -121844 -118494 -115046 -112157 -110367 -109908 -110483 -111442 -111967 -111727 -111381 -110933 -110112 -108659 -107036 -106515 -106475 -106576 -105954 -106989 -105373 -105546 -106184 -108148 -107436 -109286 -110931 -110171 -109494 -108630 -107259 -105398
-114856 -117122 -119658 -121841 -123196 -123402 -123329 -122517 -122934 -126182 -129609 -130931 -129923 -127829 -125922 -124401 -122267 -119488 -115222 -111281 -110073 -111287 -113313 -115170 -117230 -119019 -119942 -120884 -122591 -125699 -124920 -124899 -123140 -120026 -116743 -115005 -112460 -111484 -110653 -110268 -110213 -110307 -110469 -110324 -109660 -108525 -107715 -106691 -105962 -107501 -105034 -102652 -99858.6 -99150 -100580 -102991 -105401 -106822 -107556 -108186 -108649 -105882 -106883 -104752
-114189 -116758 -119860 -122426 -123863 -123638 -121798 -118747 -117639 -122578 -128577 -131680 -131222 -128983 -127051 -126027 -124588 -121706 -117791 -114208 -112937 -113806 -115053 -115841 -116230 -116695 -117552 -118733 -120588 -123550 -123094 -123533 -122299 -119683 -117127 -116730 -114899 -113918 -112014 -110008 -109161 -109437 -110319 -110901 -110489 -109288 -107524 -105960 -107204 -105872 -101409 -96111 -92544.1 -92347.3 -95446.5 -99919.1 -103476 -105395 -106612 -108818 -108387 -108716 -108082 -107343
-113884 -116660 -119847 -122393 -123661 -123678 -121023 -115745 -114960 -118054 -126253 -132227 -132207 -129781 -127767 -127075 -126342 -124022 -121334 -118191 -116897 -116948 -117087 -116841 -116145 -115769 -116550 -118425 -119965 -120469 -122469 -121863 -119741 -119440 -118515 -116553 -116634 -115820 -113397 -110399 -108458 -108234 -109332 -110302 -109771 -107613 -106735 -105857 -104393 -101050 -95908.4 -91128.6 -89674.5 -92549.3 -97565.2 -100596 -104345 -107554 -110406 -112599 -113638 -112711 -110999 -109566
-113998 -116503 -119289 -121388 -123099 -124114 -120709 -116801 -116850 -118266 -124924 -131379 -131971 -129401 -127476 -126991 -126787 -125522 -123715 -121560 -120364 -119506 -118768 -118034 -117385 -116998 -117354 -119930 -119713 -122547 -121087 -119780 -119128 -118617 -116719 -117283 -117399 -116684 -114189 -110467 -107113 -105643 -106296 -108508 -108649 -107219 -104287 -102284 -100352 -96898.4 -92428.3 -90086.7 -92609.1 -95491.7 -101593 -106742 -110320 -116190 -114875 -115880 -115458 -112626 -110062 -108339
-113675 -115873 -118314 -120706 -122442 -124017 -122048 -118834 -118604 -120795 -125311 -129814 -129736 -127482 -125757 -125501 -125888 -125857 -124916 -124128 -123118 -122359 -120382 -119757 -119438 -119120 -121255 -119362 -121165 -118662 -116495 -117944 -117445 -116776 -114363 -114407 -115747 -115607 -113522 -109724 -107070 -107089 -107472 -107991 -107230 -105192 -103335 -102059 -100158 -96526.9 -92706.3 -92381.7 -93050.9 -99894.2 -108398 -112078 -113732 -117160 -112995 -114388 -113067 -110472 -107949 -106477
-112826 -114719 -117261 -119769 -121944 -123586 -124040 -122826 -122232 -123323 -124775 -126454 -126388 -124491 -122941 -122742 -123458 -124334 -124756 -126061 -124392 -123262 -122880 -122062 -121555 -122742 -120727 -123478 -119138 -120187 -116496 -115841 -117273 -115902 -114314 -114742 -114802 -115565 -115105 -112761 -109571 -107999 -105419 -106323 -104687 -104047 -103857 -103136 -104317 -99704.6 -95626.3 -95336.4 -99531.9 -105583 -109892 -111652 -112721 -110541 -112110 -112951 -111883 -108897 -107353 -106215
-111636 -113636 -116221 -118819 -120845 -122700 -123846 -124003 -123556 -122875 -123296 -123925 -123305 -121379 -119859 -119773 -120769 -122212 -123789 -124756 -125161 -124246 -124339 -124028 -123031 -123669 -121604 -121175 -117935 -117222 -117127 -117655 -117328 -115192 -112640 -110502 -111164 -111270 -109034 -108143 -106998 -106706 -107682 -109496 -109042 -110537 -111698 -111658 -109075 -103728 -99326.7 -98131.5 -100579 -104828 -106525 -105677 -107187 -109958 -111315 -112397 -110297 -109137 -106682 -106225
-110508 -112433 -114867 -117201 -119203 -121188 -122799 -123283 -122915 -122627 -122461 -121965 -120502 -118480 -117261 -117491 -118745 -120443 -122280 -123784 -124537 -123920 -123165 -122922 -122652 -121998 -121776 -119980 -117910 -117113 -118065 -116719 -115410 -113563 -111923 -110984 -112808 -111591 -108428 -108579 -108766 -109237 -111057 -112540 -112914 -112615 -113203 -114142 -110956 -105816 -102431 -101585 -100723 -101680 -104953 -107251 -108619 -110020 -111166 -111089 -108547 -107006 -105156 -105613
-108598 -110393 -112758 -115212 -117512 -119411 -121035 -121965 -122206 -122108 -121349 -119941 -117900 -116067 -115501 -116257 -117544 -119103 -120748 -122066 -122567 -122142 -121312 -120610 -120574 -120563 -120591 -119317 -118063 -116331 -115729 -114902 -113368 -111536 -110415 -109823 -109973 -109521 -107499 -107581 -108570 -110099 -111097 -111029 -111103 -112361 -112954 -111635 -109125 -108598 -105211 -105045 -102195 -103774 -106703 -108819 -109337 -109340 -108572 -106691 -105990 -105033 -103776 -105208
-105372 -107184 -109667 -112808 -115743 -117982 -119709 -120969 -121423 -121096 -119846 -117995 -116089 -114352 -114269 -115354 -116641 -117893 -119093 -119911 -119929 -119270 -118714 -118324 -118470 -118878 -118702 -118023 -116779 -115378 -114347 -113232 -111577 -110060 -109334 -109068 -108347 -107621 -107093 -107054 -107760 -109025 -109702 -108946 -108729 -110127 -110785 -110369 -109493 -108272 -106426 -105373 -104779 -105735 -107715 -108494 -108061 -107515 -106753 -105463 -105282 -103451 -103297 -105063
-101264 -103066 -105906 -109854 -113432 -115963 -118108 -119879 -120714 -120115 -118472 -116775 -115092 -113426 -112444 -112896 -115484 -116896 -117418 -117605 -117106 -116370 -116173 -116470 -116912 -117410 -117012 -116098 -114693 -113244 -111741 -110098 -108256 -106929 -106311 -106902 -106887 -106455 -105817 -105611 -105875 -106493 -106726 -106864 -106081 -109747 -111035 -111937 -111125 -106839 -106832 -106675 -106413 -107120 -108315 -108201 -106895 -105940 -105433 -104683 -104794 -104122 -103772 -104718
-98018.3 -99286.4 -102095 -106277 -110120 -113019 -115623 -118033 -119319 -118862 -117284 -116220 -115113 -112760 -109276 -109382 -112845 -115886 -116288 -115917 -115076 -114383 -114395 -115081 -115723 -115736 -115312 -113914 -111980 -110100 -108588 -107249 -105878 -104731 -104332 -104629 -105013 -104769 -103968 -103247 -102881 -102593 -102013 -101817 -103534 -103377 -106567 -107581 -106894 -106242 -106546 -107014 -107375 -108159 -108770 -108103 -107189 -104727 -103822 -103361 -102736 -102369 -102385 -102739
-96947 -97663.4 -99625.1 -103317 -106830 -109757 -112580 -115116 -116584 -116559 -115651 -115495 -115549 -113032 -110116 -109988 -111136 -114813 -115366 -114719 -113921 -113407 -113502 -113971 -114234 -113857 -112812 -111194 -109409 -107882 -106869 -106325 -105804 -105045 -104242 -103970 -104034 -103656 -102606 -101341 -100202 -99018.2 -97293.9 -96927.1 -98994.7 -101203 -105504 -107713 -107466 -106997 -107093 -107345 -107672 -107849 -107934 -106964 -105100 -103067 -101851 -101434 -101067 -101186 -100240 -100644
-97466.6 -97930.1 -99229.3 -102294 -104317 -106577 -109788 -111340 -112550 -113072 -113198 -114158 -115456 -114981 -111579 -110298 -111812 -114486 -114274 -113627 -112935 -112702 -112892 -113056 -112780 -111885 -110704 -109302 -107969 -106760 -106128 -106370 -107006 -107218 -106245 -104931 -104088 -103300 -102098 -100414 -98753.8 -96907.7 -94756.2 -94041.6 -95183 -98609.4 -103416 -106406 -107796 -107652 -107534 -107515 -107355 -107057 -106470 -105305 -103387 -101423 -100242 -100059 -100014 -100054 -99111.1 -99302.1
-98397.9 -99204.4 -100116 -102667 -104137 -105500 -107887 -108097 -108930 -109706 -110647 -112420 -114433 -114925 -114040 -113369 -113177 -113279 -112992 -112512 -112017 -111842 -112088 -112069 -111579 -110565 -109455 -108303 -106925 -105253 -104421 -105218 -107167 -108800 -108495 -106486 -104567 -103271 -101670 -99686 -97858.1 -95901.1 -93488.6 -92109 -92321.9 -95701.6 -100101 -104049 -106613 -107253 -107051 -106886 -106571 -105989 -105003 -103629 -101804 -100283 -99328.6 -99089 -99125.5 -99029.4 -98367.5 -98664.3
-98577 -99493 -101076 -103043 -104936 -106474 -107223 -107276 -106899 -107088 -108318 -110454 -112845 -114161 -114383 -113671 -112712 -112392 -112242 -111950 -111505 -111296 -111333 -111378 -110890 -109931 -109042 -108043 -106181 -103396 -101577 -102621 -105599 -108652 -109508 -107561 -105038 -102883 -100730 -98357.5 -96371.3 -94604.6 -92674.2 -91191.4 -90769 -93214.4 -97588.2 -101313 -104575 -106112 -105574 -105292 -104911 -104233 -103201 -101939 -100485 -99437.5 -98769.9 -98312.1 -98116.8 -97978 -97943.3 -98042.8
-97459.6 -99131.9 -100978 -102846 -105165 -106624 -107835 -107517 -106069 -105449 -106502 -108817 -111271 -112432 -112665 -112387 -112243 -112374 -112525 -112081 -111626 -111335 -111424 -111430 -110795 -109999 -109336 -108336 -106195 -102594 -99856.3 -100415 -103630 -107475 -108952 -107544 -104831 -102216 -99546.5 -96871.5 -94637.8 -93021.6 -91745.4 -90473.4 -90145.6 -91985 -95739.3 -99264.7 -102492 -104113 -103957 -103509 -102826 -101911 -100947 -100016 -99249.3 -98816.6 -98420.5 -97925.7 -97423.8 -97255.3 -97105.8 -97164.9
-95720.4 -97606.4 -99637.1 -102184 -105331 -107091 -109067 -108600 -106468 -105110 -105746 -108025 -110171 -110925 -110939 -111177 -111902 -112834 -113311 -112734 -111827 -111229 -111350 -111663 -111137 -110358 -109869 -109228 -107227 -103776 -100920 -100746 -103173 -106261 -107322 -106133 -104009 -101626 -98898.4 -96131.5 -93724.2 -92008 -90990.2 -90073.8 -89951.5 -91151.1 -93870.3 -97227.7 -99919.7 -101776 -102387 -102009 -101231 -100106 -99168.5 -98545.1 -98338.6 -98371.6 -98222 -97719 -97004.9 -96483.5 -96031.4 -95687.4
-93767.6 -95502.7 -98273.9 -102034 -105825 -108073 -110546 -109881 -107567 -106025 -106106 -107892 -108888 -109103 -109398 -109964 -111255 -113059 -113761 -112907 -111139 -110142 -110231 -111133 -111084 -110385 -110087 -109959 -108813 -106380 -104061 -103441 -104321 -105368 -105569 -104674 -103274 -101327 -98959.9 -96402.2 -94004.3 -92034.1 -90845.6 -89908 -89552 -89954.9 -91440.2 -93919.6 -96650.9 -98879.8 -100349 -100624 -99889.2 -98815.6 -97913.8 -97491.1 -97519.7 -97720.1 -97679.3 -96987.6 -96108.3 -95399.6 -94800 -94326.8
-92599.4 -93860.3 -96908.2 -101528 -105903 -109068 -110956 -110442 -108403 -107068 -107014 -107056 -107125 -107007 -107192 -108356 -110509 -112616 -113549 -112498 -109695 -106921 -106504 -108696 -110534 -110017 -109828 -110221 -110078 -108820 -107254 -106374 -106003 -105502 -104680 -103721 -102528 -100977 -99118.9 -97092.9 -94930.8 -92849.7 -91165.4 -89775.6 -88949.4 -88752.3 -89429.8 -91183 -93806.4 -96481.7 -98364.1 -99208.6 -98953 -97556.4 -96691.2 -96098.2 -96326.3 -96654.5 -96550.9 -95848.9 -94932.1 -94211 -93720.1 -93458.8
-92907.4 -93593.3 -96036.1 -100560 -105012 -108431 -110117 -109728 -108124 -106747 -105893 -105233 -104971 -105182 -105990 -107559 -109792 -111882 -112830 -111732 -106942 -102439 -101924 -104400 -108942 -109754 -109509 -110302 -110786 -110179 -109027 -107976 -106900 -105644 -104215 -103051 -101975 -100661 -99223.1 -97595.2 -95711.9 -93595.5 -91431.4 -89457 -88182.5 -87769.2 -88344.5 -89971.5 -92450.2 -95133.4 -97019.6 -97712.5 -97252.5 -96320.2 -95448.3 -95065.3 -95176.8 -95458.3 -95383.2 -94795.9 -94014.4 -93450.3 -93180.7 -93186.8
-94676.8 -94756.2 -96298.6 -99382 -103337 -106091 -107093 -106290 -105021 -104199 -103673 -103168 -103124 -103836 -105207 -107100 -109176 -110920 -111595 -110917 -105806 -100646 -100887 -103167 -108159 -109637 -109255 -110091 -110801 -110375 -109303 -108126 -106823 -105203 -103423 -101976 -100965 -100064 -99034.7 -97625.6 -95775.7 -93613.8 -91206.4 -88972.9 -87511.8 -87158.1 -87920.9 -89565.7 -91820.8 -94256.9 -96070.2 -96855.6 -96616.6 -95738.4 -94778.2 -94347.3 -94315.1 -94363.3 -94241.4 -93815.8 -93296.6 -92964.1 -92873 -93003.7
-97297.2 -96892.6 -97386.7 -99031.9 -101624 -103507 -104078 -103335 -102327 -101953 -102011 -102001 -102178 -103039 -104540 -106430 -108289 -109566 -109850 -109315 -106468 -102399 -102568 -106045 -108411 -109227 -108740 -109484 -110249 -109868 -108810 -107537 -106058 -104146 -99782.8 -100108 -99719.5 -99102.8 -98350.8 -96921.5 -95006.9 -92961 -90796.3 -88831.5 -87602.3 -87501.7 -88396.2 -89850.6 -91628.2 -93674 -95401.3 -96523.3 -96606.6 -95879.2 -94955.8 -94117.5 -93492.4 -93135.8 -92858.5 -92641.1 -92533.6 -92491.3 -92539.6 -92734.9
-99689.4 -99232.3 -98991.7 -99337.7 -100562 -101716 -102154 -101754 -101234 -101297 -101780 -102127 -102317 -102857 -103947 -105417 -107089 -108250 -108378 -107921 -107849 -105537 -106435 -107617 -107618 -107749 -107852 -108807 -109568 -109252 -108260 -106817 -105200 -103158 -97701.6 -99533.3 -98892.8 -98363.6 -97586.5 -96025.2 -94028.8 -92272.9 -90648 -89332.9 -88660.4 -88951.7 -89950.6 -91065.4 -92253.7 -93835.7 -95590.7 -96626.2 -96942.8 -96407.8 -95337.1 -94062 -92882 -92049.2 -91593.2 -91578.1 -91828.4 -92061.3 -92250.2 -92478
-101336 -100929 -100489 -100056 -100128 -100753 -101024 -101129 -101353 -101840 -102497 -102908 -102968 -103007 -103441 -104358 -105632 -106772 -107160 -106814 -106326 -106642 -106428 -105946 -105721 -106058 -106962 -108275 -109030 -108806 -107743 -106264 -104618 -102904 -100586 -100174 -99278.4 -98486.4 -97354.6 -95546.7 -93491.4 -91762.4 -90555.8 -89803.4 -89729.7 -90490.9 -91672.3 -92619.4 -93423.9 -94602 -96037.5 -97198.8 -97389.6 -96941.2 -95826.8 -94391 -92940.4 -91775.5 -91161.1 -91162.1 -91438.7 -91716.4 -91954.8 -92130.4
-100375 -102034 -101662 -101037 -100428 -100290 -100469 -101017 -101814 -102391 -102898 -103214 -103061 -102790 -102748 -103156 -104002 -105086 -105954 -106198 -105946 -105456 -104678 -104266 -104376 -104939 -106222 -107589 -108239 -108101 -107235 -105855 -104406 -103205 -102308 -101466 -100558 -99420.6 -97688.7 -95369.5 -93028.5 -91154.6 -89975.1 -89530.9 -89959.3 -91210.1 -92650.7 -93669.5 -94371.4 -95297.4 -96276.4 -97557.9 -97789.1 -97298.1 -96217.2 -94857.2 -93461.6 -92296.1 -91651.8 -91492 -91491.5 -91504 -91605.4 -91736.1
-100374 -102356 -102195 -101530 -100110 -100231 -100238 -100842 -101477 -101776 -101997 -102048 -101798 -101406 -101346 -101671 -102391 -103506 -104794 -105634 -105679 -105184 -104454 -104157 -104452 -104908 -105685 -106397 -106891 -107009 -106447 -105396 -104305 -103571 -103061 -102458 -101591 -100048 -97812.1 -95090.9 -92450.1 -90374.4 -89154.2 -88929.7 -89743.9 -91343.8 -93018.2 -94158.5 -94829.1 -95127.9 -96286.3 -97470 -97815.1 -97126.3 -96090.9 -94859.6 -93770.4 -92944.1 -92474.1 -92204.6 -91901 -91615.2 -91563.1 -91680.6
