Code/MW_50/1000/MW_50_1000_200/2.9_50_1000_moho_undulation.grd
DSAA
181 201
-5400000.0 5400000.0
-6000000.0 6000000.0
-132227.44838069502 -0.0
[rows 145 to 173 of 201, columns 64 to 127 of 181]
-88137.3 -88741.2 -89593.2 -90753.1 -92192 -93787.1 -95381.7 -96602.4 -97720.8 -99017 -100409 -102305 -104363 -106415 -107952 -109060 -110084 -110370 -110554 -110213 -109272 -107574 -104976 -102248 -99951.8 -98073 -96824.5 -95927.6 -95053 -94333.7 -93865.5 -93606.3 -93326.8 -92621.3 -91239.6 -89537.8 -88284.9 -88280.3 -89814.4 -92422.6 -94303.1 -97635.2 -98810.9 -100267 -101520 -101722 -101900 -101989 -101345 -100303 -99907.7 -99917.1 -100068 -99902.5 -99435.1 -98823.2 -98174.8 -97409.1 -96377 -95082.8 -93753.5 -92642.2 -91902 -91435.1
-87646.3 -88170.1 -88895.3 -89889.7 -91147.7 -92549.1 -93934.6 -95314.6 -96661.5 -97784.4 -98974.2 -100499 -102289 -104241 -106038 -107287 -108033 -108230 -108299 -107931 -106804 -104974 -102578 -100213 -98304.3 -97063.3 -96382.2 -95745.1 -95053.1 -94371.5 -93828.1 -93445.3 -92941 -91919.3 -90316 -88521.8 -87315.9 -87388.8 -88987.5 -91838.8 -94716.8 -98190.2 -99221.8 -101114 -102215 -102127 -101490 -101059 -99626 -98566.7 -98199.4 -98331.2 -98472.2 -98288.6 -97773.2 -97170.5 -96707.9 -96332.8 -95757.9 -94796.7 -93624.7 -92521.8 -91710.4 -91078.6
-87177.4 -87614.9 -88220.5 -89054.6 -90112.9 -91316.6 -92573 -93813.8 -95026 -96208.9 -97332.8 -98489.8 -99851.9 -101426 -103091 -104632 -105169 -105377 -105344 -105040 -104124 -102362 -100533 -98658 -97259.2 -96461.9 -96014.3 -95611.8 -95072.1 -94453.7 -93901.2 -93427.3 -92836.5 -91863.9 -90460.8 -88954.8 -87974.2 -88110.3 -89606.3 -92290.9 -95474.4 -98420.2 -99967.4 -101182 -102224 -101525 -100177 -98506 -96926.3 -95929.5 -95738.9 -96083 -96383.1 -96293.4 -95907.4 -95493.5 -95270.6 -95202.5 -94982.1 -94322 -93308.6 -92275.9 -91406.9 -90667.1
-86650.2 -87049.3 -87557.1 -88255.5 -89157.9 -90220.9 -91376.1 -92553.5 -93694.5 -94714.3 -95607.9 -96444.1 -97376.8 -98477.4 -99693.4 -100843 -101759 -102275 -102251 -101657 -100618 -99283.3 -97883 -96689 -95944.1 -95663.9 -95579.4 -95396.5 -94992 -94467.4 -93957.4 -93501.2 -92994.8 -92326.4 -91423.5 -90470 -89883.1 -90064.2 -91287 -93315.2 -95785.1 -98259.8 -100021 -100210 -100174 -98831.9 -96923.9 -94899.1 -93245.6 -92408.8 -92476 -93106.1 -93761.4 -94094.3 -94132.1 -94103.2 -94122 -94235.2 -94182 -93685.3 -92816.5 -91826 -90925.5 -90131.6
-86103.3 -86494.2 -86952.1 -87564.8 -88381.3 -89376.8 -90486.6 -91618.3 -92675.5 -93569.4 -94279.1 -94870.7 -95459.1 -96115.5 -96872.6 -97605.8 -98215.9 -98598.5 -98614.2 -98206.1 -97474.4 -96586.8 -95749.2 -95152.9 -94902.4 -94936.6 -95036.8 -94988.9 -94716.2 -94304.9 -93871.6 -93484.1 -93141.5 -92818.9 -92444.8 -92069.6 -91895.6 -92098.2 -92834.3 -94054.2 -95571.8 -97050.6 -97937.9 -97639.4 -96627 -94664.3 -92355.4 -90207.2 -88664.6 -88034.9 -88369 -89386 -90633.2 -91740.1 -92480.2 -92973.7 -93380.3 -93648.9 -93611.3 -93105.1 -92222.9 -91198 -90246.9 -89429.5
-85712.1 -86118.5 -86524.2 -87036.3 -87762.6 -88698.8 -89771.5 -90856.5 -91822.8 -92611 -93216.7 -93678.5 -94067.7 -94451.7 -94913.9 -95324.3 -95687 -95979.7 -96043.3 -95811.8 -95317.6 -94712.6 -94210.5 -93953.8 -93966.8 -94150.6 -94331 -94359 -94176.6 -93854.9 -93491.6 -93148.4 -92884 -92738 -92703 -92723.2 -92781.6 -92920.2 -93192.6 -93649.4 -94225 -94674.2 -94639.6 -93819.1 -92162.7 -89907 -87476.9 -85384.1 -83977.6 -83466.4 -83971.2 -85316.4 -87171 -89181.2 -90780.7 -91976.6 -92893.3 -93380.8 -93351.1 -92767.6 -91774.4 -90623 -89558.1 -88655.7
-85520 -85919 -86229.5 -86597.4 -87190.8 -88036.2 -89036.8 -90050.1 -90918.7 -91616.3 -92169.5 -92607.8 -92968.3 -93271.9 -93504.9 -93732.8 -93996.5 -94216.3 -94318.3 -94232.1 -93944.9 -93570.5 -93270.8 -93151.8 -93245.7 -93451.6 -93604.9 -93608.3 -93452.3 -93186 -92860.4 -92542.4 -92318 -92257.6 -92367.1 -92551.6 -92652.3 -92568.9 -92363.8 -92162.9 -91978.6 -91673.5 -90981.5 -89679.5 -87799.7 -85551.7 -83250.1 -81316.5 -79988 -79492.7 -80018.7 -81566.5 -83811.4 -86329 -88832.4 -91033.5 -92431.2 -93164.6 -93216.2 -92583.1 -91468.7 -90175.2 -88992.1 -87971.9
-85463.9 -85844.4 -86046.3 -86232.8 -86649.4 -87363.5 -88255.9 -89179.4 -89982.2 -90616.7 -91135.8 -91595.8 -92002.5 -92312.9 -92523.3 -92692.2 -92879.5 -93090.4 -93260.2 -93275.1 -93098.3 -92833.4 -92636.2 -92605.7 -92727.1 -92880.9 -92924.1 -92809.6 -92574.5 -92273.2 -91955.8 -91666.3 -91467.6 -91424.6 -91542.2 -91715.8 -91760.9 -91537.4 -91040.6 -90360.3 -89576.2 -88657.7 -87490.8 -85984.4 -84152.7 -82151.4 -80197.4 -78471 -77139.5 -76512.7 -76876.3 -78388.8 -80895.4 -83933 -86980.5 -89688.2 -91701.6 -92797 -93052.6 -92469 -91321.9 -89895.8 -88514.1 -87391.5
-85487.7 -85826.4 -85906.2 -85932.6 -86183.3 -86749.3 -87528.7 -88357 -89079.2 -89661.3 -90166 -90650.3 -91104.6 -91465.5 -91709 -91894.6 -92103.6 -92359.1 -92596.9 -92692.1 -92600.3 -92416.7 -92288.5 -92292.7 -92387.3 -92443 -92331.8 -92036.1 -91627.3 -91204.8 -90842.3 -90567 -90399.3 -90355.8 -90418 -90481.4 -90373.5 -89957.1 -89212 -88228 -87119 -85946.5 -84690.1 -83294.3 -81775.6 -80204.5 -78644.1 -77141.1 -75803.6 -74955 -75006.2 -76250.8 -78632.8 -81775.7 -85138.2 -88245.4 -90644.8 -92061.3 -92516.3 -92051.5 -90951.5 -89515 -88085.9 -86906.1
-85460.1 -85784.1 -85813.5 -85756.3 -85891.5 -86347.7 -87043.7 -87795.7 -88456.5 -88998 -89469.8 -89927.7 -90360.5 -90707.4 -90945 -91134.6 -91360.1 -91640.7 -91917.6 -92068.1 -92038.4 -91916.2 -91857.7 -91912.7 -92012.9 -92022.8 -91798.2 -91327.2 -90729.5 -90154.2 -89694.7 -89385.7 -89223.8 -89176.9 -89185.4 -89134.4 -88895.1 -88356.5 -87478.9 -86363.2 -85142.5 -83930.4 -82781.1 -81669.9 -80556.1 -79403.3 -78182 -76872 -75534.8 -74468.5 -74159.7 -75045.3 -77131.7 -80086 -83406.6 -86549.9 -89040.3 -90619.6 -91216.7 -90883.2 -89910.1 -88603.9 -87291 -86197.2
-85370 -85693.5 -85727.8 -85665.7 -85769.1 -86168.8 -86798.9 -87490.5 -88102.5 -88594.4 -89021.3 -89429.1 -89801.6 -90089.5 -90281.6 -90439.5 -90646 -90921.8 -91196.1 -91354 -91352.9 -91272.2 -91252.2 -91343.7 -91483.7 -91506.2 -91245.6 -90676.8 -89930.3 -89212.3 -88655.7 -88292.9 -88092.8 -87998.5 -87935.2 -87791.4 -87439.3 -86795.5 -85862.4 -84728.8 -83530.3 -82401.6 -81450.2 -80705.9 -80044.7 -79271.8 -78274 -77051.5 -75636.2 -74357.5 -73715.8 -74195.2 -75915 -78548.3 -81635.1 -84613.8 -87023.9 -88603.5 -89262.7 -89081.1 -88315.3 -87232.2 -86110.5 -85164.9
-85194.3 -85542.6 -85633.8 -85627.1 -85755 -86135.8 -86714.1 -87354 -87932.3 -88403.4 -88795.4 -89142.5 -89430.9 -89628.7 -89740.2 -89833.3 -89985 -90208.9 -90434.9 -90552.5 -90526.7 -90445.6 -90441.9 -90576.4 -90774.8 -90855.6 -90656 -90124.9 -89373.6 -88600.3 -87951.7 -87477.2 -87160.7 -86955.8 -86778.1 -86524.4 -86090.5 -85415.6 -84499.8 -83425.8 -82335.7 -81380.2 -80669.6 -80209.3 -79862.2 -79409.9 -78638.3 -77443.9 -75939.5 -74464.9 -73530.5 -73619.4 -74843.7 -77014.3 -79682.9 -82296 -84506.3 -85997.8 -86666 -86586 -86010.8 -85221.5 -84441.2 -83793.6
-84905.4 -85246.9 -85406.4 -85495.9 -85693.4 -86090.6 -86624.4 -87207.8 -87755.7 -88213.1 -88591.2 -88909.7 -89153.5 -89300.3 -89348 -89373.7 -89451.9 -89586.1 -89715 -89746.7 -89659.1 -89541.6 -89522.1 -89669.7 -89919.4 -90090.2 -90036.1 -89686 -89090.4 -88406.2 -87771.5 -87217.8 -86752.5 -86384.2 -86034.9 -85633.9 -85112 -84424 -83568.1 -82615.5 -81693.8 -80947.9 -80479 -80264.5 -80134.4 -79837.9 -79121.8 -77864 -76224.4 -74547.9 -73305.5 -72985 -73695.8 -75349.8 -77571 -79719.1 -81675.4 -83066.9 -83790.8 -83887.9 -83553.4 -83072.8 -82591.2 -82150
-84554 -84860 -85063.1 -85250.7 -85522.2 -85928.2 -86419.7 -86941.9 -87445.2 -87871.3 -88227.9 -88531.2 -88754.6 -88879.4 -88916 -88922.4 -88950.9 -88997.1 -89017.2 -88959.6 -88824.1 -88692.9 -88678.5 -88837.6 -89111.2 -89364.2 -89458.7 -89288.9 -88880.5 -88355.4 -87802.6 -87267.8 -86751.1 -86232.7 -85703.6 -85151.8 -84535.4 -83810.2 -82978.7 -82109.4 -81338.4 -80807.8 -80580.8 -80594.6 -80638.2 -80426.7 -79712.2 -78397.4 -76606.5 -74684 -73145.4 -72453.7 -72667.5 -73686.3 -75435.9 -77382.5 -79053.4 -80366.9 -81205.8 -81562.5 -81579 -81381.2 -81063.5 -80656.7
-84146.4 -84419.9 -84661.1 -84919.5 -85249.1 -85659.5 -86119.4 -86573.1 -86984.6 -87350.6 -87682.3 -87979 -88213.5 -88357.8 -88409.4 -88404.4 -88382.5 -88354 -88300.2 -88195.3 -88056.1 -87955.4 -87973 -88153.1 -88452.7 -88756.3 -88946.2 -88940.3 -88740.4 -88410.5 -88001.6 -87536.7 -87005.8 -86408 -85772.9 -85109.1 -84407.7 -83656.8 -82865.6 -82094.1 -81452.2 -81058.6 -80974.4 -81123 -81264.8 -81092.4 -80353.8 -78959.7 -77045.6 -74944.1 -73127.7 -72027.6 -71799.5 -72390.9 -73595.9 -75125.1 -76687.2 -78067 -79120.5 -79792.9 -80119.3 -80165.1 -79949.8 -79493.5
-83805.1 -84031.3 -84277.5 -84577.3 -84942 -85345.3 -85763.8 -86134.8 -86442.6 -86709.7 -86964.3 -87226.1 -87474.6 -87665 -87763.1 -87785.5 -87755.4 -87683.8 -87583.4 -87476.9 -87401.6 -87413.3 -87528.3 -87765.6 -88083.2 -88368.7 -88545.2 -88577.5 -88468.5 -88269.2 -88030.9 -87749.7 -87357.5 -86829 -86220 -85545.9 -84823.4 -84062.4 -83284.2 -82551.3 -81958.7 -81610.6 -81559.6 -81726.6 -81880.2 -81725.5 -81008.7 -79647.1 -77756 -75598.9 -73614 -72226.4 -71613.1 -71756.6 -72540.1 -73780.9 -75227.8 -76695.8 -77980.5 -78919.6 -79457.7 -79663.7 -79484.6 -78936.8
-83513 -83722.9 -83975 -84296.7 -84680.2 -85080.1 -85426.1 -85698.4 -85927.6 -86111.7 -86281.5 -86499.4 -86750.5 -86977.7 -87147.3 -87214.3 -87178.2 -87076.3 -86944 -86844.7 -86825 -86950.6 -87204.3 -87515 -87837.8 -88084.9 -88193.9 -88182.4 -88117.4 -88044.1 -87952.4 -87772.1 -87485.2 -87111.1 -86610.9 -85989.5 -85291.8 -84544.8 -83777.1 -83068.1 -82503 -82168 -82098.5 -82224.9 -82348.5 -82196.1 -81528.2 -80288 -78539.1 -76442 -74399.3 -72789.5 -71788.9 -71485.5 -71977.5 -73022.6 -74325.4 -75817.3 -77212.7 -78329.5 -79060.8 -79327.7 -79140.4 -78535.1
-83321.1 -83519.1 -83765.8 -84085.1 -84463.8 -84844.9 -85156.4 -85366.8 -85491.9 -85571.6 -85666.9 -85841.4 -86091.8 -86365.4 -86592.5 -86711.8 -86705 -86594.6 -86444.7 -86352.9 -86393.2 -86613.1 -86972 -87364.5 -87689.8 -87867 -87877.1 -87771.7 -87647.4 -87577.2 -87565.5 -87553.4 -87468.3 -87252.8 -86875.8 -86349.8 -85717.1 -85020.3 -84299.3 -83622.6 -83063.8 -82694.7 -82552.1 -82581.7 -82621.3 -82455.8 -81885.6 -80832.3 -79321.1 -77467.6 -75561.9 -73931.5 -72769.3 -72218.1 -72360.1 -73080.8 -74197.2 -75567.3 -76925.3 -78047.2 -78787.6 -79050.1 -78829.1 -78180.8
-83190 -83379 -83601.1 -83884.8 -84226.1 -84575.9 -84866.2 -85053.1 -85124.5 -85144.6 -85195 -85335.6 -85590.3 -85914.6 -86192.1 -86372.4 -86433.5 -86350.7 -86199.2 -86105.9 -86168.6 -86420.6 -86813.4 -87236.1 -87544.8 -87654.5 -87571.3 -87367.2 -87163.9 -87054.2 -87053.3 -87135.9 -87189.4 -87085.7 -86816.6 -86391.4 -85836.1 -85213.2 -84574.8 -83973.1 -83459.3 -83073.6 -82844.6 -82736.3 -82647.2 -82438.5 -81939 -81092.1 -79912.7 -78470.3 -76922.9 -75477 -74360.4 -73749.8 -73674.9 -74085.7 -74898.4 -75945.8 -77027.9 -77944.6 -78508.8 -78640.4 -78332.7 -77656.4
-83065.3 -83239.5 -83420.5 -83654.3 -83944.5 -84257.4 -84527.9 -84700.2 -84763.7 -84761.2 -84772.8 -84882 -85130.9 -85483.2 -85836.9 -86111.9 -86233.8 -86181.2 -86049.6 -85962.4 -86026 -86284.3 -86679.8 -87086.4 -87363.7 -87420.3 -87255.4 -86962.5 -86690.8 -86554.6 -86574.9 -86691.8 -86798.1 -86791.5 -86613.6 -86265.4 -85788.7 -85261.3 -84737.4 -84225.7 -83760.3 -83363.6 -83054.5 -82822.3 -82611 -82338.4 -81922.1 -81324.4 -80512.4 -79454.1 -78267.4 -77102.4 -76128.1 -75479.4 -75235.5 -75406.8 -75925.7 -76636.6 -77356.5 -77954.5 -78253.4 -78190.1 -77774.5 -77071.3
-82903 -83051.8 -83183.5 -83355.2 -83585.9 -83856.6 -84112.8 -84295.1 -84377.3 -84383.4 -84387.3 -84478.5 -84713.6 -85075.6 -85466.3 -85819.4 -86038.3 -86065.3 -85990.9 -85930.3 -85982.6 -86197.6 -86529.2 -86864.8 -87076.6 -87081.9 -86882.2 -86568.3 -86284.7 -86143.2 -86163.9 -86284 -86393.3 -86386.8 -86209.3 -85873.1 -85430.3 -84983.3 -84589 -84213.7 -83856.4 -83502.1 -83157.5 -82820.5 -82473.9 -82094.8 -81676.5 -81257 -80789 -80144.7 -79404.2 -78643 -77988.4 -77528.2 -77279.6 -77275.1 -77478.2 -77787.9 -78102.8 -78302 -78236.4 -77865.7 -77244.7 -76444
-82709.1 -82851.6 -82952.9 -83068.1 -83246.7 -83479.9 -83716.7 -83899.6 -83997.8 -84016.1 -84013.5 -84077.5 -84278.5 -84615.9 -85022.6 -85402.9 -85671.5 -85803.3 -85831.3 -85829.4 -85897.1 -86086.4 -86360.8 -86622.4 -86758.3 -86698.9 -86462.9 -86146.1 -85877.8 -85755 -85789.1 -85912.6 -86013 -85985.1 -85781.8 -85433.2 -85017.9 -84619.2 -84287.9 -84020.8 -83782.4 -83514.9 -83162.5 -82724.5 -82244.6 -81772.3 -81348.5 -80988.6 -80699.3 -80472.4 -80227.2 -79914.6 -79638.1 -79421.5 -79192.3 -79089 -79089.7 -79067.4 -78971.8 -78741.9 -78299.6 -77657.1 -76853.9 -75945.4
-82482.6 -82622.6 -82710.7 -82800 -82943.9 -83143.1 -83358.2 -83541.1 -83648 -83670 -83654 -83682.3 -83830 -84112.7 -84494.6 -84894.4 -85230.5 -85454.6 -85573.9 -85645.8 -85745.8 -85912.7 -86118 -86284.6 -86336.4 -86233.2 -85991.3 -85695.8 -85467.2 -85384.7 -85442 -85563.7 -85639.3 -85574.5 -85333.9 -84958 -84542.1 -84184.7 -83935.6 -83774.2 -83627.8 -83405.1 -83040.4 -82531.3 -81936 -81350 -80879.9 -80592.9 -80500.7 -80556.6 -80662.8 -80746.4 -80842.1 -80899.9 -80855.2 -80764.6 -80613.7 -80345.4 -79938.1 -79348.6 -78531.7 -77572.5 -76530.6 -75466
-82227.1 -82396 -82513.6 -82615.7 -82747.4 -82923 -83104.6 -83269.3 -83364.5 -83373.4 -83337.3 -83321.8 -83398.9 -83605.1 -83942.4 -84320.6 -84671.6 -84948.8 -85150 -85314.3 -85469.1 -85643.9 -85822 -85920.1 -85900.4 -85760 -85506.5 -85226.8 -85031.6 -84979.8 -85058.1 -85187.2 -85256.2 -85173.4 -84911.1 -84518.5 -84098.6 -83752.2 -83523.6 -83388.5 -83263.9 -83042.9 -82643 -82062.6 -81383.8 -80721.4 -80204.2 -79934.5 -79950.1 -80190.8 -80569.2 -80984.5 -81355.9 -81633.7 -81791.9 -81803.7 -81617.5 -81200.1 -80555.2 -79677.9 -78617 -77436.8 -76207.8 -74992.3
-81972.2 -82183.8 -82338.6 -82461.2 -82589 -82737.2 -82894.3 -83020.7 -83086.4 -83082.3 -83029.6 -82984.4 -83014.6 -83159.4 -83412.3 -83737.5 -84086.4 -84408.6 -84684.7 -84924.4 -85142.3 -85340.2 -85493.7 -85557.6 -85495.3 -85306.6 -85034.5 -84767.3 -84599.5 -84575.8 -84671.3 -84804 -84868.2 -84777.6 -84505.5 -84100.8 -83668.2 -83309.3 -83069.1 -82922.4 -82782.1 -82536.5 -82098.2 -81455.5 -80695.9 -79963.1 -79407.5 -79143.5 -79218.6 -79600.9 -80196.4 -80883.3 -81541 -82065.1 -82397.1 -82481.1 -82276 -81762.2 -80938 -79826.9 -78526 -77130.3 -75734.5 -74413.6
-81660.9 -81930.5 -82142.3 -82300.9 -82434.6 -82554.6 -82678.3 -82750.1 -82776 -82764.5 -82718.6 -82682.9 -82712.1 -82836.6 -83033.1 -83297.8 -83616.3 -83928.2 -84215.9 -84492.1 -84754.8 -84982.6 -85149.8 -85217.8 -85148.5 -84950.5 -84676.1 -84411 -84242.9 -84215.2 -84300.2 -84422.1 -84486.3 -84403.8 -84143 -83740.6 -83285.7 -82868.2 -82535.6 -82281 -82034.1 -81692.3 -81176.5 -80479 -79691.8 -78952.5 -78399.8 -78143.3 -78236.1 -78654.3 -79320 -80112.6 -80871.2 -81483.2 -81921.4 -82090.6 -81925.1 -81396.4 -80503.4 -79297.7 -77895.3 -76407.6 -74943.8 -73584.8
-81365.5 -81659.3 -81912.3 -82111.7 -82257.2 -82360 -82428.3 -82461.1 -82458.9 -82432.1 -82394.8 -82381.6 -82422.6 -82533.1 -82713.8 -82948.9 -83216.3 -83498.9 -83787 -84080.2 -84369.6 -84627.4 -84813.9 -84887.6 -84823.8 -84632.8 -84366.5 -84108.3 -83939.7 -83900 -83968.2 -84073.6 -84123.9 -84040.7 -83788 -83389.3 -82920 -82461 -82050.9 -81678.1 -81290.5 -80817.6 -80204.4 -79456.1 -78655.6 -77923.7 -77391.7 -77159.7 -77271.8 -77708.4 -78399.2 -79233.6 -80071.2 -80795.8 -81311.2 -81526.4 -81380.1 -80847.9 -79928 -78675.2 -77216.8 -75672.5 -74157 -72759.5
-81058.6 -81354.4 -81623.3 -81837.1 -81982.2 -82066.2 -82101 -82094.1 -82064.6 -82043.8 -82043.5 -82085.7 -82185 -82341.4 -82545.3 -82774.3 -83010.3 -83248.9 -83495.2 -83759.9 -84036.6 -84296.1 -84498.7 -84604.1 -84584.7 -84442.8 -84217.8 -83981.2 -83810.5 -83745.4 -83767.7 -83818.8 -83824.3 -83715.8 -83453.5 -83044.7 -82545.8 -82022.7 -81497.2 -80961.7 -80402.7 -79784.3 -79086.6 -78323.1 -77556.2 -76891 -76438.1 -76267.8 -76397 -76806.3 -77441.2 -78214 -78995 -79682.6 -80197.3 -80432 -80316.8 -79830.3 -78955.4 -77741.5 -76315.8 -74801 -73315.6 -71950.3
-80781 -81074.3 -81350.1 -81571.3 -81712.7 -81774.7 -81775.3 -81741.8 -81702.9 -81687.6 -81721.1 -81819.6 -81978.2 -82183 -82405.6 -82624.1 -82833.5 -83038.3 -83253.4 -83487 -83743.6 -84005.4 -84228.7 -84368.6 -84392 -84294.9 -84108.5 -83892.5 -83715.3 -83605.9 -83563.2 -83557.7 -83520.1 -83384.7 -83105.5 -82676.2 -82131.1 -81517.7 -80859.1 -80178.4 -79493.2 -78777.5 -78027.4 -77269.8 -76565.8 -75992.8 -75631 -75518.8 -75651.4 -76027.8 -76595.6 -77286.2 -78001.6 -78648.9 -79137.3 -79381.7 -79309 -78877.5 -78078.5 -76938.1 -75570.8 -74105.2 -72655.8 -71319.1
