Code/MW_50/1000/MW_50_1000_200/2.9_50_1000_moho_undulation.grd
DSAA
181 201
-5400000.0 5400000.0
-6000000.0 6000000.0
-132227.44838069502 -0.0
[rows 58 to 86 of 201, columns 64 to 127 of 181]
-110670 -110091 -109884 -109944 -109941 -109347 -109402 -109400 -109443 -109283 -109450 -109596 -108775 -109453 -108907 -109180 -109580 -109612 -109517 -109396 -109378 -109660 -110282 -111180 -112265 -113574 -114929 -116356 -117647 -118451 -118442 -118588 -118472 -119004 -118504 -117397 -115923 -114827 -114433 -114622 -115088 -115481 -115836 -116065 -116144 -115859 -115162 -114149 -113600 -113635 -113954 -114027 -113886 -113367 -112473 -111495 -110605 -111083 -109812 -109355 -108444 -107999 -107485 -106944
-110570 -110517 -111138 -110871 -110329 -109926 -110081 -109812 -109568 -109682 -109705 -109561 -109908 -110088 -109729 -109838 -110007 -110136 -110259 -110212 -110270 -110603 -111459 -112834 -114349 -115558 -116641 -117608 -118472 -118927 -120539 -120847 -121352 -121443 -120668 -119413 -117758 -116451 -115989 -116135 -116403 -116792 -117026 -116983 -117274 -116938 -116346 -115543 -114579 -114386 -114494 -114443 -114654 -113740 -113520 -112256 -111234 -111036 -109884 -109386 -109143 -108964 -108802 -107960
-110703 -111422 -111652 -111219 -111188 -110503 -110348 -109683 -109138 -109796 -110286 -110359 -110823 -110675 -110193 -110475 -110293 -110319 -110915 -110988 -111106 -111586 -112727 -114349 -115323 -116787 -117537 -119096 -120227 -120686 -121732 -123093 -123823 -123600 -122850 -121703 -120070 -118264 -117482 -117425 -117295 -118199 -118567 -118560 -118855 -118643 -117903 -117006 -115736 -115321 -115113 -115225 -114917 -114100 -113726 -112485 -112322 -111227 -110523 -109985 -109472 -109810 -109563 -108893
-111244 -111704 -111683 -111244 -111568 -111108 -110322 -109488 -109271 -110231 -111142 -111274 -111274 -111053 -110692 -110644 -110562 -110635 -111444 -111686 -111906 -112715 -113711 -115439 -116250 -117569 -118671 -120036 -121047 -122059 -122593 -123912 -124811 -125054 -124576 -123596 -121713 -119722 -118546 -118304 -118073 -118980 -119565 -120230 -120306 -120120 -119217 -118064 -116927 -116238 -115802 -115556 -115010 -114271 -113525 -112754 -113009 -111911 -111173 -110127 -109676 -109784 -109857 -109733
-111016 -111630 -111578 -111210 -111400 -110698 -110406 -109822 -109981 -110891 -111904 -111830 -111783 -111836 -111434 -110851 -110865 -111331 -111959 -112449 -112860 -113794 -115000 -115794 -116944 -118593 -120040 -120103 -120495 -122104 -122942 -123910 -124439 -125388 -125243 -124132 -121915 -120155 -119089 -118851 -118697 -118900 -119605 -120955 -121113 -120940 -120118 -118966 -117896 -117051 -116489 -115832 -115194 -114455 -113559 -112946 -112772 -112239 -111124 -109985 -109793 -109949 -110320 -110288
-110774 -111822 -110844 -111070 -111275 -110946 -110671 -110314 -110590 -111590 -112454 -112757 -112869 -112373 -111708 -111062 -111240 -111932 -112768 -113520 -114151 -115161 -116003 -117183 -117881 -119238 -119722 -119917 -119920 -120823 -121594 -122503 -123503 -124530 -124272 -122578 -121246 -120198 -119483 -119165 -118497 -118377 -118748 -119967 -120808 -120747 -120362 -119571 -118680 -117743 -117011 -116164 -115360 -114604 -114059 -113433 -112936 -111618 -110714 -109359 -109035 -109804 -110046 -109938
-110117 -109830 -110587 -111084 -112192 -111415 -111022 -110910 -110832 -111460 -112666 -113559 -113664 -112909 -111929 -111454 -111988 -112792 -113789 -114849 -115385 -116751 -116515 -117067 -118543 -119345 -118599 -118309 -118776 -119206 -119856 -120188 -120663 -121169 -121394 -121243 -120201 -119641 -119237 -118582 -117890 -117391 -117575 -118116 -118905 -119625 -120284 -120257 -119517 -118513 -117318 -116290 -115401 -115006 -114337 -113324 -112418 -111371 -110288 -109682 -109608 -109372 -109748 -109885
-110406 -110968 -111129 -111471 -111645 -111891 -111812 -111640 -111798 -112577 -113425 -113623 -113251 -112527 -111823 -111991 -112695 -113570 -112699 -116068 -116942 -117868 -118619 -119448 -119930 -119762 -117208 -117471 -117669 -117596 -118484 -118005 -118121 -119383 -119025 -119396 -119899 -119907 -118620 -117592 -116605 -115824 -116236 -116812 -117779 -118837 -120110 -120549 -120324 -119076 -117456 -116076 -115018 -114623 -114555 -113476 -111934 -110871 -109921 -109433 -109454 -109338 -109579 -109170
-111455 -111601 -111607 -111678 -112039 -112511 -112331 -112461 -112500 -113337 -112460 -114176 -112996 -112126 -111987 -112477 -113268 -113724 -114653 -116973 -118273 -119400 -120442 -121085 -120493 -119803 -118168 -118037 -118095 -117505 -117258 -116907 -116736 -117099 -116817 -118190 -118986 -118855 -117785 -116733 -115788 -115232 -115327 -115825 -116926 -118266 -119634 -120645 -121008 -119759 -117915 -116995 -115780 -114717 -114131 -113279 -112134 -110982 -110401 -109410 -109299 -109093 -109033 -108762
-111525 -111533 -111436 -112285 -112146 -112644 -112682 -112617 -112867 -113256 -113250 -113688 -112926 -112294 -112253 -112783 -113443 -114563 -116069 -117559 -119338 -120722 -121365 -121546 -121364 -120321 -118962 -118390 -118118 -116748 -115498 -115595 -115125 -116466 -116814 -117887 -118639 -118227 -117151 -116074 -115316 -114594 -114625 -114533 -115301 -116828 -118799 -120284 -120812 -120358 -118672 -117199 -115857 -115002 -114165 -113354 -112509 -111496 -110677 -109801 -109484 -109424 -109416 -108776
-111156 -111085 -110862 -111213 -111547 -112165 -112529 -112197 -112901 -113480 -114026 -114015 -113461 -112815 -112655 -113093 -114325 -115730 -117423 -119247 -119852 -121592 -121910 -121871 -122045 -120391 -119609 -119466 -118357 -115864 -114298 -114022 -114265 -115627 -116439 -116683 -117509 -116588 -116348 -115334 -114778 -113964 -113637 -113561 -114265 -115735 -117832 -119570 -120405 -120334 -119173 -117747 -116437 -115232 -114171 -113430 -112805 -112138 -111400 -110664 -110252 -110243 -110229 -109750
-110696 -110605 -110347 -110249 -110645 -111341 -111458 -112244 -112732 -113558 -114451 -114283 -114213 -113683 -113504 -114018 -115350 -115770 -118600 -120117 -120885 -121982 -122199 -122103 -122182 -121500 -121059 -120552 -118781 -116385 -114480 -113587 -113646 -114888 -115600 -115443 -116113 -115785 -115414 -114561 -113536 -112994 -112725 -113075 -113544 -115557 -117673 -118881 -119733 -120124 -119366 -118025 -116885 -115621 -114424 -113619 -113114 -112679 -112177 -111652 -111315 -111311 -111285 -110825
-110390 -110225 -109967 -109750 -109983 -110496 -111036 -111534 -112266 -113337 -114532 -114279 -114830 -114431 -114117 -114952 -116487 -117095 -119743 -120330 -122057 -122344 -122895 -122876 -122350 -122539 -122154 -121358 -119628 -117088 -115310 -114252 -113618 -114355 -114579 -114509 -114609 -114560 -113794 -112951 -112220 -111891 -111684 -112213 -113019 -114957 -117300 -119967 -119703 -119616 -119017 -117976 -117131 -116261 -114954 -114649 -114052 -113455 -112871 -112471 -112207 -112264 -112153 -111214
-110182 -109899 -109584 -109511 -109834 -110253 -110662 -111089 -111917 -112977 -114126 -114546 -114892 -114497 -114246 -115176 -116947 -118890 -120668 -121154 -122657 -123097 -122998 -122839 -122629 -122595 -122352 -121579 -119873 -117608 -116073 -115109 -114281 -114031 -113588 -113460 -113353 -112910 -112137 -111342 -110828 -110715 -110700 -111427 -112645 -114459 -116105 -118929 -118886 -118741 -118008 -117195 -116957 -116926 -116278 -116550 -115306 -113943 -113234 -112887 -112864 -112778 -112121 -110854
-109914 -109413 -109133 -109416 -110335 -111050 -111098 -111196 -111448 -112254 -113260 -114155 -114335 -113952 -113947 -114836 -117128 -119617 -121160 -121804 -122749 -122826 -123083 -123021 -122408 -122632 -122485 -121784 -120061 -118130 -116620 -115696 -114589 -113517 -112829 -112525 -112260 -111678 -110909 -110185 -109715 -109647 -109825 -110638 -111934 -113781 -115572 -117042 -117500 -117293 -116804 -116304 -116518 -116747 -117234 -116482 -115383 -113722 -113159 -112961 -112775 -112540 -111687 -110254
-109713 -108985 -108783 -109475 -110895 -111771 -112112 -111891 -111470 -111540 -112255 -113188 -113745 -113545 -113485 -114502 -116920 -119134 -121274 -122536 -123086 -123011 -122902 -122626 -123272 -123403 -123833 -122750 -120674 -118450 -116925 -115649 -114283 -113057 -112312 -111895 -111418 -110722 -110090 -109481 -109053 -108915 -109048 -109653 -111005 -112782 -114397 -115367 -115828 -115708 -115306 -115003 -115309 -115639 -116214 -115563 -114505 -112889 -112398 -112320 -112223 -112070 -111290 -109920
-109716 -109054 -108915 -109810 -111318 -112596 -113092 -112671 -111803 -111174 -111500 -112646 -113555 -113788 -113799 -114737 -117112 -119115 -121743 -123450 -123600 -123190 -122139 -122617 -123681 -124173 -124902 -124088 -121238 -118669 -116937 -115456 -113930 -112666 -111834 -111244 -110595 -109817 -109273 -108919 -108662 -108448 -108437 -108924 -109989 -111015 -112546 -113268 -113573 -113780 -113509 -113614 -113738 -114178 -114924 -114474 -113329 -111900 -111223 -111010 -111266 -111322 -110774 -109947
-109874 -109620 -109578 -110392 -111907 -113331 -113947 -113680 -112752 -111527 -111307 -112389 -113817 -114659 -114976 -115802 -117808 -119662 -122542 -123668 -123509 -122728 -121878 -122581 -123439 -124194 -124806 -124383 -121279 -118635 -116845 -115330 -113714 -112257 -111222 -110461 -109747 -109030 -108602 -108447 -108338 -108100 -107982 -108358 -108801 -109481 -110199 -110735 -111022 -111610 -112187 -112551 -112924 -113438 -113434 -112815 -111804 -110714 -109956 -109627 -109755 -109827 -109643 -109670
-110055 -110225 -110405 -111102 -112431 -113884 -115027 -115153 -114072 -112464 -111511 -112135 -113848 -115354 -116235 -117275 -119040 -120945 -122950 -123342 -122696 -122138 -121545 -122257 -123004 -123912 -124017 -122940 -120223 -118118 -116626 -115447 -113628 -111972 -110656 -109790 -109007 -108398 -108236 -108251 -108083 -107756 -107441 -107474 -107677 -107984 -108030 -108290 -108834 -109954 -111126 -112219 -112934 -112937 -112317 -111314 -110376 -109613 -108994 -108617 -108512 -108792 -109167 -109197
-110124 -110725 -111198 -111811 -113020 -114517 -115999 -116499 -115897 -113876 -111932 -111837 -113488 -115469 -117076 -118548 -120249 -122013 -122643 -123352 -122056 -122108 -121503 -121522 -121809 -122123 -121870 -120640 -118892 -117449 -116410 -115663 -113707 -111891 -110385 -109328 -108648 -108305 -108448 -108439 -108083 -107488 -106962 -106692 -106617 -106726 -106695 -106900 -107484 -108938 -110517 -112136 -113153 -112908 -111674 -110263 -109435 -109066 -108710 -108413 -108460 -109176 -109253 -109375
-110382 -111343 -112002 -112529 -113417 -114779 -116227 -117002 -116488 -114777 -112431 -111824 -113308 -115578 -117631 -119267 -120888 -122538 -123255 -123401 -122456 -122659 -121313 -120779 -120278 -119992 -119714 -119197 -118313 -117340 -116359 -115232 -113630 -111801 -110184 -109067 -108580 -108701 -109144 -109182 -108615 -107670 -106889 -106546 -106386 -106296 -106347 -106463 -106962 -108363 -109804 -111791 -112877 -112707 -111236 -109826 -109100 -108964 -108918 -108871 -108944 -109285 -109954 -109887
-110791 -111956 -112710 -113076 -113557 -114492 -115561 -116186 -115874 -114528 -112897 -112427 -113772 -116054 -118176 -119719 -121054 -122729 -124003 -123822 -122878 -122909 -120919 -120487 -119852 -119330 -119118 -119132 -118717 -117831 -116502 -115080 -113456 -111794 -110177 -109255 -109145 -109749 -110422 -110415 -109601 -108313 -107358 -107005 -106730 -106597 -106376 -106126 -106352 -107518 -109019 -110865 -112345 -112212 -111067 -109906 -109328 -109227 -109328 -109274 -109568 -109786 -110339 -110210
-110883 -112084 -112976 -113353 -113525 -113909 -114385 -114715 -114654 -114095 -113450 -113454 -114753 -116933 -118918 -120126 -121230 -122931 -124382 -124379 -123714 -122797 -121254 -120909 -120443 -119791 -119709 -119802 -119435 -118325 -116684 -115143 -113799 -112446 -111130 -110363 -110534 -111321 -111915 -111646 -110596 -109108 -108025 -107475 -107136 -106702 -106078 -105418 -105351 -106353 -108314 -110262 -111651 -111641 -110786 -110097 -109559 -109515 -109507 -109666 -109837 -110292 -110841 -110557
-110570 -111731 -112796 -113574 -113821 -113926 -113929 -113935 -114048 -114154 -114248 -114665 -115932 -117914 -119808 -121002 -122077 -123583 -124615 -124644 -124548 -123022 -121893 -121627 -121299 -120696 -120439 -120393 -119950 -118643 -117061 -115774 -114929 -114097 -113201 -112556 -112489 -112831 -112868 -112329 -111168 -109875 -108643 -107779 -107174 -106558 -105742 -104882 -104601 -105613 -107565 -109551 -110782 -110571 -110064 -109868 -109753 -109971 -110197 -110366 -110774 -111025 -111251 -110862
-110468 -111437 -112861 -114267 -114944 -115026 -114796 -114628 -114788 -115212 -115692 -116308 -117532 -119360 -121188 -122503 -123535 -124709 -124976 -125800 -124456 -122964 -122129 -121984 -121825 -121260 -120857 -120676 -119991 -118795 -117458 -116526 -116126 -115959 -115533 -114998 -114432 -114068 -113232 -112269 -111527 -110594 -109309 -107922 -106945 -106390 -105625 -104822 -104348 -105208 -106974 -108611 -109644 -109814 -109694 -109880 -110060 -110733 -110842 -110309 -111564 -112170 -112252 -111566
-110835 -111615 -113337 -115339 -116616 -116933 -116653 -116447 -116612 -117200 -117812 -118658 -119921 -121530 -123143 -124271 -125221 -125519 -125028 -125730 -123819 -122040 -121478 -121665 -121888 -121732 -121298 -120871 -120137 -118969 -117666 -116706 -116468 -116680 -116889 -116700 -116035 -114802 -113391 -112468 -111939 -111257 -109760 -107878 -106634 -106120 -105550 -104856 -104362 -104857 -106289 -107778 -108839 -109301 -109896 -110608 -111032 -111418 -111646 -111994 -112513 -112445 -112258 -111752
-111370 -112004 -113851 -116233 -118111 -118846 -118867 -118807 -119025 -119599 -120305 -121232 -122543 -124007 -124996 -125506 -125954 -125343 -124416 -124007 -121996 -120421 -120080 -120874 -121774 -122256 -122184 -121632 -120830 -119762 -118190 -116595 -115712 -115766 -116419 -116901 -116626 -115677 -114451 -113533 -112836 -111761 -110056 -108144 -106893 -106205 -105682 -104960 -104507 -104851 -105913 -107217 -108171 -108883 -109759 -110428 -111126 -111614 -111337 -111346 -111406 -111152 -110475 -111310
-111740 -112648 -114511 -116908 -119035 -120364 -120993 -121247 -121675 -122375 -122996 -123654 -124634 -125545 -125813 -125539 -124814 -124036 -123141 -121457 -119370 -118052 -118378 -119855 -121677 -122925 -123210 -122762 -122396 -121607 -119827 -117320 -115140 -114367 -114714 -115244 -115445 -115444 -115258 -114823 -113949 -112560 -110869 -109414 -108402 -107608 -106600 -105655 -105347 -105573 -106351 -107058 -107764 -108426 -108971 -109714 -110619 -111338 -111557 -111128 -110888 -111125 -111571 -111850
-112636 -113960 -115688 -117924 -119941 -121780 -122990 -123754 -124666 -125612 -125997 -125981 -126016 -125988 -125437 -124393 -123438 -121484 -120433 -118515 -116212 -115371 -116245 -118423 -121106 -123143 -123821 -123954 -124224 -124139 -122582 -119551 -116398 -114325 -113254 -112671 -112617 -113359 -114398 -114935 -114531 -113177 -111879 -110650 -109883 -109208 -107609 -106534 -106356 -106801 -107099 -107018 -107309 -108035 -108742 -109541 -110835 -111868 -112877 -111613 -111347 -111014 -110912 -109933
