Code/MW_50/1000/MW_50_1000_200/2.9_50_1000_moho_undulation.grd
DSAA
181 201
-5400000.0 5400000.0
-6000000.0 6000000.0
-132227.44838069502 -0.0
[rows 87 to 115 of 201, columns 0 to 63 of 181]
-0 -2914.69 -11107.2 -23252.8 -37864.7 -53428.6 -68315.1 -80589.6 -88795.5 -91908.8 -91987.2 -91663.5 -91381.4 -91841.1 -93305.9 -95251.9 -97050 -98126.3 -98610.4 -99504.4 -101882 -103672 -105010 -105014 -105061 -104403 -104167 -104203 -103183 -101617 -99707.5 -97779.4 -97172.4 -98040.6 -99248.2 -99832 -99761.7 -99560 -99669.4 -100079 -100627 -101118 -101520 -102331 -102066 -101656 -101504 -101987 -102343 -102863 -103270 -103505 -105073 -104800 -105094 -105303 -105586 -106406 -107514 -108624 -109492 -110219 -111139 -112435
-0 -2872.5 -10870.1 -22752.6 -36973.6 -52084.5 -66709.7 -78976.3 -87183.7 -90263.6 -90316.8 -89811.9 -89106.6 -89176.2 -90644.9 -92734.6 -94426.8 -95198.4 -95576.9 -96750.9 -99203.5 -101955 -102935 -102708 -102701 -103392 -103107 -102459 -101447 -100067 -98314.6 -96890.4 -96415.4 -96972.1 -98016.8 -98703.6 -98831.4 -98618.9 -98600.3 -98983.9 -99554.2 -99426.4 -100541 -100783 -100772 -100356 -100227 -100696 -101294 -102500 -102890 -102956 -103325 -103903 -104222 -104425 -104945 -105704 -106653 -107683 -108763 -110097 -111614 -113195
-0 -2803.72 -10586.6 -22212.7 -36166 -51033.5 -65543.3 -77820.9 -86010.9 -89056.2 -89069.1 -88328.7 -87124.1 -86647.2 -87795.1 -89658.8 -91121 -91934.3 -92843.7 -94546.6 -96907.4 -99033.8 -99989.5 -99953.4 -99834.2 -99851.8 -100484 -100192 -100045 -98604.7 -97039.5 -95888.6 -95519.5 -95870.2 -96623.3 -97316.9 -97730.2 -97686.4 -97518.1 -97665.9 -98134.8 -98605 -98889.6 -99111.6 -99364.2 -99233.7 -99269 -99876.2 -100962 -102634 -102466 -102419 -102411 -102808 -103311 -103747 -104483 -105331 -106184 -106985 -108202 -109895 -111640 -113126
-0 -2736.7 -10377.9 -21852.6 -35726.7 -50524.7 -64881.1 -76889.7 -84872.9 -87844.4 -87853.6 -87008.4 -85525.6 -84686.2 -85412.5 -86860.4 -88118.2 -89304.3 -91033.4 -93254.4 -95252.7 -96333.6 -96244.1 -95333.8 -94456.7 -94551.4 -95903.1 -97593.2 -98399.4 -97552 -95985.1 -94838.4 -94633 -95121.3 -95751.1 -96293.8 -96711.9 -96781.6 -96565.6 -96488.7 -96772.6 -97225.1 -97521.1 -97486 -98015.1 -98334.4 -98807.3 -99782.6 -101211 -102645 -102256 -101810 -101708 -102212 -102965 -103641 -104390 -105404 -106251 -106940 -108047 -109671 -111212 -112527
-0 -2688.92 -10268.8 -21690.2 -35544.7 -50232.1 -64212.5 -75686.7 -83231.2 -86010.9 -86031 -85413.3 -84334.1 -83747.1 -84239.3 -85162.3 -86059.1 -87419.6 -89612.3 -92026.4 -93611.7 -93857.9 -92906.4 -91192.7 -89528.8 -89199.4 -90926.6 -93863 -96121.5 -96289.9 -95094.4 -94057.6 -93977.2 -94542.8 -95026 -95263.1 -95468 -95638.8 -95550.8 -95367.4 -95488 -95996.3 -96550.7 -96950.9 -97363.1 -97944.6 -98758.9 -99880.1 -100729 -101840 -101600 -100999 -100976 -101751 -102779 -103514 -104224 -105307 -106422 -107171 -108057 -109473 -110911 -112180
-0 -2646.93 -10178.1 -21553.2 -35328.1 -49814.7 -63374.3 -74399.2 -81567.3 -84040.7 -83932.3 -83690 -83508.9 -83676.7 -81704.9 -83815.5 -84754.7 -85809.9 -87844.7 -90062.2 -91400.7 -91475.3 -90536.5 -88922.7 -87161.2 -86371.4 -87466.4 -90109.8 -92837.4 -94090.5 -93942.8 -93426.8 -93344.7 -93632.7 -93730.5 -93588.2 -93669.9 -94119.5 -94416.4 -94362.3 -94456.8 -95079.6 -95918 -96581.7 -97159.1 -97937.9 -98888.1 -99823.8 -100458 -100552 -100459 -100012 -100151 -100918 -102069 -102822 -103617 -104793 -106251 -107357 -108116 -109329 -110827 -112258
-0 -2591.22 -10022.6 -21301.7 -34952.7 -49274.3 -62674.4 -73663.5 -80807.2 -83001.1 -82545.5 -82392.4 -82841.2 -83610.9 -82081.7 -83998.7 -83954.8 -84633.3 -86167.6 -87896.9 -89010.6 -89279 -89013.5 -88382.4 -87414.9 -86537.9 -86420.6 -87391.9 -89162 -90889.8 -91918.9 -92147.3 -91982.4 -91736 -91394.5 -91134.3 -91475.3 -92453.5 -93308.5 -93650.9 -93945.8 -94652.2 -95551.4 -96290.2 -96973.5 -97880.7 -98831.8 -99486.4 -99713 -99673.9 -99510.8 -99435.3 -99795.9 -100531 -101324 -102096 -102866 -104036 -105614 -106982 -107879 -109062 -110670 -112167
-0 -2522.51 -9810.23 -20962.5 -34507.7 -48748.4 -62155.3 -73336.4 -80696.3 -82836.1 -82074.8 -81676.2 -82068.8 -82799.3 -83232.2 -83395.3 -83723.7 -84501 -85654 -86781.5 -87435.4 -87621.8 -87814.5 -88149.7 -88264.3 -87804.6 -86896.4 -86154.3 -86231.6 -87375.6 -88812.8 -89576.8 -89454.9 -88878.4 -88387.9 -88442.9 -89334.6 -90819 -92202.3 -93178.2 -93967.8 -94687 -95351.8 -95877.8 -96500 -97337.5 -98084.2 -98410.3 -98300 -98123.4 -98378.4 -99105.9 -100094 -100594 -100878 -101266 -102043 -103400 -104947 -106035 -106936 -108419 -110095 -111551
-0 -2461.69 -9623.13 -20657.9 -34137.1 -48313 -61592.3 -72661.4 -80033.7 -82269.9 -81525.1 -80965 -81011.8 -81376.8 -81853 -82629.2 -83778.3 -85002 -86011.7 -86662.8 -86843.4 -86727.7 -86910 -87593.4 -88260.1 -88200.7 -87192.7 -85716.7 -84522.2 -84461.4 -85382.3 -86262.5 -86479.5 -86019.3 -85780.7 -86275.9 -87468.6 -89076.6 -90868.2 -92694.8 -94194.1 -94895.4 -94991.4 -95064.9 -95425.5 -95740.7 -95778.1 -95646.7 -95462.8 -95489.6 -96325.2 -98179.9 -99936.8 -100765 -100612 -100694 -101475 -103024 -104303 -105084 -105823 -107214 -108850 -110333
-0 -2428.04 -9505.02 -20448.9 -33875.5 -47985.7 -60973.1 -71545.7 -78470.1 -80619.1 -80139.1 -79706.6 -79709.8 -79939.5 -80507.2 -81735.4 -83414.2 -84904.6 -85879.1 -86396 -86497.3 -86353.5 -86503.6 -87097.2 -87612.8 -87505.4 -86695 -85379.9 -83771.3 -82647.5 -82660.6 -83354 -83942.1 -84114.6 -84292.6 -84920.1 -85821.7 -87150.1 -89357.6 -92245 -94472.9 -94877 -94017.6 -93437.5 -93300.4 -92617.8 -91534.2 -90998.2 -91204.8 -91845.5 -93167 -95508.8 -97968.1 -99210.6 -99537.6 -99680.4 -101011 -102445 -103532 -104183 -104698 -105669 -107173 -108819
-0 -2414.11 -9439.46 -20295.9 -33630.4 -47663.4 -60401.3 -70415.3 -76734 -78628.3 -78316.4 -78249.2 -78571 -78949.4 -79531.4 -80741 -82368.1 -83793.2 -84800.5 -85496 -85867.9 -86000.6 -86289.1 -86713.7 -86789.5 -86363.3 -85762.5 -84940.4 -83476.1 -81781.5 -81032.4 -81434 -82256.2 -83059.5 -83638.6 -84096.5 -84383.5 -85394.7 -88207.1 -92186 -94773.9 -94266.2 -92105.2 -90696.7 -89911.4 -88199.5 -86257.8 -85884.6 -87095.3 -88440.4 -89638.2 -91606.2 -94101.6 -95791.3 -96824.3 -98080.9 -99439 -100809 -101886 -103013 -103397 -103861 -104973 -106791
-0 -2409.63 -9398.92 -20152.2 -33330.9 -47207.2 -59773.4 -69506.6 -75602.2 -77471.4 -77283.1 -77581.9 -78229.4 -78727.6 -79132.3 -79979.7 -81234.7 -82469.8 -83531.4 -84450.6 -85108.9 -85503.9 -85908.8 -86172.1 -85870.6 -85177.7 -84672.1 -84215.6 -83078.4 -81335.8 -80242.7 -80391.8 -81318.7 -82380.1 -83156.9 -83369.5 -83247.6 -84342.9 -87891.5 -92447.1 -94400.1 -92575.4 -89075.1 -86929.5 -85707.8 -83571.8 -81831.5 -82430.2 -84641.9 -86106.9 -86464.3 -87469.9 -89765 -92039.4 -93878.7 -95502 -96711.9 -97466.6 -98789.1 -100668 -101433 -101651 -102354 -103668
-0 -2407.51 -9368.03 -20038.4 -33083 -46759 -59143.2 -68907.2 -75285.3 -77506.1 -77605.1 -78120.5 -78870 -79280 -79399.4 -79861.3 -80765.8 -81786.5 -82797.3 -83813.8 -84640.7 -85149.8 -85499.5 -85536.4 -84984.7 -84145.7 -83590.6 -83213.4 -82335.7 -80876.9 -79853.1 -79904.8 -80793.8 -81854.9 -82497.2 -82506.5 -82474.7 -84129.7 -88111.3 -92139.8 -92718.8 -89403.7 -85169.7 -82829.1 -81677.6 -79939.3 -79157.1 -80870 -83456.9 -84389.2 -83742.2 -84051.9 -86443.2 -89466.2 -91831.5 -93061.8 -93177 -93175.7 -94554.2 -97140.2 -98910.5 -99069.9 -99268.2 -100068
-0 -2405.4 -9353.53 -20027.1 -33099 -46697.4 -58914.3 -68685 -75291 -77824.3 -78227.7 -78971.1 -79783.2 -80106.3 -80072.4 -80326.8 -80935.7 -81629.6 -82456.7 -83520.4 -84517.5 -85087.1 -85248.9 -85006.6 -84306.4 -83438.9 -82822.2 -82366 -81594.3 -80459.7 -79681.8 -79784.5 -80609.1 -81473.5 -81791.4 -81679.5 -82096.4 -84354.1 -87986.1 -90496.2 -89458.4 -85459.7 -81421.3 -79473.3 -78711.8 -77723.6 -77767.1 -79882.3 -82220 -82610.3 -81752.2 -82313.2 -85118 -88427.6 -90611 -91070.2 -90135.2 -89429.7 -90819.7 -93659.3 -95810.5 -96368.9 -96607.2 -97257.3
-0 -2414.01 -9386.52 -20160.6 -33409.2 -47103.1 -59226.1 -68734 -74976.6 -77323.6 -77926.1 -79083.9 -80215.8 -80677.7 -80685.1 -80827 -81072.3 -81351.7 -82024.6 -83250.6 -84483.2 -85040.8 -84901.3 -84360.1 -83626.8 -82966.7 -82532.8 -82097.4 -81323.4 -80328.8 -79705.3 -79858.1 -80601.9 -81253.7 -81334.3 -81281.4 -82171.6 -84510.6 -87061.6 -87891.6 -85963.3 -82241.7 -78990.4 -77474.1 -76893.4 -76353.6 -76704.8 -78520.2 -80421.1 -81109 -81316.3 -82819.6 -85578.6 -88080.6 -89337.1 -89288.1 -88350.7 -87799.9 -89071.9 -91404.9 -93256.4 -94415.7 -95310.1 -96285.7
-0 -2433.47 -9476.16 -20380.2 -33762 -47552.8 -59687.7 -68897.6 -74525.4 -76466.8 -77283.9 -79003.5 -80519 -81059.3 -81017.7 -80928.2 -80756.1 -80725.6 -81465.3 -83020.2 -84456.4 -84861 -84334.3 -83490.3 -82800 -82493.3 -82401.9 -82046.3 -81219 -80293.7 -79803.8 -79964.4 -80541.7 -81003.6 -81156.9 -81424.7 -82555.3 -84319.3 -85541.1 -85270.5 -83441.8 -80542.2 -77894.3 -76317.2 -75629.3 -75317.9 -75686.9 -77065.5 -78847.9 -80509.1 -82294.8 -84525.2 -86398.8 -87275.4 -87407.3 -87617.4 -87921.6 -88450.9 -89866.9 -91301.9 -92582.7 -93655.7 -94942.4 -96393.8
-0 -2452.92 -9573.62 -20555 -33919.5 -47693.1 -59957.9 -69234.5 -74732.2 -76704 -77770.6 -79792.7 -81202.1 -81398.5 -81050.3 -80629.1 -80134.3 -80033.5 -81042.9 -82915.7 -84421.9 -84664.2 -83875.5 -82842.8 -82176.4 -82052 -82015.6 -81491.3 -80590.3 -79972.7 -79904 -80170 -80487.5 -80712.6 -81036.2 -81705.8 -82803.2 -83730.4 -83915.2 -83324.3 -82085 -79898.3 -77315.3 -75413.4 -74794.8 -74938.7 -75468.6 -76642.8 -78565.1 -80922.6 -83455.5 -85428 -86142.2 -85859.1 -85741.4 -86739.1 -88721.1 -90946.3 -92527.6 -93394 -93840.1 -94221.5 -95489.8 -97264.8
-0 -2465.36 -9620.2 -20612.2 -33893.7 -47618.1 -60125.9 -69886.6 -75886.7 -78249 -79387.9 -81009.1 -81721.5 -81368.7 -80742.9 -80137.9 -79544.2 -79564.2 -80800 -82713.2 -84092.4 -84284.9 -83552.3 -82580.3 -81936 -81711.5 -81338.7 -80416.5 -79514.1 -79493.7 -80122.5 -80591.7 -80601.5 -80512.7 -80830 -81658.2 -82566.7 -82936.2 -82758.1 -82387.5 -81590.1 -79715.9 -77083.4 -75205.4 -74990 -75647.6 -76393.6 -77544 -79528.8 -81874.5 -83745.9 -84735.5 -84799.7 -84565.3 -85261 -87431.8 -90754.9 -94021.9 -95885.2 -96197.8 -95943.3 -95690 -96402.8 -97662.4
-0 -2464.79 -9617.63 -20594 -33835 -47588.8 -60397 -70768.5 -77454.5 -80067.6 -80868.8 -81580.1 -81500.1 -80866.8 -80288.2 -79735.4 -79206.1 -79380.4 -80629.2 -82239.8 -83257.3 -83423.1 -82975.3 -82299.2 -81775.2 -81400.2 -80677.5 -79495.8 -78773.9 -79365.3 -80515.7 -81011.1 -80716.6 -80380.1 -80545.2 -81207.2 -81904 -82231.4 -82298.2 -82266.1 -81655.9 -79914.1 -77632 -76272.8 -76423.7 -77171.5 -77888.2 -79055.1 -80885.9 -82522 -83078.8 -83073.8 -83235.5 -84072.4 -86082.4 -89372.6 -93226.8 -96245.8 -97791.6 -97905.5 -97158.5 -96430.1 -96341.1 -96701.7
-0 -2467.01 -9622.59 -20592.9 -33868.6 -47764.6 -60867.5 -71671.5 -78751.5 -81330 -81553.5 -81505.6 -81021.9 -80493.8 -80138.6 -79639.6 -79149 -79401.3 -80505.7 -81641.9 -82193.8 -82313.7 -82207.1 -81922.7 -81593.8 -81186 -80359.1 -79259.8 -78878.1 -79781.8 -80867.8 -81026.4 -80542.6 -80195.1 -80224.4 -80569.5 -81096.9 -81684.7 -82158.7 -82266.9 -81672.4 -80341.3 -78918.2 -78246.3 -78382.8 -78704.5 -79180 -80334.2 -81784.9 -82369.2 -81794.1 -81246.7 -82043.8 -84360.3 -87521.7 -90990.3 -94313.8 -96517.1 -97380.2 -97077.5 -96047.2 -95258.7 -94867.2 -94810.6
-0 -2489.97 -9682.82 -20681.1 -34040.9 -48143.2 -61486.3 -72454.5 -79578.7 -82017.4 -81934.3 -81615.9 -81113.8 -80742.9 -80427.6 -79837 -79335.1 -79589.4 -80448.9 -81113.7 -81329.6 -81523 -81783.8 -81837.6 -81642.8 -81213.6 -80418.3 -79585 -79544.2 -80407.9 -80977.5 -80660.8 -80123.8 -79913.3 -79878.4 -79902.9 -80295.5 -81098.9 -81755.1 -81836.7 -81417.9 -80819.7 -80355.3 -80128.2 -79922.2 -79699.2 -79975 -80969.2 -81782.4 -81384 -80157.2 -79802.7 -81549.1 -84935 -88571 -91691.6 -94058.2 -95425.3 -95452 -94528.1 -93695 -93428.2 -93179 -93149
-0 -2530.66 -9811.53 -20897.2 -34352.7 -48599.5 -62057.3 -73011.9 -80061 -82461.5 -82393.5 -82127.7 -81659.7 -81209.3 -80765.9 -80201.9 -79864.5 -80099.7 -80572.4 -80740.8 -80743.9 -81090.6 -81635.5 -81880.2 -81747 -81291.1 -80558.9 -79970 -80153.6 -80856.9 -80999.5 -80432.7 -79891.5 -79652.5 -79416.2 -79205.9 -79538.7 -80389.7 -80998.6 -81099.4 -81081.7 -81239.6 -81402.6 -81231 -80627.6 -80086.5 -80226.4 -80879.5 -81085.6 -80285.9 -79318.3 -79737.7 -82257.8 -85855.6 -89228 -91729 -93278.7 -93889 -93682.2 -93139.4 -92880 -92991 -93007.8 -92650.3
-0 -2575.92 -9984.07 -21235.3 -34785.7 -49027.5 -62433 -73318.3 -80334.4 -82767.8 -82779.4 -82562.8 -82009.8 -81361.8 -80912.7 -80703.6 -80781.2 -81014.6 -81011.1 -80647.8 -80395.2 -80683.5 -81188.7 -81429.2 -81366.6 -81025.5 -80462.6 -80094.5 -80405.2 -81027.4 -81088.3 -80573.1 -80026.5 -79520.1 -78912.2 -78526.8 -78875.3 -79649.2 -80098.2 -80248.9 -80620.6 -81256.8 -81634.6 -81355.7 -80558.4 -79921.1 -79949.8 -80336.2 -80468.4 -80205.6 -80368.7 -81704.8 -84252.8 -87149.1 -89561.2 -91224.6 -92264.8 -92946.2 -93410 -93898.5 -94442.8 -94728.3 -94405.5 -93492.9
-0 -2605.45 -10145.1 -21612.1 -35291.3 -49480.9 -62749.8 -73559.4 -80569.8 -82991.5 -82975.6 -82739.2 -82137.2 -81428.7 -81110.9 -81302.7 -81734.4 -81931.8 -81581.4 -80905.2 -80435.6 -80417.2 -80583.8 -80673.9 -80675.2 -80496 -80110.9 -79942.1 -80369.9 -80995.7 -81130.4 -80760 -80166.4 -79346.8 -78382.2 -77854.4 -78129.2 -78653.4 -78801.6 -78865.6 -79384.3 -80210.9 -80736.9 -80606.5 -79947.6 -79342.2 -79393.6 -80021.1 -80730.3 -81674.9 -82964.1 -84603.6 -86343.6 -87897.2 -89084.3 -90107 -91142.6 -92339 -93802.3 -95383.1 -96661.6 -97178.5 -96731 -95573
-0 -2601.28 -10228.3 -21877.7 -35755.5 -50032.7 -63236 -73943.4 -80840.5 -83123 -83011.8 -82825.6 -82362.4 -81756.3 -81513.3 -81792.2 -82221.2 -82293.9 -81876.6 -81286.2 -80827.7 -80558.4 -80422.9 -80390.2 -80348.3 -80055.2 -79595.9 -79556.5 -80194.2 -80922.3 -81115.2 -80795.3 -80121.6 -79031.6 -77766.7 -76995.3 -76892.3 -76963.8 -76775.4 -76717.1 -77257.8 -78254.3 -79173.9 -79529.5 -79184.2 -78659.2 -78845.2 -80072.4 -81792.9 -83774.4 -85394.9 -86524.1 -87148 -87422.8 -87765.4 -88609.2 -90041.7 -91945.4 -94201.6 -96474.8 -98222.8 -99053.5 -98963.8 -98103.2
-0 -2576.32 -10186 -21896.4 -35997.9 -50544.3 -63804.2 -74365.4 -81012.7 -83095.2 -82954 -82893.8 -82623.1 -82134 -81860.2 -81974.8 -82161.6 -82066.2 -81742.6 -81422.4 -81142 -80850.2 -80660.2 -80596.3 -80353.5 -79672.2 -78992.3 -79107.5 -80061 -80957.4 -81162.5 -80818.2 -80102.6 -78879.1 -77301.3 -75979.6 -75211.6 -74862.2 -74648 -74790.7 -75590.9 -76869.4 -78182.6 -78888 -78640.1 -78117.8 -78511.8 -80241.8 -82682.3 -84818.9 -86151.9 -86644.6 -86601.8 -86449.3 -86665.7 -87633.2 -89485 -92037.6 -94509.3 -96285.4 -97414.5 -98703.6 -100182 -100255
-0 -2546.86 -10045.5 -21686 -35937.8 -50769.3 -64122.3 -74530.5 -80999.2 -83069.8 -83031.6 -83039.4 -82762.7 -82232.8 -81907.2 -81920.5 -81961 -81760.2 -81471.2 -81291 -81141.5 -80916.9 -80760.5 -80636.5 -80169.1 -79283.3 -78670 -79052.5 -80203.3 -81100.8 -81233 -80902 -80329 -79167.8 -77345.2 -75393.9 -74015.6 -73544.7 -73745.2 -74456.4 -75624.1 -77013 -78268.8 -78746.8 -78197.7 -77606.6 -78318.4 -80473.3 -82961.8 -84656.7 -85439.4 -85707.3 -85865.5 -86104 -86584.7 -87702.6 -89657.9 -91308 -91406.8 -92262.5 -93847 -96019.1 -97454.5 -99110.9
-0 -2524.66 -9906.8 -21438.3 -35713.8 -50639.1 -63983.4 -74302.4 -80881.3 -83244.8 -83404.8 -83379.4 -82873.9 -82131 -81754.2 -81823.8 -81922 -81719.5 -81378.5 -81165.6 -81035.7 -80821.4 -80575.1 -80274.7 -79785 -79248 -79163.2 -79810.3 -80752 -81251.5 -81174.1 -80946 -80674.4 -79791.4 -78053.6 -75937.4 -74336.1 -73953.5 -74567.4 -75641.2 -76769.2 -77791 -78433.2 -78254.4 -77353.3 -76920.7 -78095.1 -80543.4 -82832.7 -84032.8 -84438.2 -84894.8 -85670.8 -86501.2 -87202.8 -88281.5 -88817 -88282.3 -88770.2 -89472.9 -90245.2 -91884.5 -94468 -97513.6
-0 -2525.37 -9857.01 -21331.8 -35526.9 -50304.8 -63478.5 -73783.9 -80633.2 -83352.4 -83696.5 -83631.8 -82968.4 -82066.2 -81614.4 -81706.9 -81879.9 -81716.8 -81325.2 -81040.9 -80911.4 -80696.4 -80293.2 -79832.9 -79584.2 -79765.4 -80385.5 -81127.3 -81524.1 -81410.4 -81114 -81025.8 -81015.9 -80569.8 -79351.1 -77621.6 -76147 -75711.9 -76156.6 -76882.2 -77453.1 -77734.9 -77586.4 -76877.1 -76052.5 -76250.5 -78075.6 -80651.1 -82607.7 -83463.7 -83867.5 -84662.2 -85915 -86987 -87631.2 -88585.3 -87540.7 -86573.6 -87482.6 -87490.1 -85855.6 -87431.2 -91564.5 -95791
